1,2,16.01,148.76,74.71,190.85,0.8159,-1,-1,-1
1,1,118.00,157.54,79.99,171.14,0.8484,-1,-1,-1
2,2,18.04,145.03,73.99,194.99,0.8564,-1,-1,-1
2,1,118.11,154.66,82.44,174.86,0.8474,-1,-1,-1
3,2,22.26,136.42,73.95,204.85,0.8289,-1,-1,-1
3,1,125.28,153.66,64.39,177.55,0.7125,-1,-1,-1
4,3,252.54,192.53,25.43,68.47,0.4797,-1,-1,-1
4,2,27.42,144.10,72.49,199.24,0.8197,-1,-1,-1
4,1,129.74,154.35,81.52,179.30,0.8467,-1,-1,-1
5,3,263.99,199.81,22.89,63.72,0.5432,-1,-1,-1
5,2,35.18,139.76,73.38,208.32,0.8697,-1,-1,-1
5,1,135.54,157.37,85.27,180.08,0.8143,-1,-1,-1
6,5,251.01,197.54,22.10,66.49,0.4303,-1,-1,-1
6,4,222.28,197.44,24.83,67.69,0.6154,-1,-1,-1
6,3,269.01,197.77,25.40,66.94,0.5848,-1,-1,-1
6,2,33.48,141.13,79.79,208.89,0.8531,-1,-1,-1
6,1,141.04,154.79,86.84,184.56,0.8338,-1,-1,-1
7,5,257.27,196.16,21.42,61.85,0.6028,-1,-1,-1
7,4,226.08,198.47,25.25,65.82,0.6563,-1,-1,-1
7,3,274.44,199.35,26.26,62.81,0.6744,-1,-1,-1
7,2,39.09,140.45,76.28,209.45,0.8357,-1,-1,-1
7,1,144.29,152.05,87.81,187.61,0.8595,-1,-1,-1
8,5,264.99,198.19,20.33,64.68,0.5556,-1,-1,-1
8,4,234.81,200.26,24.39,65.49,0.6827,-1,-1,-1
8,3,280.73,200.75,26.68,65.41,0.5862,-1,-1,-1
8,2,42.18,140.23,78.56,213.55,0.8246,-1,-1,-1
8,1,152.25,152.72,88.70,190.76,0.8705,-1,-1,-1
9,5,269.82,198.91,22.66,66.64,0.6477,-1,-1,-1
9,4,240.75,203.76,25.03,62.56,0.5636,-1,-1,-1
9,3,288.27,199.47,25.28,66.11,0.7195,-1,-1,-1
9,2,47.47,140.32,77.90,213.22,0.8304,-1,-1,-1
9,1,156.61,151.64,87.54,193.24,0.8672,-1,-1,-1
10,5,278.73,196.61,21.72,67.10,0.4569,-1,-1,-1
10,4,250.61,196.76,25.47,68.84,0.6476,-1,-1,-1
10,3,296.07,201.55,25.54,64.68,0.6351,-1,-1,-1
10,2,48.26,134.85,86.27,221.29,0.8570,-1,-1,-1
10,1,164.69,147.69,87.99,198.30,0.8699,-1,-1,-1
11,11,142.24,195.46,29.62,69.94,0.5637,-1,-1,-1
11,5,285.00,198.00,23.29,67.43,0.6966,-1,-1,-1
11,4,255.51,201.25,21.78,64.13,0.4890,-1,-1,-1
11,3,306.29,201.06,21.44,64.58,0.6469,-1,-1,-1
11,2,54.74,135.50,85.26,221.82,0.8677,-1,-1,-1
11,1,170.95,147.20,88.75,201.15,0.8611,-1,-1,-1
12,11,153.65,198.37,29.97,68.82,0.5749,-1,-1,-1
12,4,269.35,199.56,24.75,68.65,0.6251,-1,-1,-1
12,3,316.23,205.74,22.55,62.62,0.5016,-1,-1,-1
12,2,64.76,130.20,83.60,233.83,0.8809,-1,-1,-1
12,1,181.95,147.81,92.42,205.49,0.8704,-1,-1,-1
13,11,159.03,196.50,30.47,71.13,0.5691,-1,-1,-1
13,5,304.12,204.02,20.63,62.72,0.4761,-1,-1,-1
13,4,275.68,200.25,23.81,68.24,0.5106,-1,-1,-1
13,3,321.07,194.09,25.30,73.72,0.4617,-1,-1,-1
13,2,67.42,142.99,85.98,222.30,0.8563,-1,-1,-1
13,1,183.00,147.34,97.42,209.39,0.8587,-1,-1,-1
14,11,170.77,195.92,29.59,71.31,0.5988,-1,-1,-1
14,5,316.76,201.46,22.05,65.23,0.5775,-1,-1,-1
14,4,287.01,204.25,23.49,62.60,0.5899,-1,-1,-1
14,3,335.04,206.02,21.08,61.87,0.3741,-1,-1,-1
14,2,83.28,127.69,81.04,239.36,0.8715,-1,-1,-1
14,1,198.54,145.06,93.46,212.05,0.8290,-1,-1,-1
15,14,0.09,144.78,42.27,166.65,0.5379,-1,-1,-1
15,11,182.53,197.99,28.52,70.68,0.6604,-1,-1,-1
15,5,326.00,200.21,23.34,67.70,0.5191,-1,-1,-1
15,4,297.35,202.31,22.49,66.95,0.5773,-1,-1,-1
15,3,346.35,205.30,26.82,64.41,0.6195,-1,-1,-1
15,2,85.30,138.90,86.47,231.99,0.8602,-1,-1,-1
15,1,209.87,145.30,95.31,216.19,0.8599,-1,-1,-1
16,14,0.23,143.05,46.80,154.26,0.4308,-1,-1,-1
16,11,185.54,193.32,30.26,71.76,0.6426,-1,-1,-1
16,5,330.82,194.94,24.36,71.15,0.5508,-1,-1,-1
16,4,300.82,198.22,24.14,66.79,0.6868,-1,-1,-1
16,3,352.53,199.42,27.45,67.76,0.5434,-1,-1,-1
16,2,78.11,123.43,96.97,246.71,0.8776,-1,-1,-1
16,1,211.57,144.54,100.15,215.96,0.8458,-1,-1,-1
17,14,0.14,140.90,65.13,148.23,0.3768,-1,-1,-1
17,11,189.15,192.91,28.59,71.68,0.6422,-1,-1,-1
17,5,334.86,195.47,23.15,69.61,0.4471,-1,-1,-1
17,4,306.40,195.80,24.12,69.86,0.5980,-1,-1,-1
17,3,353.60,186.36,25.64,78.19,0.4913,-1,-1,-1
17,2,85.11,124.10,92.80,247.65,0.8982,-1,-1,-1
17,1,213.39,139.68,108.33,223.43,0.7738,-1,-1,-1
18,14,0.11,140.71,47.99,157.30,0.4964,-1,-1,-1
18,11,193.74,195.02,27.43,69.78,0.5464,-1,-1,-1
18,4,312.04,195.09,21.91,71.23,0.7058,-1,-1,-1
18,2,83.48,124.56,97.06,252.58,0.9013,-1,-1,-1
18,1,215.74,137.60,111.31,230.30,0.8572,-1,-1,-1
19,14,0.10,137.70,44.32,157.14,0.3060,-1,-1,-1
19,11,193.96,192.78,29.05,70.09,0.5145,-1,-1,-1
19,4,311.08,192.44,25.54,71.09,0.6221,-1,-1,-1
19,2,81.29,118.63,98.10,257.50,0.9064,-1,-1,-1
19,1,217.42,132.74,112.85,235.01,0.8666,-1,-1,-1
20,11,192.26,187.31,28.85,72.94,0.5803,-1,-1,-1
20,2,76.62,113.00,99.10,265.29,0.9029,-1,-1,-1
20,1,214.28,128.40,113.98,241.08,0.8877,-1,-1,-1
21,16,43.01,186.45,24.70,69.57,0.5713,-1,-1,-1
21,14,0.05,131.95,37.81,165.54,0.5208,-1,-1,-1
21,11,192.25,186.22,27.94,74.55,0.6602,-1,-1,-1
21,2,72.85,107.12,102.23,275.10,0.8988,-1,-1,-1
21,1,213.93,126.38,116.71,247.78,0.8791,-1,-1,-1
22,16,41.69,183.04,28.62,71.10,0.4103,-1,-1,-1
22,14,0.04,128.85,38.11,225.65,0.3507,-1,-1,-1
22,11,194.27,185.85,26.99,73.35,0.3509,-1,-1,-1
22,2,68.15,103.45,105.81,280.99,0.8850,-1,-1,-1
22,1,214.45,122.68,117.92,253.72,0.8829,-1,-1,-1
23,16,50.58,191.46,22.26,67.15,0.3665,-1,-1,-1
23,14,0.00,133.35,39.24,228.86,0.3568,-1,-1,-1
23,11,198.42,190.57,25.85,73.23,0.5789,-1,-1,-1
23,2,68.10,104.66,106.88,290.01,0.8965,-1,-1,-1
23,1,215.10,123.44,118.36,261.29,0.8812,-1,-1,-1
24,17,0.00,133.60,23.48,88.96,0.3387,-1,-1,-1
24,14,0.31,133.16,40.33,164.57,0.4349,-1,-1,-1
24,2,65.08,104.26,111.96,294.78,0.8602,-1,-1,-1
24,1,221.39,121.39,114.78,265.52,0.7988,-1,-1,-1
25,14,0.13,134.23,38.15,170.38,0.3614,-1,-1,-1
25,2,61.23,103.05,116.34,304.22,0.8911,-1,-1,-1
25,1,231.81,120.73,109.30,276.01,0.8810,-1,-1,-1
26,14,0.14,132.75,37.44,171.71,0.3655,-1,-1,-1
26,2,57.58,100.38,118.97,309.60,0.8826,-1,-1,-1
26,1,230.69,116.24,110.18,281.81,0.8712,-1,-1,-1
27,14,0.19,130.49,38.39,169.91,0.4621,-1,-1,-1
27,2,55.26,95.62,121.66,315.97,0.8972,-1,-1,-1
27,1,236.83,113.00,110.48,288.70,0.8809,-1,-1,-1
28,14,0.12,129.85,39.15,170.18,0.3368,-1,-1,-1
28,2,54.28,94.27,123.39,323.29,0.9022,-1,-1,-1
28,1,240.81,111.12,110.18,294.89,0.8851,-1,-1,-1
29,2,51.32,85.90,127.94,339.05,0.8817,-1,-1,-1
29,1,232.61,105.08,124.47,303.33,0.8659,-1,-1,-1
30,14,0.12,125.05,36.65,179.71,0.3046,-1,-1,-1
30,2,47.89,83.85,132.22,345.74,0.8888,-1,-1,-1
30,1,234.40,103.21,124.33,310.31,0.8839,-1,-1,-1
31,19,392.86,175.88,20.94,35.07,0.3312,-1,-1,-1
31,18,142.19,81.16,48.90,171.13,0.4181,-1,-1,-1
31,2,42.22,80.18,140.06,353.66,0.8946,-1,-1,-1
31,1,246.19,98.30,119.43,321.49,0.8790,-1,-1,-1
32,18,147.41,80.01,47.45,177.03,0.5285,-1,-1,-1
32,6,408.28,190.83,25.90,75.43,0.6674,-1,-1,-1
32,2,44.77,77.67,139.66,364.69,0.8790,-1,-1,-1
32,1,254.43,96.56,120.05,332.50,0.8769,-1,-1,-1
33,18,153.36,76.81,46.45,183.02,0.3756,-1,-1,-1
33,6,418.41,188.94,26.62,75.15,0.6739,-1,-1,-1
33,4,360.96,186.78,26.98,75.24,0.6280,-1,-1,-1
33,2,53.85,70.26,137.09,374.53,0.8887,-1,-1,-1
33,1,259.21,89.70,127.61,339.10,0.8614,-1,-1,-1
34,18,158.83,75.04,54.93,179.83,0.5096,-1,-1,-1
34,6,425.93,187.48,27.08,79.14,0.6605,-1,-1,-1
34,4,368.31,187.00,29.79,76.94,0.6828,-1,-1,-1
34,3,402.22,180.43,24.33,82.94,0.4951,-1,-1,-1
34,2,60.38,70.63,140.44,381.33,0.8851,-1,-1,-1
34,1,270.24,88.97,130.61,352.14,0.8579,-1,-1,-1
35,21,0.14,119.09,37.09,104.41,0.6117,-1,-1,-1
35,6,434.95,190.56,28.38,78.28,0.6581,-1,-1,-1
35,4,377.30,189.66,28.10,76.96,0.7054,-1,-1,-1
35,3,410.21,189.36,24.56,76.19,0.4801,-1,-1,-1
35,2,65.83,70.72,139.91,387.10,0.9042,-1,-1,-1
35,1,269.71,88.40,147.58,360.94,0.8551,-1,-1,-1
36,18,174.66,71.41,55.57,182.91,0.5570,-1,-1,-1
36,6,447.67,189.76,28.30,77.93,0.6636,-1,-1,-1
36,4,387.62,189.35,27.58,75.90,0.5824,-1,-1,-1
36,3,420.72,181.43,26.31,83.64,0.4843,-1,-1,-1
36,2,71.91,62.14,145.93,400.46,0.8947,-1,-1,-1
36,1,270.52,80.78,163.25,370.22,0.8937,-1,-1,-1
37,18,177.53,71.23,53.74,186.14,0.4362,-1,-1,-1
37,6,452.27,190.29,26.81,78.51,0.6192,-1,-1,-1
37,4,391.55,189.43,28.39,76.19,0.6547,-1,-1,-1
37,3,425.05,188.28,23.76,77.77,0.3203,-1,-1,-1
37,2,72.20,61.22,148.36,405.57,0.9014,-1,-1,-1
37,1,271.54,78.08,167.84,378.74,0.8908,-1,-1,-1
38,20,515.28,200.55,18.25,44.18,0.3843,-1,-1,-1
38,18,181.02,70.96,57.56,196.30,0.4525,-1,-1,-1
38,6,456.84,189.65,29.03,80.89,0.7279,-1,-1,-1
38,4,398.02,194.90,29.04,72.67,0.4970,-1,-1,-1
38,3,430.11,189.80,27.09,78.64,0.5459,-1,-1,-1
38,2,70.66,58.89,153.27,416.21,0.8759,-1,-1,-1
38,1,278.83,76.51,176.57,388.74,0.8878,-1,-1,-1
39,18,182.56,63.49,57.40,195.59,0.5569,-1,-1,-1
39,6,460.15,187.38,33.26,82.03,0.6727,-1,-1,-1
39,4,403.58,195.88,26.71,69.99,0.5582,-1,-1,-1
39,3,434.69,186.93,26.12,78.00,0.5778,-1,-1,-1
39,2,69.38,53.49,158.10,424.65,0.8789,-1,-1,-1
39,1,284.50,70.34,178.45,398.16,0.8902,-1,-1,-1
40,18,185.34,63.01,55.86,200.51,0.6957,-1,-1,-1
40,6,465.04,188.42,31.37,83.40,0.7032,-1,-1,-1
40,4,409.61,199.88,23.29,69.75,0.4654,-1,-1,-1
40,3,438.90,185.96,28.03,82.56,0.5362,-1,-1,-1
40,2,67.65,52.78,162.44,427.22,0.8847,-1,-1,-1
40,1,285.41,65.84,187.17,412.89,0.8876,-1,-1,-1
41,21,0.00,114.38,49.47,153.99,0.3844,-1,-1,-1
41,18,183.08,63.08,57.60,198.72,0.7385,-1,-1,-1
41,6,468.32,189.00,31.19,46.58,0.6164,-1,-1,-1
41,3,440.00,188.56,26.90,79.48,0.5486,-1,-1,-1
41,2,64.02,48.70,166.27,431.30,0.8903,-1,-1,-1
41,1,289.64,63.07,191.43,416.66,0.8832,-1,-1,-1
42,18,177.51,55.41,60.29,209.31,0.6336,-1,-1,-1
42,6,465.11,187.50,34.00,38.64,0.5377,-1,-1,-1
42,2,49.76,41.68,173.69,438.32,0.8915,-1,-1,-1
42,1,283.00,56.11,199.34,423.89,0.8999,-1,-1,-1
43,18,175.18,50.88,58.65,206.81,0.6478,-1,-1,-1
43,11,265.84,186.82,24.77,76.69,0.3259,-1,-1,-1
43,6,463.98,190.29,30.43,31.68,0.5272,-1,-1,-1
43,2,46.89,35.97,174.28,443.92,0.8963,-1,-1,-1
43,1,281.48,53.23,206.10,426.77,0.9045,-1,-1,-1
44,18,174.67,48.49,59.80,212.37,0.6433,-1,-1,-1
44,11,266.53,186.80,26.07,77.77,0.3625,-1,-1,-1
44,2,43.02,30.74,178.20,448.71,0.8976,-1,-1,-1
44,1,280.31,50.46,210.75,429.54,0.9040,-1,-1,-1
45,21,0.12,99.84,39.38,325.69,0.3614,-1,-1,-1
45,18,176.06,47.57,61.64,215.56,0.6476,-1,-1,-1
45,11,267.56,185.81,28.04,77.83,0.4529,-1,-1,-1
45,2,41.68,27.68,178.92,450.65,0.8951,-1,-1,-1
45,1,283.90,46.71,213.83,432.69,0.8964,-1,-1,-1
46,21,0.23,97.61,37.00,329.66,0.4195,-1,-1,-1
46,18,174.38,45.28,62.83,218.34,0.6942,-1,-1,-1
46,2,35.49,19.79,185.24,459.62,0.8836,-1,-1,-1
46,1,277.21,42.82,224.95,437.18,0.9094,-1,-1,-1
47,21,0.18,93.96,37.26,334.84,0.3063,-1,-1,-1
47,18,173.95,41.23,61.74,216.85,0.6582,-1,-1,-1
47,11,269.56,183.34,27.35,79.35,0.3716,-1,-1,-1
47,2,32.48,15.00,187.00,464.02,0.8725,-1,-1,-1
47,1,284.03,38.02,222.68,441.98,0.9064,-1,-1,-1
48,21,0.06,93.09,40.56,341.19,0.3433,-1,-1,-1
48,18,176.78,38.43,63.94,223.28,0.6428,-1,-1,-1
48,2,29.46,11.87,193.47,468.13,0.8636,-1,-1,-1
48,1,289.84,29.60,222.76,449.64,0.8999,-1,-1,-1
49,18,176.25,36.63,65.96,226.82,0.6405,-1,-1,-1
49,2,26.90,9.90,200.91,466.86,0.8603,-1,-1,-1
49,1,286.50,29.11,230.50,450.89,0.8895,-1,-1,-1
50,23,0.08,90.33,29.67,117.47,0.5213,-1,-1,-1
50,18,173.85,34.65,67.05,237.17,0.6500,-1,-1,-1
50,2,20.05,3.03,204.96,475.55,0.8585,-1,-1,-1
50,1,285.26,22.87,233.39,456.16,0.8995,-1,-1,-1
51,23,0.07,89.53,30.90,117.90,0.4481,-1,-1,-1
51,18,174.25,33.53,70.97,238.29,0.7362,-1,-1,-1
51,2,22.51,1.63,201.04,474.75,0.8588,-1,-1,-1
51,1,285.16,19.71,239.01,459.63,0.9086,-1,-1,-1
52,23,0.03,87.20,31.19,161.51,0.4830,-1,-1,-1
52,18,173.37,30.09,71.11,240.12,0.5960,-1,-1,-1
52,2,16.71,0.70,204.82,477.18,0.8464,-1,-1,-1
52,1,290.78,16.20,238.06,462.54,0.9019,-1,-1,-1
53,23,0.02,86.42,37.47,162.29,0.3691,-1,-1,-1
53,18,173.52,28.33,70.36,239.74,0.6318,-1,-1,-1
53,2,13.18,0.39,211.46,479.17,0.8605,-1,-1,-1
53,1,287.70,14.38,248.92,464.66,0.9044,-1,-1,-1
54,23,0.07,87.45,36.06,113.84,0.4177,-1,-1,-1
54,18,173.34,28.62,71.35,240.97,0.5766,-1,-1,-1
54,2,13.88,1.15,210.81,475.87,0.8424,-1,-1,-1
54,1,290.27,12.61,249.77,467.39,0.9116,-1,-1,-1
55,23,0.16,86.28,37.06,197.23,0.4524,-1,-1,-1
55,18,175.39,26.17,71.58,243.97,0.5491,-1,-1,-1
55,2,11.49,1.18,214.08,478.09,0.8571,-1,-1,-1
55,1,293.97,8.21,256.99,469.27,0.8858,-1,-1,-1
56,23,0.08,84.21,36.76,166.12,0.4636,-1,-1,-1
56,18,176.30,24.81,71.45,246.97,0.5890,-1,-1,-1
56,2,12.58,0.34,215.62,478.18,0.8620,-1,-1,-1
56,1,290.13,5.98,262.39,472.30,0.8457,-1,-1,-1
57,23,0.08,83.58,35.99,165.79,0.5690,-1,-1,-1
57,18,176.32,23.06,73.60,289.58,0.6122,-1,-1,-1
57,2,7.91,1.27,219.97,475.49,0.8578,-1,-1,-1
57,1,300.88,2.87,262.13,476.58,0.9115,-1,-1,-1
58,23,0.09,83.53,34.58,165.48,0.4866,-1,-1,-1
58,18,176.06,20.69,76.17,380.44,0.4966,-1,-1,-1
58,2,8.03,1.24,219.55,475.91,0.8594,-1,-1,-1
58,1,302.03,2.64,264.44,477.36,0.8997,-1,-1,-1
59,23,0.07,84.45,32.17,163.53,0.4017,-1,-1,-1
59,18,177.24,20.76,75.83,333.01,0.7051,-1,-1,-1
59,2,6.17,1.31,222.87,475.95,0.8447,-1,-1,-1
59,1,302.97,1.53,273.82,477.83,0.9035,-1,-1,-1
60,23,0.17,79.65,29.87,219.41,0.3765,-1,-1,-1
60,18,174.69,19.08,79.84,407.77,0.5711,-1,-1,-1
60,2,5.42,0.66,224.82,476.90,0.8185,-1,-1,-1
60,1,303.41,0.11,280.94,477.31,0.9006,-1,-1,-1
61,23,0.11,80.14,28.50,213.28,0.3827,-1,-1,-1
61,18,175.40,18.33,78.88,402.82,0.6077,-1,-1,-1
61,2,2.04,1.42,225.85,475.30,0.8556,-1,-1,-1
61,1,307.59,0.00,284.31,479.09,0.8971,-1,-1,-1
62,23,0.28,78.48,31.50,226.90,0.4517,-1,-1,-1
62,18,178.12,16.51,78.71,414.92,0.7277,-1,-1,-1
62,2,1.77,1.28,225.24,475.70,0.8611,-1,-1,-1
62,1,312.29,0.10,285.96,474.09,0.8307,-1,-1,-1
63,23,0.21,75.47,37.58,361.82,0.3731,-1,-1,-1
63,20,565.04,192.86,20.96,51.32,0.3503,-1,-1,-1
63,18,176.93,15.09,80.70,419.13,0.7196,-1,-1,-1
63,2,0.90,1.59,225.57,475.71,0.7896,-1,-1,-1
63,1,313.11,0.14,286.20,479.86,0.8857,-1,-1,-1
64,23,0.26,75.40,33.84,383.56,0.3595,-1,-1,-1
64,22,500.95,191.71,26.71,77.44,0.6102,-1,-1,-1
64,18,175.83,15.30,83.41,411.87,0.5741,-1,-1,-1
64,2,1.26,2.25,227.97,476.16,0.8099,-1,-1,-1
64,1,317.49,0.00,286.52,480.00,0.8757,-1,-1,-1
65,23,0.33,74.61,35.30,353.19,0.3505,-1,-1,-1
65,22,501.67,193.00,26.21,76.46,0.6443,-1,-1,-1
65,18,178.09,14.40,83.25,347.88,0.5247,-1,-1,-1
65,2,0.88,1.55,236.04,474.57,0.7657,-1,-1,-1
65,1,317.00,0.00,288.11,480.00,0.8766,-1,-1,-1
66,24,0.12,78.64,22.01,128.44,0.3763,-1,-1,-1
66,23,0.20,74.98,33.53,376.48,0.3673,-1,-1,-1
66,22,502.25,192.04,26.49,76.78,0.6824,-1,-1,-1
66,18,177.45,13.20,85.58,329.63,0.6341,-1,-1,-1
66,2,0.51,1.47,230.64,472.83,0.8418,-1,-1,-1
66,1,312.46,0.24,293.49,479.76,0.8839,-1,-1,-1
67,23,0.22,75.50,32.08,380.14,0.5338,-1,-1,-1
67,22,503.62,192.63,24.53,76.40,0.6490,-1,-1,-1
67,20,574.01,197.40,18.89,41.94,0.4004,-1,-1,-1
67,18,179.93,11.69,83.36,414.39,0.7479,-1,-1,-1
67,2,0.53,1.31,226.20,476.80,0.8087,-1,-1,-1
67,1,310.63,0.00,300.07,479.80,0.8852,-1,-1,-1
68,23,0.15,75.28,33.98,335.58,0.3680,-1,-1,-1
68,22,505.93,192.78,23.09,76.87,0.6037,-1,-1,-1
68,18,178.94,11.24,84.92,432.47,0.6779,-1,-1,-1
68,2,0.07,3.05,225.52,474.63,0.7487,-1,-1,-1
68,1,316.68,0.51,294.80,479.49,0.8942,-1,-1,-1
69,24,0.12,77.89,22.38,129.63,0.3680,-1,-1,-1
69,23,0.28,73.78,34.55,361.61,0.3943,-1,-1,-1
69,22,505.84,193.53,22.12,75.41,0.6365,-1,-1,-1
69,20,576.59,198.03,22.60,50.93,0.3169,-1,-1,-1
69,18,179.07,10.05,85.58,434.11,0.6036,-1,-1,-1
69,11,293.90,176.04,28.67,86.46,0.5637,-1,-1,-1
69,2,0.24,2.96,225.26,475.41,0.7380,-1,-1,-1
69,1,317.89,0.66,292.40,479.34,0.8915,-1,-1,-1
70,24,0.13,77.70,22.62,128.20,0.3834,-1,-1,-1
70,23,0.27,74.76,34.81,356.33,0.4031,-1,-1,-1
70,22,506.31,193.06,22.89,76.00,0.6172,-1,-1,-1
70,20,577.30,194.19,23.98,53.03,0.3070,-1,-1,-1
70,18,183.25,9.35,83.68,423.99,0.8348,-1,-1,-1
70,11,295.49,176.95,26.64,85.10,0.5253,-1,-1,-1
70,2,0.07,1.32,223.15,478.57,0.8235,-1,-1,-1
70,1,317.57,0.53,292.54,479.47,0.8924,-1,-1,-1
71,24,0.12,78.20,22.56,125.89,0.4387,-1,-1,-1
71,23,0.27,74.05,33.70,368.52,0.3847,-1,-1,-1
71,22,506.53,193.29,22.52,74.71,0.5617,-1,-1,-1
71,18,183.93,8.30,84.58,425.09,0.8365,-1,-1,-1
71,11,292.87,176.68,28.64,84.63,0.5884,-1,-1,-1
71,2,0.15,1.37,222.44,478.63,0.8286,-1,-1,-1
71,1,317.50,0.00,291.06,480.00,0.8761,-1,-1,-1
72,24,0.11,78.25,22.84,126.65,0.4064,-1,-1,-1
72,23,0.26,75.45,33.08,369.04,0.4914,-1,-1,-1
72,22,506.68,192.77,22.69,76.36,0.5834,-1,-1,-1
72,20,586.43,196.49,22.63,50.65,0.5855,-1,-1,-1
72,18,184.57,7.91,85.04,425.82,0.8375,-1,-1,-1
72,11,290.35,176.73,31.83,85.17,0.6204,-1,-1,-1
72,2,0.08,1.26,223.06,478.74,0.8600,-1,-1,-1
72,1,315.72,0.48,294.33,479.52,0.8827,-1,-1,-1
73,24,0.12,78.09,22.49,128.37,0.4076,-1,-1,-1
73,23,0.27,73.88,34.45,360.48,0.3447,-1,-1,-1
73,22,505.55,192.11,23.13,78.17,0.5062,-1,-1,-1
73,20,586.24,196.18,23.22,52.08,0.5500,-1,-1,-1
73,18,184.88,10.70,87.62,422.75,0.8394,-1,-1,-1
73,11,289.86,177.25,30.83,82.44,0.6042,-1,-1,-1
73,2,0.09,1.35,223.15,478.64,0.8543,-1,-1,-1
73,1,313.19,0.42,297.56,479.58,0.8920,-1,-1,-1
74,24,0.12,78.30,22.63,125.95,0.4138,-1,-1,-1
74,23,0.29,73.28,34.13,352.40,0.3463,-1,-1,-1
74,22,505.17,193.32,22.63,75.67,0.5653,-1,-1,-1
74,18,185.20,9.21,88.91,423.47,0.8486,-1,-1,-1
74,11,290.20,177.05,30.30,82.26,0.5464,-1,-1,-1
74,2,0.19,1.35,223.37,477.58,0.8477,-1,-1,-1
74,1,312.69,0.03,294.96,479.97,0.8500,-1,-1,-1
75,24,0.10,77.63,22.95,125.39,0.3664,-1,-1,-1
75,18,186.87,9.85,88.77,422.33,0.8458,-1,-1,-1
75,11,290.13,177.35,31.25,82.02,0.6049,-1,-1,-1
75,2,0.99,0.90,222.12,478.29,0.8279,-1,-1,-1
75,1,306.73,0.56,295.05,479.44,0.8711,-1,-1,-1
76,24,0.12,78.26,22.58,128.69,0.3271,-1,-1,-1
76,18,186.97,10.18,89.28,422.55,0.8553,-1,-1,-1
76,11,290.36,176.91,30.24,81.45,0.6551,-1,-1,-1
76,2,1.14,0.83,221.89,478.12,0.8184,-1,-1,-1
76,1,305.40,0.00,297.45,478.59,0.8883,-1,-1,-1
77,24,0.12,78.72,22.77,117.46,0.3556,-1,-1,-1
77,18,187.47,9.81,89.04,421.51,0.8452,-1,-1,-1
77,11,289.87,176.71,32.24,81.37,0.6553,-1,-1,-1
77,2,1.41,0.85,222.32,476.73,0.8269,-1,-1,-1
77,1,303.70,0.00,295.24,477.40,0.8744,-1,-1,-1
78,24,0.16,78.89,22.72,111.66,0.4589,-1,-1,-1
78,18,189.05,9.13,86.46,421.99,0.8443,-1,-1,-1
78,11,289.38,177.29,30.93,80.97,0.4946,-1,-1,-1
78,2,1.07,1.19,223.18,478.81,0.8335,-1,-1,-1
78,1,301.74,0.00,297.51,476.72,0.8931,-1,-1,-1
79,24,0.13,79.14,23.00,125.20,0.3723,-1,-1,-1
79,18,188.62,10.26,84.90,422.20,0.8373,-1,-1,-1
79,11,288.66,177.83,33.37,80.52,0.4671,-1,-1,-1
79,2,1.48,0.71,222.87,478.15,0.8325,-1,-1,-1
79,1,305.54,0.00,287.88,480.00,0.8717,-1,-1,-1
80,24,0.12,79.66,23.12,118.23,0.3803,-1,-1,-1
80,23,0.22,76.00,32.01,351.37,0.3045,-1,-1,-1
80,18,188.64,11.24,85.01,423.11,0.8294,-1,-1,-1
80,2,0.88,1.32,224.23,478.68,0.8516,-1,-1,-1
80,1,314.94,0.00,272.25,480.00,0.8759,-1,-1,-1
81,24,0.13,79.39,23.82,118.95,0.3807,-1,-1,-1
81,23,0.19,75.82,32.54,371.59,0.4099,-1,-1,-1
81,18,188.91,11.23,84.08,417.90,0.7937,-1,-1,-1
81,2,0.86,1.28,226.92,478.33,0.8432,-1,-1,-1
81,1,312.84,0.00,276.06,480.00,0.8798,-1,-1,-1
82,24,0.13,79.62,22.96,114.71,0.4136,-1,-1,-1
82,23,0.23,75.30,33.35,357.31,0.3528,-1,-1,-1
82,18,188.94,12.29,83.97,418.72,0.7392,-1,-1,-1
82,2,0.72,1.35,230.93,476.39,0.8403,-1,-1,-1
82,1,318.54,0.00,268.01,480.00,0.8624,-1,-1,-1
83,24,0.12,79.06,22.70,119.86,0.4516,-1,-1,-1
83,23,0.23,73.78,32.84,379.55,0.3457,-1,-1,-1
83,18,187.62,13.53,84.00,423.46,0.8172,-1,-1,-1
83,2,0.52,1.48,225.20,477.76,0.8173,-1,-1,-1
83,1,308.94,0.00,278.07,475.58,0.8782,-1,-1,-1
84,24,0.10,79.09,21.19,123.27,0.4579,-1,-1,-1
84,18,183.31,11.91,86.57,426.75,0.7983,-1,-1,-1
84,2,0.27,1.55,224.66,476.23,0.7691,-1,-1,-1
84,1,307.27,0.00,274.99,479.49,0.9028,-1,-1,-1
85,24,0.12,79.09,22.06,124.77,0.3620,-1,-1,-1
85,20,614.15,192.99,25.64,56.48,0.5777,-1,-1,-1
85,18,181.75,15.10,84.09,422.71,0.7471,-1,-1,-1
85,2,0.36,1.65,231.36,474.77,0.7584,-1,-1,-1
85,1,308.50,0.07,279.58,478.29,0.8923,-1,-1,-1
86,24,0.11,79.85,22.38,126.04,0.3754,-1,-1,-1
86,23,0.25,73.48,33.60,370.38,0.3084,-1,-1,-1
86,20,615.92,193.50,23.87,56.61,0.4649,-1,-1,-1
86,18,177.69,17.37,84.85,422.38,0.7507,-1,-1,-1
86,2,0.61,1.75,228.98,476.39,0.7405,-1,-1,-1
86,1,307.74,0.08,279.91,476.16,0.8679,-1,-1,-1
87,24,0.12,80.02,21.08,122.35,0.3263,-1,-1,-1
87,23,0.23,74.93,32.63,366.43,0.4767,-1,-1,-1
87,22,503.71,193.11,23.71,75.82,0.6588,-1,-1,-1
87,20,615.19,193.33,24.60,56.03,0.4894,-1,-1,-1
87,18,173.71,17.14,85.05,409.42,0.6689,-1,-1,-1
87,2,0.15,1.80,232.75,475.07,0.7021,-1,-1,-1
87,1,310.78,0.09,276.53,479.91,0.8880,-1,-1,-1
88,24,0.13,80.71,22.01,123.43,0.4351,-1,-1,-1
88,23,0.25,73.29,32.94,382.98,0.3262,-1,-1,-1
88,22,505.37,193.08,23.25,77.38,0.5258,-1,-1,-1
88,18,174.27,22.16,82.08,410.52,0.7451,-1,-1,-1
88,2,0.19,1.77,226.37,475.92,0.8129,-1,-1,-1
88,1,306.66,0.91,280.98,479.09,0.8988,-1,-1,-1
89,24,0.12,81.06,21.94,123.51,0.3758,-1,-1,-1
89,23,0.28,75.41,32.31,343.69,0.3430,-1,-1,-1
89,22,506.13,192.70,21.85,77.08,0.5054,-1,-1,-1
89,18,171.79,23.26,84.13,404.29,0.7138,-1,-1,-1
89,2,0.12,1.73,226.27,476.78,0.8042,-1,-1,-1
89,1,312.24,0.47,275.46,479.53,0.8955,-1,-1,-1
90,23,0.22,77.97,31.71,369.45,0.4337,-1,-1,-1
90,22,506.06,192.96,20.97,77.06,0.4277,-1,-1,-1
90,18,168.81,23.52,87.74,402.60,0.7513,-1,-1,-1
90,2,0.00,1.48,223.34,477.52,0.7954,-1,-1,-1
90,1,308.46,0.67,279.41,479.33,0.8977,-1,-1,-1
91,26,544.55,205.63,13.54,32.64,0.3147,-1,-1,-1
91,24,0.04,83.65,21.91,130.33,0.4233,-1,-1,-1
91,23,0.23,78.90,31.82,378.87,0.4672,-1,-1,-1
91,22,505.42,192.20,21.10,76.39,0.3014,-1,-1,-1
91,18,167.65,23.69,90.30,402.80,0.7204,-1,-1,-1
91,2,0.08,1.38,222.70,477.41,0.7909,-1,-1,-1
91,1,308.59,0.95,280.50,479.04,0.8943,-1,-1,-1
92,23,0.27,80.23,33.12,359.48,0.4237,-1,-1,-1
92,22,506.78,192.83,20.59,76.84,0.3287,-1,-1,-1
92,20,595.97,172.27,43.85,92.34,0.4476,-1,-1,-1
92,18,167.01,24.26,93.94,399.96,0.6925,-1,-1,-1
92,11,299.84,179.60,24.38,71.25,0.4452,-1,-1,-1
92,2,0.46,1.49,233.78,475.73,0.7655,-1,-1,-1
92,1,304.79,0.53,283.51,478.87,0.9045,-1,-1,-1
93,24,0.00,84.74,21.57,125.84,0.3357,-1,-1,-1
93,23,0.20,79.20,33.10,358.99,0.3017,-1,-1,-1
93,20,552.17,171.19,70.66,92.36,0.4666,-1,-1,-1
93,18,167.54,23.46,104.66,410.21,0.7883,-1,-1,-1
93,11,299.22,180.67,25.81,77.58,0.4503,-1,-1,-1
93,2,0.15,1.43,223.03,474.81,0.8433,-1,-1,-1
93,1,306.06,0.37,279.09,478.75,0.8917,-1,-1,-1
94,27,266.74,190.82,17.59,57.62,0.4865,-1,-1,-1
94,23,0.21,79.58,33.02,367.02,0.3167,-1,-1,-1
94,18,168.27,23.66,105.61,410.06,0.7889,-1,-1,-1
94,11,299.73,179.02,25.75,79.08,0.4521,-1,-1,-1
94,2,0.08,1.56,223.66,475.08,0.8469,-1,-1,-1
94,1,306.64,0.00,278.04,479.95,0.9028,-1,-1,-1
95,27,266.47,193.34,15.83,55.25,0.5569,-1,-1,-1
95,23,0.22,78.79,34.02,372.06,0.4191,-1,-1,-1
95,18,171.11,21.50,103.58,413.18,0.7886,-1,-1,-1
95,11,301.37,178.77,23.73,81.17,0.5122,-1,-1,-1
95,2,0.39,1.50,222.95,475.14,0.8603,-1,-1,-1
95,1,307.62,0.00,276.28,477.36,0.9010,-1,-1,-1
96,28,282.18,179.86,28.37,77.86,0.3064,-1,-1,-1
96,27,265.48,191.84,16.79,56.97,0.5346,-1,-1,-1
96,23,0.08,83.49,34.66,363.17,0.4157,-1,-1,-1
96,18,173.06,21.65,100.87,411.05,0.7914,-1,-1,-1
96,11,301.87,177.79,22.41,80.75,0.5020,-1,-1,-1
96,2,0.41,1.66,222.64,474.33,0.8357,-1,-1,-1
96,1,307.09,0.00,275.79,480.00,0.8999,-1,-1,-1
97,28,282.85,179.79,25.03,78.43,0.3714,-1,-1,-1
97,27,262.25,191.95,16.88,58.78,0.5794,-1,-1,-1
97,23,0.04,84.42,33.74,310.41,0.3742,-1,-1,-1
97,22,504.86,192.35,23.61,81.18,0.3291,-1,-1,-1
97,18,176.19,20.39,97.10,412.48,0.8179,-1,-1,-1
97,11,301.79,179.01,23.19,80.86,0.5721,-1,-1,-1
97,2,0.54,1.44,222.43,472.10,0.8640,-1,-1,-1
97,1,307.54,0.05,276.16,476.87,0.9031,-1,-1,-1
98,23,0.00,82.48,32.70,348.78,0.5054,-1,-1,-1
98,22,506.64,192.54,21.46,76.58,0.5041,-1,-1,-1
98,18,182.89,20.03,90.99,412.56,0.8351,-1,-1,-1
98,11,302.10,177.95,22.84,82.90,0.5933,-1,-1,-1
98,2,0.58,1.26,222.62,473.01,0.8745,-1,-1,-1
98,1,308.90,0.00,275.16,478.12,0.9064,-1,-1,-1
99,28,279.59,179.62,26.29,79.41,0.3549,-1,-1,-1
99,23,0.24,77.97,35.48,372.84,0.4600,-1,-1,-1
99,22,506.85,192.34,21.97,76.77,0.3765,-1,-1,-1
99,18,185.61,20.88,90.30,411.22,0.8484,-1,-1,-1
99,11,300.91,177.75,24.22,80.35,0.5364,-1,-1,-1
99,2,0.61,1.05,222.49,474.65,0.8855,-1,-1,-1
99,1,309.24,0.00,274.89,478.11,0.9089,-1,-1,-1
100,28,279.34,178.25,26.39,80.50,0.5712,-1,-1,-1
100,23,0.03,81.93,34.74,336.27,0.4245,-1,-1,-1
100,22,505.79,192.54,22.07,75.74,0.5333,-1,-1,-1
100,18,187.73,18.03,89.82,413.78,0.8406,-1,-1,-1
100,11,300.78,178.47,25.62,79.68,0.5874,-1,-1,-1
100,2,0.59,1.01,221.47,475.52,0.8820,-1,-1,-1
100,1,309.86,0.00,273.61,477.46,0.9027,-1,-1,-1
101,28,279.45,179.06,26.37,79.59,0.4007,-1,-1,-1
101,25,557.14,201.73,17.20,42.76,0.3069,-1,-1,-1
101,23,0.05,81.36,33.53,358.44,0.4260,-1,-1,-1
101,22,507.24,192.68,21.71,76.29,0.3761,-1,-1,-1
101,18,189.95,16.92,92.10,413.65,0.8511,-1,-1,-1
101,11,300.67,177.99,24.02,81.76,0.4528,-1,-1,-1
101,2,0.58,0.90,221.69,475.18,0.8767,-1,-1,-1
101,1,310.25,0.00,274.24,480.00,0.9086,-1,-1,-1
102,23,0.03,81.82,34.07,346.16,0.4412,-1,-1,-1
102,18,189.57,15.82,94.36,412.98,0.8479,-1,-1,-1
102,2,0.47,0.86,221.78,475.65,0.8734,-1,-1,-1
102,1,312.39,0.06,271.47,477.96,0.9022,-1,-1,-1
103,26,540.91,202.65,11.95,37.07,0.4241,-1,-1,-1
103,23,0.02,82.26,33.98,320.08,0.3833,-1,-1,-1
103,22,508.63,192.99,18.25,75.29,0.3142,-1,-1,-1
103,18,191.07,17.33,93.34,414.77,0.8402,-1,-1,-1
103,2,0.36,1.05,221.84,476.55,0.8702,-1,-1,-1
103,1,313.57,0.00,271.70,480.00,0.9122,-1,-1,-1
104,26,541.03,202.51,11.09,36.45,0.3313,-1,-1,-1
104,24,0.14,81.37,28.85,117.87,0.3109,-1,-1,-1
104,23,0.14,79.83,33.67,342.50,0.3355,-1,-1,-1
104,22,507.63,193.16,19.79,74.97,0.3212,-1,-1,-1
104,18,192.08,17.79,89.77,414.81,0.8419,-1,-1,-1
104,2,0.20,0.84,222.69,476.85,0.8893,-1,-1,-1
104,1,314.42,0.00,274.29,480.00,0.9108,-1,-1,-1
105,26,540.95,203.78,12.14,35.68,0.4041,-1,-1,-1
105,24,0.10,84.09,24.34,119.72,0.3026,-1,-1,-1
105,23,0.05,83.84,31.08,354.06,0.3764,-1,-1,-1
105,18,191.71,17.06,88.98,410.09,0.8375,-1,-1,-1
105,2,0.16,0.58,223.01,476.62,0.8627,-1,-1,-1
105,1,314.07,0.00,274.92,480.00,0.9087,-1,-1,-1
106,28,279.26,178.81,25.49,81.42,0.5835,-1,-1,-1
106,26,540.68,203.84,12.36,36.07,0.4060,-1,-1,-1
106,23,0.03,82.30,32.72,362.59,0.4081,-1,-1,-1
106,18,192.32,16.55,85.95,415.21,0.8269,-1,-1,-1
106,11,300.87,178.73,23.93,82.18,0.6317,-1,-1,-1
106,2,0.22,0.42,223.40,477.83,0.8800,-1,-1,-1
106,1,314.04,0.00,276.75,479.10,0.9044,-1,-1,-1
107,28,279.79,179.51,25.54,79.20,0.5654,-1,-1,-1
107,26,541.47,204.27,11.77,35.55,0.3816,-1,-1,-1
107,23,0.03,82.43,31.39,362.56,0.3576,-1,-1,-1
107,18,192.24,16.82,86.22,414.78,0.8186,-1,-1,-1
107,11,301.02,178.50,24.41,82.09,0.5889,-1,-1,-1
107,2,0.19,0.27,224.81,478.17,0.8803,-1,-1,-1
107,1,313.50,0.35,279.87,478.53,0.8953,-1,-1,-1
108,28,279.51,181.16,24.84,77.26,0.5106,-1,-1,-1
108,26,541.09,201.95,12.18,38.11,0.4677,-1,-1,-1
108,22,511.13,196.47,16.24,71.94,0.3205,-1,-1,-1
108,18,191.62,16.15,86.23,415.45,0.8234,-1,-1,-1
108,11,301.19,178.82,24.21,81.12,0.6020,-1,-1,-1
108,2,0.00,0.11,225.64,477.51,0.8742,-1,-1,-1
108,1,312.02,0.00,284.57,477.07,0.8996,-1,-1,-1
109,28,279.19,180.43,26.01,78.27,0.5028,-1,-1,-1
109,18,189.28,16.96,88.54,413.55,0.8310,-1,-1,-1
109,11,301.21,178.29,23.88,82.42,0.5538,-1,-1,-1
109,2,0.03,0.00,224.39,478.87,0.8857,-1,-1,-1
109,1,312.63,0.00,285.04,475.16,0.8313,-1,-1,-1
110,18,187.95,16.95,91.46,413.70,0.8395,-1,-1,-1
110,11,300.64,178.19,24.66,82.20,0.4505,-1,-1,-1
110,2,0.00,0.15,223.30,478.30,0.9072,-1,-1,-1
110,1,312.65,0.00,288.47,478.15,0.7599,-1,-1,-1
111,18,187.87,17.32,93.01,414.28,0.8444,-1,-1,-1
111,2,0.00,0.11,222.62,479.17,0.8961,-1,-1,-1
111,1,310.85,0.00,291.21,476.87,0.7984,-1,-1,-1
112,18,187.71,16.94,96.04,416.04,0.8493,-1,-1,-1
112,11,298.21,177.40,27.21,83.34,0.3507,-1,-1,-1
112,2,0.00,0.13,222.80,479.27,0.9072,-1,-1,-1
112,1,330.62,0.00,273.61,479.66,0.7949,-1,-1,-1
113,18,187.79,18.12,94.16,416.83,0.8531,-1,-1,-1
113,2,0.00,0.11,222.69,478.80,0.9028,-1,-1,-1
113,1,311.06,0.19,285.11,479.42,0.8647,-1,-1,-1
114,18,187.40,19.62,94.82,413.06,0.8538,-1,-1,-1
114,2,0.00,0.00,222.09,478.48,0.8955,-1,-1,-1
114,1,308.73,0.00,288.91,479.32,0.8970,-1,-1,-1
115,18,188.39,20.25,94.81,415.38,0.8666,-1,-1,-1
115,2,0.00,0.08,222.32,479.04,0.8898,-1,-1,-1
115,1,308.85,0.00,284.14,477.29,0.8815,-1,-1,-1
116,18,191.60,20.58,92.89,415.75,0.8595,-1,-1,-1
116,2,0.00,0.00,221.54,478.49,0.8794,-1,-1,-1
116,1,305.45,0.00,286.43,479.68,0.8949,-1,-1,-1
117,18,192.46,20.23,95.18,416.95,0.8547,-1,-1,-1
117,2,0.00,0.22,223.02,478.00,0.8703,-1,-1,-1
117,1,305.57,0.00,282.76,478.99,0.8835,-1,-1,-1
118,18,193.60,19.98,93.30,417.95,0.8588,-1,-1,-1
118,2,0.00,0.40,224.64,478.73,0.8679,-1,-1,-1
118,1,303.81,0.00,278.22,478.06,0.8898,-1,-1,-1
119,24,0.13,80.20,22.98,105.47,0.3717,-1,-1,-1
119,23,0.00,79.91,30.46,341.93,0.4008,-1,-1,-1
119,22,498.82,193.28,29.87,78.27,0.6998,-1,-1,-1
119,18,197.39,19.75,91.57,413.16,0.8164,-1,-1,-1
119,2,0.00,0.49,228.79,479.51,0.8854,-1,-1,-1
119,1,302.70,0.00,279.53,480.00,0.9113,-1,-1,-1
120,24,0.06,79.11,23.44,112.66,0.3264,-1,-1,-1
120,22,498.77,193.13,29.55,78.99,0.7203,-1,-1,-1
120,18,200.84,21.25,87.47,410.85,0.8094,-1,-1,-1
120,2,0.12,0.60,231.77,479.36,0.8727,-1,-1,-1
120,1,301.86,0.00,280.49,480.00,0.9103,-1,-1,-1
121,22,498.71,192.77,30.07,79.63,0.6617,-1,-1,-1
121,18,199.83,21.16,88.56,415.74,0.8196,-1,-1,-1
121,2,0.20,0.45,236.48,479.55,0.8772,-1,-1,-1
121,1,303.04,0.56,280.77,479.44,0.8873,-1,-1,-1
122,23,0.21,75.10,35.30,400.94,0.3786,-1,-1,-1
122,22,499.06,194.12,29.38,77.82,0.6640,-1,-1,-1
122,18,202.39,22.01,82.90,417.74,0.8232,-1,-1,-1
122,2,0.99,0.20,240.01,479.80,0.8574,-1,-1,-1
122,1,306.91,0.24,281.79,477.56,0.8887,-1,-1,-1
123,23,0.25,75.88,38.82,402.87,0.5531,-1,-1,-1
123,22,499.25,194.17,30.44,77.78,0.6804,-1,-1,-1
123,18,201.82,21.14,84.45,414.41,0.8338,-1,-1,-1
123,2,0.88,1.26,243.59,478.74,0.8722,-1,-1,-1
123,1,301.95,0.92,282.43,479.08,0.8961,-1,-1,-1
124,29,560.32,200.97,16.58,39.38,0.4120,-1,-1,-1
124,28,295.37,177.85,30.85,80.96,0.3166,-1,-1,-1
124,23,0.20,75.84,38.88,401.54,0.5479,-1,-1,-1
124,22,499.76,194.24,29.70,77.74,0.6531,-1,-1,-1
124,18,202.90,22.53,82.32,407.74,0.8398,-1,-1,-1
124,2,0.90,0.88,246.23,478.13,0.8645,-1,-1,-1
124,1,304.64,0.17,279.09,479.31,0.9043,-1,-1,-1
125,29,561.35,202.23,16.08,37.64,0.4810,-1,-1,-1
125,28,297.46,178.55,27.30,79.12,0.3564,-1,-1,-1
125,25,547.14,198.98,15.14,47.67,0.3745,-1,-1,-1
125,23,0.17,76.70,42.31,403.30,0.5959,-1,-1,-1
125,22,500.75,193.64,28.51,77.64,0.6406,-1,-1,-1
125,18,203.00,22.72,81.44,405.57,0.8189,-1,-1,-1
125,2,0.64,0.79,248.57,478.02,0.8533,-1,-1,-1
125,1,305.20,0.65,277.08,478.86,0.9025,-1,-1,-1
126,29,561.30,202.48,16.27,37.33,0.4963,-1,-1,-1
126,28,286.75,180.09,26.06,78.33,0.3457,-1,-1,-1
126,23,0.21,76.62,43.07,400.69,0.4500,-1,-1,-1
126,22,501.11,194.06,27.77,77.84,0.6269,-1,-1,-1
126,18,203.78,22.50,80.30,406.25,0.7895,-1,-1,-1
126,2,0.00,0.70,251.59,464.69,0.7892,-1,-1,-1
126,1,305.64,0.54,275.70,479.14,0.8998,-1,-1,-1
127,30,533.57,202.29,14.50,39.35,0.3146,-1,-1,-1
127,29,562.64,203.16,15.07,37.00,0.5211,-1,-1,-1
127,25,549.55,198.70,13.00,40.91,0.4048,-1,-1,-1
127,23,0.16,77.90,45.76,402.10,0.4094,-1,-1,-1
127,22,502.74,193.04,26.77,77.70,0.5878,-1,-1,-1
127,18,205.51,22.69,78.56,406.32,0.8087,-1,-1,-1
127,2,0.97,0.98,249.37,475.50,0.8428,-1,-1,-1
127,1,306.91,0.37,276.16,479.37,0.8968,-1,-1,-1
128,30,534.13,202.94,14.07,40.25,0.3203,-1,-1,-1
128,29,562.05,203.40,16.01,37.62,0.4789,-1,-1,-1
128,28,294.50,178.22,30.99,79.85,0.3225,-1,-1,-1
128,23,0.20,77.37,47.31,402.63,0.5861,-1,-1,-1
128,22,502.96,194.10,26.28,76.56,0.6020,-1,-1,-1
128,18,204.95,22.62,79.64,407.00,0.7369,-1,-1,-1
128,2,0.38,0.69,253.89,473.37,0.8329,-1,-1,-1
128,1,306.16,0.58,276.93,478.87,0.9036,-1,-1,-1
129,29,561.20,203.98,16.42,37.04,0.4410,-1,-1,-1
129,28,287.42,187.75,21.64,70.48,0.3244,-1,-1,-1
129,23,0.17,80.01,47.70,399.99,0.6338,-1,-1,-1
129,22,502.97,194.01,26.35,77.09,0.5890,-1,-1,-1
129,18,204.82,22.93,79.53,407.63,0.7420,-1,-1,-1
129,2,0.56,0.85,253.23,473.96,0.8553,-1,-1,-1
129,1,307.26,0.23,274.93,478.64,0.8964,-1,-1,-1
130,29,561.25,202.93,16.33,38.11,0.4589,-1,-1,-1
130,28,288.98,189.91,20.40,68.13,0.3439,-1,-1,-1
130,25,542.58,195.68,17.18,51.97,0.3480,-1,-1,-1
130,23,0.22,80.35,48.86,399.65,0.6942,-1,-1,-1
130,22,504.11,193.57,26.37,76.95,0.6022,-1,-1,-1
130,18,204.88,23.92,79.29,407.06,0.7662,-1,-1,-1
130,2,2.19,0.81,248.10,472.70,0.8327,-1,-1,-1
130,1,306.31,0.29,276.48,478.91,0.9090,-1,-1,-1
131,30,530.18,198.82,17.47,46.30,0.3021,-1,-1,-1
131,29,559.86,203.49,17.45,36.80,0.4561,-1,-1,-1
131,28,288.49,191.31,20.59,66.81,0.3437,-1,-1,-1
131,23,0.18,80.14,48.95,231.83,0.3753,-1,-1,-1
131,22,501.89,193.59,27.94,77.74,0.6511,-1,-1,-1
131,18,203.95,23.12,80.52,404.55,0.7974,-1,-1,-1
131,2,12.53,0.91,236.38,470.32,0.8096,-1,-1,-1
131,1,306.16,0.50,275.59,478.75,0.8997,-1,-1,-1
132,28,282.15,189.40,21.13,67.73,0.3154,-1,-1,-1
132,22,502.20,192.64,27.44,77.81,0.6410,-1,-1,-1
132,18,201.64,22.80,82.15,405.94,0.8254,-1,-1,-1
132,11,295.84,177.69,26.98,81.22,0.5026,-1,-1,-1
132,2,11.10,0.59,235.85,471.65,0.7880,-1,-1,-1
132,1,306.77,0.08,273.20,479.26,0.8961,-1,-1,-1
133,28,280.00,187.36,22.16,68.39,0.3829,-1,-1,-1
133,23,0.06,82.06,38.92,223.97,0.3324,-1,-1,-1
133,22,501.96,192.90,28.09,78.54,0.5934,-1,-1,-1
133,18,200.91,22.60,82.98,406.95,0.8321,-1,-1,-1
133,11,294.61,177.90,29.79,80.86,0.5434,-1,-1,-1
133,2,8.76,0.54,236.74,475.35,0.8360,-1,-1,-1
133,1,306.18,0.00,273.22,476.32,0.8985,-1,-1,-1
134,29,557.80,200.23,19.46,40.36,0.4410,-1,-1,-1
134,28,280.09,188.05,20.53,66.24,0.3152,-1,-1,-1
134,25,537.34,190.86,19.61,56.91,0.4863,-1,-1,-1
134,23,0.13,80.82,46.77,397.37,0.4216,-1,-1,-1
134,22,500.97,192.64,29.06,79.39,0.6285,-1,-1,-1
134,18,201.28,22.75,81.23,411.61,0.8371,-1,-1,-1
134,11,295.10,178.42,29.86,80.23,0.5868,-1,-1,-1
134,2,9.83,0.76,234.08,477.60,0.8550,-1,-1,-1
134,1,305.30,0.29,270.75,476.34,0.9034,-1,-1,-1
135,25,537.03,192.84,19.11,55.07,0.5086,-1,-1,-1
135,23,0.17,80.07,43.44,396.14,0.4010,-1,-1,-1
135,22,500.69,192.94,27.96,78.75,0.6259,-1,-1,-1
135,18,202.17,22.78,80.90,412.42,0.8360,-1,-1,-1
135,11,295.05,177.44,29.92,81.79,0.5319,-1,-1,-1
135,2,7.35,0.84,234.46,477.93,0.8785,-1,-1,-1
135,1,306.48,0.00,269.66,480.00,0.8891,-1,-1,-1
136,25,534.89,190.76,21.04,58.30,0.3690,-1,-1,-1
136,23,0.10,77.86,43.62,393.20,0.4053,-1,-1,-1
136,22,500.34,192.54,28.71,79.48,0.6364,-1,-1,-1
136,18,199.81,23.83,83.24,410.12,0.8288,-1,-1,-1
136,11,297.28,178.46,26.98,80.62,0.4172,-1,-1,-1
136,2,5.66,0.94,231.05,477.34,0.8581,-1,-1,-1
136,1,305.72,0.09,269.55,479.91,0.8891,-1,-1,-1
137,31,0.01,79.79,41.05,389.38,0.4105,-1,-1,-1
137,25,534.20,191.07,22.06,58.01,0.4986,-1,-1,-1
137,22,500.71,193.29,28.51,78.61,0.6001,-1,-1,-1
137,18,194.66,22.90,89.06,409.18,0.8276,-1,-1,-1
137,11,297.72,178.03,26.80,80.76,0.5052,-1,-1,-1
137,2,6.45,0.78,225.04,478.22,0.8566,-1,-1,-1
137,1,305.76,0.00,269.58,480.00,0.8920,-1,-1,-1
138,25,533.20,190.03,24.23,58.18,0.4706,-1,-1,-1
138,22,501.95,192.89,27.82,78.85,0.5734,-1,-1,-1
138,18,191.63,23.38,92.10,412.21,0.8408,-1,-1,-1
138,11,292.71,178.47,33.92,80.96,0.6002,-1,-1,-1
138,2,5.39,0.40,222.01,479.60,0.8711,-1,-1,-1
138,1,304.16,0.00,272.05,479.92,0.9059,-1,-1,-1
139,29,556.39,201.64,17.38,40.28,0.3997,-1,-1,-1
139,22,502.02,193.64,27.61,77.87,0.5509,-1,-1,-1
139,18,190.34,22.40,93.54,410.13,0.8469,-1,-1,-1
139,11,291.54,178.14,35.09,81.22,0.6246,-1,-1,-1
139,2,3.73,0.40,222.78,479.60,0.8713,-1,-1,-1
139,1,304.97,0.00,272.70,480.00,0.9105,-1,-1,-1
140,29,556.39,203.49,16.49,38.33,0.3277,-1,-1,-1
140,22,502.72,192.71,27.93,78.53,0.5436,-1,-1,-1
140,18,189.27,22.31,95.13,410.37,0.8525,-1,-1,-1
140,11,292.91,177.03,32.02,82.24,0.6005,-1,-1,-1
140,2,2.28,0.67,220.32,478.97,0.8797,-1,-1,-1
140,1,305.42,0.64,274.25,478.93,0.9103,-1,-1,-1
141,29,554.76,204.03,15.69,37.99,0.3268,-1,-1,-1
141,22,502.18,192.90,27.35,78.23,0.5853,-1,-1,-1
141,18,187.55,20.93,97.08,412.36,0.8562,-1,-1,-1
141,11,293.12,178.48,32.07,80.13,0.4768,-1,-1,-1
141,2,1.86,0.78,217.71,478.48,0.8872,-1,-1,-1
141,1,304.15,0.00,276.67,474.56,0.8997,-1,-1,-1
142,29,555.87,203.30,18.00,39.17,0.3902,-1,-1,-1
142,22,502.66,192.24,27.05,79.00,0.5656,-1,-1,-1
142,18,187.49,20.64,97.00,413.63,0.8585,-1,-1,-1
142,11,294.55,178.22,27.80,80.16,0.4528,-1,-1,-1
142,2,1.47,0.97,215.82,479.03,0.8836,-1,-1,-1
142,1,304.13,0.32,277.42,479.31,0.9093,-1,-1,-1
143,29,555.44,207.01,14.00,35.53,0.3286,-1,-1,-1
143,22,504.31,191.98,24.40,78.33,0.5970,-1,-1,-1
143,18,185.38,20.27,99.55,414.13,0.8618,-1,-1,-1
143,11,291.70,178.19,32.93,81.44,0.5429,-1,-1,-1
143,2,0.59,0.99,216.32,479.01,0.8861,-1,-1,-1
143,1,305.58,0.00,278.24,479.85,0.9058,-1,-1,-1
144,29,554.07,202.81,16.94,39.51,0.4357,-1,-1,-1
144,22,504.52,191.31,23.62,78.78,0.5340,-1,-1,-1
144,18,185.03,20.59,99.75,413.24,0.8556,-1,-1,-1
144,11,293.29,178.20,29.80,80.15,0.5565,-1,-1,-1
144,2,0.24,1.04,216.84,478.40,0.8927,-1,-1,-1
144,1,305.08,0.00,282.08,480.00,0.9140,-1,-1,-1
145,29,555.39,201.69,20.92,59.34,0.4485,-1,-1,-1
145,22,505.81,192.23,22.88,77.78,0.5526,-1,-1,-1
145,18,182.45,20.21,102.55,412.90,0.8542,-1,-1,-1
145,11,294.01,178.45,28.91,79.87,0.5813,-1,-1,-1
145,2,0.23,1.06,215.38,478.09,0.9011,-1,-1,-1
145,1,307.02,0.00,286.76,480.00,0.9005,-1,-1,-1
146,18,182.68,20.34,102.28,412.28,0.8512,-1,-1,-1
146,11,295.98,178.10,26.45,80.35,0.6026,-1,-1,-1
146,2,0.14,1.28,215.57,477.42,0.8963,-1,-1,-1
146,1,308.50,0.00,285.76,479.71,0.8601,-1,-1,-1
147,18,183.63,20.50,100.68,412.51,0.8538,-1,-1,-1
147,11,296.68,177.26,24.05,83.12,0.3723,-1,-1,-1
147,2,0.35,1.39,216.10,476.69,0.8911,-1,-1,-1
147,1,324.03,0.00,281.82,477.16,0.8399,-1,-1,-1
148,18,186.36,20.40,97.80,412.38,0.8583,-1,-1,-1
148,11,298.49,177.94,23.47,83.47,0.3982,-1,-1,-1
148,2,1.14,0.99,217.19,478.18,0.8647,-1,-1,-1
148,1,315.54,0.00,293.54,476.60,0.8729,-1,-1,-1
149,32,289.36,200.75,19.19,59.03,0.4409,-1,-1,-1
149,18,189.35,20.86,94.73,411.12,0.8564,-1,-1,-1
149,11,300.68,178.65,21.95,84.56,0.4503,-1,-1,-1
149,2,2.02,0.49,221.89,479.51,0.8584,-1,-1,-1
149,1,315.69,0.00,296.11,477.46,0.8849,-1,-1,-1
150,18,190.46,21.70,93.81,413.04,0.8526,-1,-1,-1
150,2,2.26,0.93,223.46,478.74,0.8666,-1,-1,-1
150,1,315.32,0.00,298.63,479.33,0.8775,-1,-1,-1
151,18,193.24,21.99,90.48,414.53,0.8591,-1,-1,-1
151,2,3.79,0.77,224.53,478.90,0.8561,-1,-1,-1
151,1,316.60,0.00,295.13,479.62,0.8437,-1,-1,-1
152,18,193.69,21.89,89.80,413.17,0.8665,-1,-1,-1
152,2,8.37,0.56,222.95,479.44,0.8586,-1,-1,-1
152,1,316.39,0.00,288.79,478.92,0.7839,-1,-1,-1
153,23,0.29,79.62,45.40,386.01,0.3094,-1,-1,-1
153,18,193.43,21.55,89.82,412.00,0.8636,-1,-1,-1
153,2,8.77,0.66,225.23,475.67,0.8399,-1,-1,-1
153,1,310.75,0.00,291.35,476.41,0.8181,-1,-1,-1
154,29,554.03,206.41,15.27,36.13,0.4258,-1,-1,-1
154,23,0.29,79.52,45.24,386.04,0.3527,-1,-1,-1
154,22,502.98,188.67,26.01,79.52,0.6720,-1,-1,-1
154,18,192.92,21.50,90.78,414.07,0.8523,-1,-1,-1
154,2,5.90,0.62,228.41,475.07,0.8284,-1,-1,-1
154,1,306.22,0.63,288.61,479.37,0.8766,-1,-1,-1
155,31,0.04,79.98,36.40,173.96,0.3235,-1,-1,-1
155,29,553.92,204.85,16.35,37.53,0.3844,-1,-1,-1
155,23,0.24,78.65,43.61,387.49,0.3324,-1,-1,-1
155,22,500.64,192.75,27.65,76.50,0.6320,-1,-1,-1
155,18,192.69,21.99,90.29,414.56,0.8441,-1,-1,-1
155,2,8.18,0.64,226.14,476.78,0.8269,-1,-1,-1
155,1,305.29,0.45,284.64,479.55,0.8916,-1,-1,-1
156,31,0.14,80.18,35.83,119.14,0.3455,-1,-1,-1
156,29,552.66,208.28,15.45,34.34,0.3116,-1,-1,-1
156,22,499.24,195.04,28.22,74.72,0.5653,-1,-1,-1
156,18,192.22,21.74,90.10,413.92,0.8660,-1,-1,-1
156,2,6.49,0.72,228.41,478.07,0.8638,-1,-1,-1
156,1,305.09,0.00,280.26,480.00,0.9024,-1,-1,-1
157,31,0.02,80.24,35.13,175.12,0.3268,-1,-1,-1
157,29,555.02,210.22,14.14,32.66,0.3182,-1,-1,-1
157,22,497.99,194.45,29.55,76.88,0.5832,-1,-1,-1
157,18,191.29,20.86,89.34,415.96,0.8651,-1,-1,-1
157,2,7.22,0.41,226.53,475.20,0.8367,-1,-1,-1
157,1,302.82,0.00,261.17,480.00,0.9151,-1,-1,-1
158,33,589.35,0.77,50.53,255.46,0.4965,-1,-1,-1
158,31,0.15,79.30,33.05,117.87,0.3698,-1,-1,-1
158,29,552.36,208.98,16.91,34.34,0.4272,-1,-1,-1
158,25,526.24,194.41,20.96,57.48,0.4336,-1,-1,-1
158,22,497.85,196.01,29.88,75.23,0.5185,-1,-1,-1
158,18,191.05,19.39,89.54,419.08,0.8586,-1,-1,-1
158,2,6.09,0.17,225.20,478.01,0.8401,-1,-1,-1
158,1,304.66,0.00,231.25,480.00,0.9172,-1,-1,-1
159,33,587.49,0.00,52.35,251.63,0.3510,-1,-1,-1
159,29,549.27,205.07,17.64,39.27,0.3318,-1,-1,-1
159,25,527.29,195.27,20.46,56.07,0.4933,-1,-1,-1
159,23,0.07,76.42,39.54,394.25,0.4543,-1,-1,-1
159,22,496.79,183.99,31.41,88.32,0.7013,-1,-1,-1
159,18,190.55,18.81,92.06,418.06,0.8466,-1,-1,-1
159,2,3.74,0.27,227.31,478.29,0.8463,-1,-1,-1
159,1,299.95,0.00,218.39,480.00,0.9095,-1,-1,-1
160,32,282.42,183.09,22.98,75.20,0.3029,-1,-1,-1
160,23,0.04,76.55,40.20,393.89,0.4342,-1,-1,-1
160,22,496.46,184.87,32.24,87.14,0.7204,-1,-1,-1
160,18,190.07,18.88,91.21,419.66,0.8495,-1,-1,-1
160,2,0.11,1.03,228.60,478.12,0.8645,-1,-1,-1
160,1,302.55,0.59,200.24,474.14,0.9183,-1,-1,-1
161,33,585.67,0.65,54.21,249.84,0.3898,-1,-1,-1
161,23,0.11,76.32,36.35,392.33,0.4413,-1,-1,-1
161,22,495.85,186.13,32.28,86.00,0.6946,-1,-1,-1
161,18,188.90,18.16,91.70,420.54,0.8480,-1,-1,-1
161,2,0.35,0.79,228.21,479.21,0.8620,-1,-1,-1
161,1,294.86,0.00,206.29,480.00,0.9106,-1,-1,-1
162,33,588.90,0.81,50.96,248.38,0.3289,-1,-1,-1
162,25,524.89,193.22,19.58,59.07,0.4749,-1,-1,-1
162,23,0.09,72.81,35.30,389.42,0.3495,-1,-1,-1
162,22,496.87,184.21,32.22,88.18,0.7159,-1,-1,-1
162,18,187.91,15.53,94.87,421.92,0.8529,-1,-1,-1
162,2,0.00,0.51,229.47,478.34,0.8341,-1,-1,-1
162,1,289.69,0.60,212.84,474.49,0.9057,-1,-1,-1
163,33,589.64,0.84,50.21,248.40,0.3877,-1,-1,-1
163,23,0.20,70.76,35.45,372.85,0.3299,-1,-1,-1
163,22,496.87,183.76,33.74,88.35,0.7191,-1,-1,-1
163,18,187.71,15.43,93.68,426.46,0.8500,-1,-1,-1
163,2,0.24,0.42,227.89,474.66,0.8299,-1,-1,-1
163,1,288.48,0.41,213.79,475.24,0.9063,-1,-1,-1
164,23,0.10,72.33,32.88,364.15,0.3528,-1,-1,-1
164,22,495.84,182.67,32.63,89.80,0.7221,-1,-1,-1
164,18,186.62,13.68,93.92,428.41,0.8366,-1,-1,-1
164,2,0.15,0.70,224.60,475.03,0.8047,-1,-1,-1
164,1,289.69,0.73,211.73,474.45,0.9039,-1,-1,-1
165,23,0.00,78.67,29.44,346.25,0.3294,-1,-1,-1
165,22,496.24,183.26,33.27,89.19,0.7144,-1,-1,-1
165,18,187.09,13.67,93.32,428.05,0.8456,-1,-1,-1
165,2,0.00,0.47,223.55,475.42,0.8194,-1,-1,-1
165,1,295.05,0.00,206.80,480.00,0.9196,-1,-1,-1
166,22,496.46,182.76,33.04,89.50,0.7192,-1,-1,-1
166,18,185.51,12.07,94.92,430.82,0.8412,-1,-1,-1
166,2,0.00,0.09,222.79,476.76,0.8165,-1,-1,-1
166,1,296.03,0.00,206.52,480.00,0.9216,-1,-1,-1
167,29,547.69,202.61,20.42,42.84,0.3510,-1,-1,-1
167,22,496.13,183.75,33.91,88.64,0.7212,-1,-1,-1
167,18,184.65,10.72,94.58,432.31,0.8182,-1,-1,-1
167,2,0.00,0.49,221.15,472.75,0.7956,-1,-1,-1
167,1,294.84,0.00,207.18,480.00,0.9166,-1,-1,-1
168,29,547.50,200.84,20.69,45.07,0.3971,-1,-1,-1
168,25,525.32,189.70,19.13,62.30,0.3093,-1,-1,-1
168,22,496.05,182.83,34.11,89.39,0.7227,-1,-1,-1
168,18,183.65,10.67,94.85,432.17,0.8436,-1,-1,-1
168,2,0.00,0.44,220.88,474.53,0.8193,-1,-1,-1
168,1,293.72,0.00,207.59,480.00,0.9129,-1,-1,-1
169,29,548.23,202.92,20.12,42.03,0.3257,-1,-1,-1
169,22,496.54,183.97,33.32,88.99,0.7323,-1,-1,-1
169,18,183.16,10.59,96.03,433.50,0.8432,-1,-1,-1
169,2,0.00,0.33,220.69,474.26,0.7547,-1,-1,-1
169,1,286.03,1.15,215.45,473.78,0.9026,-1,-1,-1
170,25,526.71,188.77,17.71,63.87,0.3592,-1,-1,-1
170,22,496.41,182.76,33.65,89.91,0.7139,-1,-1,-1
170,18,182.88,10.03,96.31,435.78,0.8438,-1,-1,-1
170,2,0.00,0.27,220.04,471.74,0.7600,-1,-1,-1
170,1,280.67,0.85,220.50,473.94,0.8991,-1,-1,-1
171,18,182.31,9.90,96.89,437.37,0.8462,-1,-1,-1
171,2,0.01,0.02,219.27,473.94,0.7945,-1,-1,-1
171,1,279.80,0.68,221.08,474.78,0.9022,-1,-1,-1
172,18,182.57,10.00,96.62,437.75,0.8467,-1,-1,-1
172,2,0.00,0.26,219.06,476.00,0.8448,-1,-1,-1
172,1,281.83,0.81,219.12,475.67,0.8971,-1,-1,-1
173,18,181.55,10.08,97.91,436.61,0.8485,-1,-1,-1
173,2,0.10,0.13,218.89,477.01,0.8155,-1,-1,-1
173,1,283.51,0.71,216.40,476.88,0.8991,-1,-1,-1
174,18,181.12,10.26,97.98,436.70,0.8488,-1,-1,-1
174,2,0.00,0.13,218.69,476.11,0.8274,-1,-1,-1
174,1,283.12,0.91,216.21,477.09,0.9030,-1,-1,-1
175,18,179.88,10.98,100.13,442.68,0.8492,-1,-1,-1
175,2,0.07,0.07,218.53,477.06,0.8592,-1,-1,-1
175,1,280.92,0.89,218.30,477.45,0.8518,-1,-1,-1
176,18,180.73,11.37,99.60,439.10,0.8400,-1,-1,-1
176,2,0.00,0.00,218.90,476.87,0.8271,-1,-1,-1
176,1,283.80,0.00,215.41,479.17,0.8983,-1,-1,-1
177,18,181.04,11.71,97.97,438.73,0.8551,-1,-1,-1
177,2,0.00,0.00,218.67,474.49,0.7940,-1,-1,-1
177,1,282.86,0.62,216.22,475.27,0.8925,-1,-1,-1
178,29,547.43,202.94,18.86,42.91,0.5523,-1,-1,-1
178,22,495.85,183.48,34.63,89.43,0.7167,-1,-1,-1
178,18,180.14,11.12,99.71,436.71,0.8604,-1,-1,-1
178,2,0.06,0.11,218.19,477.54,0.8280,-1,-1,-1
178,1,282.09,0.00,219.31,478.33,0.9043,-1,-1,-1
179,29,548.69,204.54,17.95,40.91,0.4060,-1,-1,-1
179,22,496.40,183.29,33.78,89.63,0.7313,-1,-1,-1
179,18,181.00,11.31,98.32,440.18,0.8657,-1,-1,-1
179,2,0.11,0.12,218.14,475.79,0.8366,-1,-1,-1
179,1,266.90,0.62,233.77,477.00,0.8599,-1,-1,-1
180,29,549.81,206.33,17.12,39.93,0.3466,-1,-1,-1
180,22,496.34,183.28,33.28,89.47,0.7044,-1,-1,-1
180,18,180.43,11.41,98.89,437.76,0.8560,-1,-1,-1
180,2,0.00,0.18,218.43,477.60,0.8417,-1,-1,-1
180,1,283.65,0.00,217.52,479.26,0.9031,-1,-1,-1
181,29,549.77,206.58,17.29,40.07,0.3743,-1,-1,-1
181,22,496.57,183.51,32.83,89.31,0.7025,-1,-1,-1
181,18,182.15,11.75,96.89,437.23,0.8607,-1,-1,-1
181,2,0.00,0.05,218.22,476.72,0.8206,-1,-1,-1
181,1,281.86,0.00,219.98,479.90,0.9067,-1,-1,-1
182,22,496.60,183.72,32.60,88.52,0.7112,-1,-1,-1
182,18,181.33,11.16,97.24,435.38,0.8435,-1,-1,-1
182,2,0.00,0.26,217.86,474.23,0.8315,-1,-1,-1
182,1,282.73,0.63,220.97,475.24,0.9032,-1,-1,-1
183,29,548.71,205.75,16.04,40.57,0.3510,-1,-1,-1
183,25,523.25,188.66,23.88,68.38,0.5396,-1,-1,-1
183,22,497.07,184.60,31.17,87.76,0.7189,-1,-1,-1
183,18,182.04,11.71,96.38,435.93,0.8514,-1,-1,-1
183,2,0.01,0.45,218.84,476.07,0.8451,-1,-1,-1
183,1,283.12,0.56,221.27,475.93,0.9035,-1,-1,-1
184,25,524.07,187.48,25.53,69.69,0.5913,-1,-1,-1
184,22,497.94,184.12,29.74,88.57,0.7044,-1,-1,-1
184,18,181.15,11.61,97.25,435.22,0.8483,-1,-1,-1
184,2,0.16,0.48,218.44,474.83,0.8220,-1,-1,-1
184,1,285.33,0.86,220.77,475.27,0.9052,-1,-1,-1
185,29,546.79,202.69,18.38,44.31,0.3309,-1,-1,-1
185,25,522.85,189.09,25.57,66.90,0.4258,-1,-1,-1
185,22,498.52,184.46,29.37,87.57,0.7017,-1,-1,-1
185,18,180.71,11.58,97.54,435.15,0.8490,-1,-1,-1
185,2,0.06,0.36,218.50,475.40,0.8311,-1,-1,-1
185,1,288.78,0.79,219.00,474.77,0.8970,-1,-1,-1
186,29,548.44,205.08,18.08,42.13,0.3171,-1,-1,-1
186,25,522.74,187.80,22.64,68.80,0.5184,-1,-1,-1
186,22,498.65,185.53,28.73,85.96,0.6988,-1,-1,-1
186,18,181.25,11.47,97.23,435.84,0.8525,-1,-1,-1
186,2,0.00,0.37,218.74,476.50,0.8593,-1,-1,-1
186,1,294.83,1.16,214.53,474.37,0.9137,-1,-1,-1
187,25,522.91,191.97,20.91,64.82,0.5338,-1,-1,-1
187,22,499.38,185.66,27.98,85.40,0.6706,-1,-1,-1
187,18,182.37,11.48,96.00,435.73,0.8491,-1,-1,-1
187,2,0.08,0.28,218.69,475.83,0.8708,-1,-1,-1
187,1,294.76,1.07,215.41,474.75,0.9097,-1,-1,-1
188,32,292.87,178.64,23.68,77.07,0.4587,-1,-1,-1
188,29,549.48,206.61,16.36,40.51,0.3245,-1,-1,-1
188,25,522.65,192.10,19.51,67.56,0.4157,-1,-1,-1
188,22,499.78,185.19,28.15,86.51,0.6809,-1,-1,-1
188,18,181.10,11.37,97.34,435.51,0.8515,-1,-1,-1
188,2,0.06,0.41,218.69,475.88,0.8590,-1,-1,-1
188,1,295.98,0.99,214.19,474.18,0.9124,-1,-1,-1
189,32,293.80,177.87,23.32,76.10,0.3287,-1,-1,-1
189,25,523.86,189.17,20.52,70.19,0.5306,-1,-1,-1
189,22,499.39,184.41,28.80,87.17,0.6820,-1,-1,-1
189,18,181.34,10.94,96.77,435.84,0.8536,-1,-1,-1
189,2,0.06,0.28,218.71,475.42,0.8383,-1,-1,-1
189,1,296.58,0.89,213.30,473.85,0.9132,-1,-1,-1
190,32,293.70,178.21,23.21,78.46,0.4623,-1,-1,-1
190,25,523.40,188.88,20.25,70.94,0.5004,-1,-1,-1
190,22,499.07,185.56,29.07,85.83,0.6711,-1,-1,-1
190,18,181.77,11.08,96.31,434.60,0.8423,-1,-1,-1
190,2,0.07,0.31,218.54,475.34,0.8498,-1,-1,-1
190,1,296.47,0.80,213.47,474.68,0.9129,-1,-1,-1
191,32,294.67,178.00,22.94,78.24,0.5033,-1,-1,-1
191,25,524.99,189.47,21.23,69.71,0.4338,-1,-1,-1
191,22,498.89,184.73,29.50,87.45,0.6865,-1,-1,-1
191,18,181.56,10.90,96.62,435.80,0.8468,-1,-1,-1
191,2,0.11,0.44,218.41,475.69,0.8552,-1,-1,-1
191,1,296.65,0.96,212.91,474.60,0.9146,-1,-1,-1
192,32,294.33,178.38,23.06,77.53,0.4818,-1,-1,-1
192,22,498.88,184.45,29.49,87.03,0.6716,-1,-1,-1
192,18,180.84,11.12,97.54,435.70,0.8523,-1,-1,-1
192,2,0.06,0.40,218.37,475.57,0.8473,-1,-1,-1
192,1,295.49,0.97,214.18,474.39,0.9103,-1,-1,-1
193,32,293.16,177.23,23.93,77.77,0.3567,-1,-1,-1
193,25,525.07,188.96,24.84,72.05,0.3441,-1,-1,-1
193,22,499.08,184.75,29.10,87.50,0.6919,-1,-1,-1
193,18,181.50,11.18,96.81,436.32,0.8511,-1,-1,-1
193,2,0.13,0.37,217.91,474.31,0.8335,-1,-1,-1
193,1,294.42,0.71,215.28,474.56,0.9086,-1,-1,-1
194,25,523.14,188.75,26.98,73.07,0.3116,-1,-1,-1
194,22,499.32,184.61,29.01,87.70,0.6949,-1,-1,-1
194,18,180.30,11.00,97.78,436.78,0.8552,-1,-1,-1
194,2,0.21,0.37,217.32,475.86,0.8347,-1,-1,-1
194,1,290.12,0.46,219.21,475.75,0.8972,-1,-1,-1
195,22,498.90,184.17,28.55,88.50,0.6763,-1,-1,-1
195,18,180.16,11.00,97.40,436.81,0.8556,-1,-1,-1
195,2,0.27,0.56,217.11,475.64,0.8490,-1,-1,-1
195,1,285.35,0.44,223.67,476.11,0.8812,-1,-1,-1
196,25,526.51,189.99,28.64,72.01,0.3361,-1,-1,-1
196,22,499.67,183.62,28.83,89.14,0.6643,-1,-1,-1
196,18,178.96,10.96,98.82,436.83,0.8553,-1,-1,-1
196,2,0.35,0.42,216.73,474.12,0.7973,-1,-1,-1
196,1,282.56,0.49,226.39,476.22,0.8901,-1,-1,-1
197,25,526.52,189.63,26.84,73.29,0.3969,-1,-1,-1
197,22,499.01,184.53,29.30,87.76,0.6447,-1,-1,-1
197,18,178.15,10.34,99.29,437.54,0.8517,-1,-1,-1
197,2,0.30,0.45,217.18,474.27,0.8443,-1,-1,-1
197,1,281.16,0.50,228.74,476.66,0.8978,-1,-1,-1
198,25,527.56,188.13,36.56,75.08,0.3527,-1,-1,-1
198,22,499.18,184.76,30.11,87.66,0.6915,-1,-1,-1
198,18,177.31,10.44,98.84,438.48,0.8590,-1,-1,-1
198,2,0.29,0.51,216.32,474.69,0.8636,-1,-1,-1
198,1,281.09,0.70,228.14,475.89,0.9113,-1,-1,-1
199,25,540.14,187.21,23.35,73.75,0.3555,-1,-1,-1
199,22,498.15,184.67,30.78,86.40,0.6871,-1,-1,-1
199,18,175.91,11.42,98.58,437.68,0.8502,-1,-1,-1
199,2,0.12,1.57,216.74,473.38,0.8072,-1,-1,-1
199,1,279.37,0.68,229.73,476.63,0.9094,-1,-1,-1
200,25,529.28,185.72,35.93,74.34,0.4081,-1,-1,-1
200,22,498.19,185.21,30.77,87.31,0.7191,-1,-1,-1
200,18,174.56,12.01,96.52,437.64,0.8485,-1,-1,-1
200,2,0.07,5.23,216.31,469.10,0.7861,-1,-1,-1
200,1,276.99,0.76,231.67,475.67,0.9050,-1,-1,-1
201,22,497.58,185.20,30.12,87.47,0.7009,-1,-1,-1
201,18,169.55,12.94,99.15,438.68,0.8344,-1,-1,-1
201,2,0.13,3.14,216.43,471.08,0.7750,-1,-1,-1
201,1,274.16,0.00,233.55,480.00,0.9075,-1,-1,-1
202,34,524.82,189.15,26.84,75.67,0.3470,-1,-1,-1
202,32,291.76,178.62,19.84,43.46,0.3217,-1,-1,-1
202,22,497.31,185.33,29.85,87.23,0.6884,-1,-1,-1
202,18,164.07,15.34,100.60,435.65,0.8103,-1,-1,-1
202,2,0.10,7.15,216.81,468.85,0.7269,-1,-1,-1
202,1,273.48,0.00,233.39,480.00,0.9087,-1,-1,-1
203,34,524.10,188.05,27.97,77.02,0.5196,-1,-1,-1
203,22,496.91,184.76,29.76,88.20,0.7030,-1,-1,-1
203,18,155.46,16.91,106.55,432.34,0.7759,-1,-1,-1
203,2,0.09,14.58,214.59,461.36,0.6432,-1,-1,-1
203,1,273.35,0.00,232.79,478.57,0.8960,-1,-1,-1
204,34,519.68,189.46,31.57,76.78,0.5677,-1,-1,-1
204,22,495.18,186.33,29.60,86.99,0.7610,-1,-1,-1
204,18,155.89,18.93,101.97,419.87,0.8094,-1,-1,-1
204,2,0.24,1.44,214.43,470.14,0.6962,-1,-1,-1
204,1,273.15,0.83,232.43,474.40,0.8902,-1,-1,-1
205,34,521.86,187.77,30.22,78.62,0.5854,-1,-1,-1
205,29,546.58,207.68,15.30,42.55,0.3068,-1,-1,-1
205,22,496.22,186.50,28.62,85.96,0.7396,-1,-1,-1
205,18,154.15,20.92,97.62,412.70,0.8102,-1,-1,-1
205,2,0.15,0.99,214.18,470.08,0.6692,-1,-1,-1
205,1,272.14,1.03,234.58,473.67,0.8818,-1,-1,-1
206,34,523.69,186.72,29.63,78.23,0.4710,-1,-1,-1
206,29,548.92,204.33,13.42,45.94,0.3129,-1,-1,-1
206,22,495.21,186.48,29.38,85.43,0.7051,-1,-1,-1
206,18,153.43,23.30,95.33,406.62,0.7806,-1,-1,-1
206,2,0.11,1.91,212.20,471.31,0.6222,-1,-1,-1
206,1,269.52,0.75,236.98,473.99,0.8896,-1,-1,-1
207,34,519.46,185.51,31.44,80.06,0.5179,-1,-1,-1
207,29,548.09,202.05,14.00,48.50,0.3131,-1,-1,-1
207,22,495.28,185.96,28.63,86.26,0.7399,-1,-1,-1
207,18,156.28,25.02,92.12,396.10,0.7154,-1,-1,-1
207,2,0.19,2.13,211.50,469.62,0.5666,-1,-1,-1
207,1,271.85,0.95,234.49,474.15,0.8838,-1,-1,-1
208,34,519.52,187.10,34.96,78.17,0.4415,-1,-1,-1
208,22,493.67,186.65,29.86,87.15,0.7037,-1,-1,-1
208,18,166.68,30.08,85.08,374.33,0.7922,-1,-1,-1
208,2,0.16,0.32,210.96,474.08,0.7748,-1,-1,-1
208,1,263.39,0.60,243.61,475.04,0.8869,-1,-1,-1
209,34,521.21,185.83,33.89,81.93,0.4602,-1,-1,-1
209,22,494.49,185.95,29.07,86.77,0.7292,-1,-1,-1
209,18,169.96,33.67,81.06,365.32,0.7931,-1,-1,-1
209,2,0.00,0.35,209.16,474.40,0.7688,-1,-1,-1
209,1,261.20,0.84,246.10,475.40,0.8913,-1,-1,-1
210,34,519.84,186.45,24.41,80.65,0.4350,-1,-1,-1
210,22,492.52,185.60,30.55,88.30,0.7283,-1,-1,-1
210,18,173.10,44.92,79.66,352.95,0.8382,-1,-1,-1
210,2,0.24,1.04,204.15,474.47,0.8731,-1,-1,-1
210,1,256.52,0.77,248.81,476.51,0.8626,-1,-1,-1
211,34,524.68,184.99,24.82,80.49,0.4119,-1,-1,-1
211,22,491.65,183.54,31.57,89.75,0.7399,-1,-1,-1
211,18,171.83,48.12,84.60,349.30,0.8474,-1,-1,-1
211,2,0.17,1.44,201.06,475.67,0.8799,-1,-1,-1
211,1,267.94,1.23,237.07,476.52,0.8113,-1,-1,-1
212,34,524.90,187.07,34.02,78.67,0.3879,-1,-1,-1
212,22,491.15,185.97,30.02,89.49,0.7197,-1,-1,-1
212,18,169.80,54.39,93.41,345.29,0.8593,-1,-1,-1
212,2,0.40,0.77,197.28,472.23,0.8260,-1,-1,-1
212,1,264.28,1.10,240.48,476.46,0.8355,-1,-1,-1
213,34,520.77,186.02,24.30,80.22,0.4450,-1,-1,-1
213,22,490.15,184.72,29.27,89.39,0.6653,-1,-1,-1
213,18,167.57,53.64,103.74,344.83,0.8614,-1,-1,-1
213,2,0.47,2.49,188.25,473.74,0.7969,-1,-1,-1
213,1,252.19,1.26,250.92,477.01,0.8697,-1,-1,-1
214,34,517.74,185.28,26.64,83.23,0.5564,-1,-1,-1
214,22,489.69,184.73,28.57,90.01,0.7140,-1,-1,-1
214,18,154.72,56.14,121.85,354.11,0.8709,-1,-1,-1
214,2,0.37,0.59,183.46,477.28,0.8096,-1,-1,-1
214,1,254.54,0.80,245.18,476.73,0.8787,-1,-1,-1
215,34,516.16,184.51,26.48,83.60,0.5473,-1,-1,-1
215,29,539.13,198.54,20.21,54.34,0.4529,-1,-1,-1
215,22,485.34,185.06,33.07,89.38,0.7066,-1,-1,-1
215,18,161.61,56.36,117.86,345.47,0.8818,-1,-1,-1
215,2,0.54,0.20,182.72,476.34,0.7638,-1,-1,-1
215,1,256.24,0.66,241.35,475.23,0.8978,-1,-1,-1
216,34,524.00,187.94,17.79,77.39,0.4099,-1,-1,-1
216,29,536.89,197.71,20.79,53.21,0.4393,-1,-1,-1
216,22,488.00,184.37,28.18,90.05,0.7329,-1,-1,-1
216,18,168.01,59.13,114.37,341.10,0.8860,-1,-1,-1
216,2,0.52,0.36,179.18,474.09,0.7176,-1,-1,-1
216,1,255.94,0.29,239.12,476.26,0.8769,-1,-1,-1
217,34,522.59,184.99,19.06,79.83,0.5048,-1,-1,-1
217,29,538.27,196.33,19.25,54.54,0.4278,-1,-1,-1
217,22,485.49,182.36,31.58,91.77,0.7294,-1,-1,-1
217,18,170.47,61.79,115.00,339.37,0.8841,-1,-1,-1
217,2,0.56,0.24,179.05,477.25,0.8026,-1,-1,-1
217,1,289.38,1.15,204.93,478.85,0.8183,-1,-1,-1
218,34,521.77,190.99,18.57,75.58,0.3865,-1,-1,-1
218,22,482.23,181.69,31.34,95.02,0.7213,-1,-1,-1
218,18,173.73,69.07,113.98,331.46,0.8689,-1,-1,-1
218,2,0.55,0.39,181.14,478.32,0.7906,-1,-1,-1
218,1,263.96,1.05,226.07,478.95,0.7992,-1,-1,-1
219,34,506.36,184.69,30.44,83.54,0.4128,-1,-1,-1
219,29,535.06,198.36,21.71,53.93,0.3230,-1,-1,-1
219,22,481.35,180.46,30.87,94.29,0.7533,-1,-1,-1
219,18,181.16,74.79,110.24,325.70,0.8703,-1,-1,-1
219,2,0.44,0.38,182.86,476.07,0.8156,-1,-1,-1
219,1,294.34,0.10,193.42,479.72,0.8272,-1,-1,-1
220,34,509.85,184.27,27.39,84.75,0.5773,-1,-1,-1
220,29,537.04,197.00,21.97,54.87,0.3200,-1,-1,-1
220,22,480.02,180.24,31.16,95.99,0.7701,-1,-1,-1
220,18,186.39,80.22,105.39,316.95,0.8613,-1,-1,-1
220,2,0.27,0.30,186.86,476.17,0.8105,-1,-1,-1
220,1,292.95,9.82,191.21,468.49,0.7502,-1,-1,-1
221,34,506.76,184.31,29.44,84.57,0.6150,-1,-1,-1
221,29,537.79,200.08,21.18,52.06,0.3590,-1,-1,-1
221,22,483.83,181.74,25.65,93.55,0.7413,-1,-1,-1
221,18,189.49,87.94,104.31,301.19,0.8713,-1,-1,-1
221,2,0.11,1.00,193.17,475.59,0.7595,-1,-1,-1
221,1,268.13,22.38,218.50,456.93,0.8683,-1,-1,-1
222,34,506.69,182.40,30.43,86.59,0.6739,-1,-1,-1
222,29,538.50,204.09,21.03,49.34,0.4664,-1,-1,-1
222,22,486.75,182.99,24.01,91.57,0.6505,-1,-1,-1
222,18,196.76,90.60,102.23,290.08,0.8688,-1,-1,-1
222,2,0.12,2.43,199.08,477.57,0.5482,-1,-1,-1
222,1,282.46,28.44,209.60,450.87,0.9130,-1,-1,-1
223,34,506.61,183.73,29.15,88.15,0.4495,-1,-1,-1
223,29,537.77,203.86,22.16,49.76,0.5080,-1,-1,-1
223,22,488.83,182.57,21.75,97.67,0.4524,-1,-1,-1
223,18,203.11,92.76,96.52,273.24,0.8623,-1,-1,-1
223,2,0.07,0.70,211.94,472.08,0.7694,-1,-1,-1
223,1,290.18,32.74,206.05,447.26,0.8906,-1,-1,-1
224,34,508.96,185.76,25.21,86.52,0.3165,-1,-1,-1
224,29,538.06,202.94,22.06,50.88,0.5157,-1,-1,-1
224,22,488.76,182.60,23.49,95.52,0.5208,-1,-1,-1
224,18,208.23,95.04,92.81,271.19,0.8636,-1,-1,-1
224,2,0.00,0.94,216.09,474.96,0.6642,-1,-1,-1
224,1,291.56,35.21,205.34,444.79,0.9124,-1,-1,-1
225,36,561.15,204.54,15.75,39.08,0.3295,-1,-1,-1
225,29,538.62,201.02,22.50,53.34,0.5121,-1,-1,-1
225,22,486.00,184.25,28.87,94.55,0.6243,-1,-1,-1
225,18,214.06,101.83,89.21,266.21,0.8740,-1,-1,-1
225,2,0.00,0.00,220.20,478.07,0.8392,-1,-1,-1
225,1,292.67,38.85,202.27,440.08,0.9179,-1,-1,-1
226,34,510.96,189.72,21.28,82.52,0.4362,-1,-1,-1
226,29,539.19,202.01,23.26,53.53,0.5074,-1,-1,-1
226,22,484.31,180.16,30.27,98.49,0.6673,-1,-1,-1
226,18,219.82,107.77,85.63,260.62,0.8761,-1,-1,-1
226,2,0.00,2.22,227.06,473.79,0.8229,-1,-1,-1
226,1,295.26,43.39,193.18,436.61,0.9127,-1,-1,-1
227,34,510.30,188.52,21.47,83.93,0.4042,-1,-1,-1
227,29,540.10,201.04,21.93,54.00,0.5437,-1,-1,-1
227,22,481.07,180.29,33.21,100.34,0.7179,-1,-1,-1
227,18,222.02,111.16,87.22,249.63,0.8699,-1,-1,-1
227,2,0.13,1.16,227.09,475.74,0.8159,-1,-1,-1
227,1,299.19,49.70,182.95,430.30,0.9026,-1,-1,-1
228,36,563.11,195.24,15.98,49.79,0.3397,-1,-1,-1
228,34,510.69,185.28,21.92,87.05,0.3751,-1,-1,-1
228,29,542.26,201.73,21.27,54.98,0.5633,-1,-1,-1
228,22,481.86,180.40,34.12,102.82,0.7388,-1,-1,-1
228,18,231.00,111.21,84.08,245.88,0.8428,-1,-1,-1
228,2,0.08,1.38,231.36,475.80,0.9135,-1,-1,-1
228,1,302.77,55.04,172.53,423.93,0.9124,-1,-1,-1
229,36,564.73,202.68,17.50,44.49,0.3109,-1,-1,-1
229,29,543.12,199.79,23.73,58.30,0.5926,-1,-1,-1
229,22,484.75,183.85,31.71,100.94,0.6981,-1,-1,-1
229,18,236.82,109.74,86.18,231.54,0.8608,-1,-1,-1
229,2,0.80,1.54,225.51,475.91,0.9023,-1,-1,-1
229,1,306.43,61.62,158.01,418.38,0.9038,-1,-1,-1
230,37,454.11,169.04,33.40,123.16,0.6901,-1,-1,-1
230,29,545.68,199.49,21.22,59.10,0.6460,-1,-1,-1
230,25,532.80,196.49,15.75,49.46,0.3335,-1,-1,-1
230,22,485.96,182.97,32.05,102.88,0.6962,-1,-1,-1
230,18,239.37,110.22,84.67,229.96,0.8486,-1,-1,-1
230,2,0.14,1.44,223.28,477.75,0.8908,-1,-1,-1
230,1,309.13,66.16,151.39,413.19,0.8855,-1,-1,-1
231,37,453.14,165.27,38.57,126.48,0.7728,-1,-1,-1
231,34,515.39,184.60,22.73,88.92,0.4094,-1,-1,-1
231,29,552.04,199.51,22.32,59.02,0.6640,-1,-1,-1
231,22,489.27,183.53,29.31,103.00,0.7233,-1,-1,-1
231,18,244.97,110.42,83.43,229.53,0.8647,-1,-1,-1
231,2,0.24,4.97,222.39,470.26,0.7200,-1,-1,-1
231,1,308.34,66.14,148.31,413.86,0.8866,-1,-1,-1
232,38,575.07,156.52,64.83,201.63,0.6592,-1,-1,-1
232,37,456.23,162.70,42.02,130.49,0.7573,-1,-1,-1
232,34,514.65,184.01,25.05,92.77,0.5437,-1,-1,-1
232,29,552.92,199.64,26.76,60.46,0.5282,-1,-1,-1
232,22,494.26,183.14,24.99,101.46,0.6563,-1,-1,-1
232,18,251.81,113.70,81.08,227.94,0.8517,-1,-1,-1
232,2,0.52,5.66,221.61,472.97,0.8021,-1,-1,-1
232,1,325.25,65.41,135.50,413.53,0.8691,-1,-1,-1
233,38,576.65,164.31,63.29,190.51,0.3391,-1,-1,-1
233,37,467.04,160.12,38.07,133.32,0.6889,-1,-1,-1
233,34,522.10,184.87,20.34,92.36,0.5433,-1,-1,-1
233,29,557.65,198.84,25.36,61.38,0.6117,-1,-1,-1
233,22,503.07,178.73,19.72,98.12,0.3929,-1,-1,-1
233,18,258.22,119.07,79.03,223.29,0.8270,-1,-1,-1
233,2,0.25,2.49,221.35,470.52,0.5810,-1,-1,-1
233,1,332.56,64.24,131.71,415.41,0.8699,-1,-1,-1
234,38,585.95,167.53,53.94,216.44,0.4554,-1,-1,-1
234,37,477.32,160.48,37.20,132.02,0.5218,-1,-1,-1
234,34,519.77,184.53,26.19,92.68,0.4931,-1,-1,-1
234,29,566.57,202.99,21.07,57.40,0.5038,-1,-1,-1
234,22,492.45,162.46,29.43,130.00,0.3091,-1,-1,-1
234,18,265.97,121.57,75.72,216.87,0.8079,-1,-1,-1
234,2,0.48,1.56,223.06,470.63,0.6604,-1,-1,-1
234,1,322.56,70.28,164.63,409.72,0.8999,-1,-1,-1
235,37,484.54,158.98,36.72,129.50,0.3937,-1,-1,-1
235,34,526.89,187.09,23.18,92.81,0.4074,-1,-1,-1
235,29,570.04,198.28,28.08,63.59,0.4993,-1,-1,-1
235,18,270.37,121.67,77.36,213.18,0.8104,-1,-1,-1
235,2,6.08,0.79,220.01,477.75,0.8443,-1,-1,-1
235,1,334.50,74.76,168.31,405.15,0.8958,-1,-1,-1
236,39,0.05,115.13,44.46,181.62,0.5003,-1,-1,-1
236,38,609.59,168.19,30.28,273.06,0.5690,-1,-1,-1
236,34,530.31,192.06,26.16,85.56,0.4800,-1,-1,-1
236,29,574.95,190.70,29.27,70.12,0.5551,-1,-1,-1
236,22,505.87,173.87,28.44,114.02,0.3169,-1,-1,-1
236,18,278.74,117.48,73.58,205.99,0.7916,-1,-1,-1
236,2,6.96,0.78,224.04,477.21,0.8866,-1,-1,-1
236,1,343.23,79.39,169.45,400.61,0.8977,-1,-1,-1
237,39,0.52,119.93,57.22,153.36,0.5859,-1,-1,-1
237,38,610.33,202.56,29.53,276.41,0.6431,-1,-1,-1
237,37,490.99,163.14,44.86,156.80,0.3028,-1,-1,-1
237,34,541.66,182.80,18.90,96.51,0.4478,-1,-1,-1
237,29,584.68,192.63,27.44,69.28,0.5668,-1,-1,-1
237,18,286.73,118.89,74.57,204.37,0.8394,-1,-1,-1
237,2,8.11,7.14,232.40,471.98,0.8752,-1,-1,-1
237,1,361.95,88.25,164.68,391.31,0.9058,-1,-1,-1
238,40,241.89,170.44,30.03,102.72,0.5701,-1,-1,-1
238,39,0.19,116.74,66.83,156.44,0.4626,-1,-1,-1
238,38,609.26,205.83,30.64,273.99,0.5991,-1,-1,-1
238,34,545.57,185.35,20.53,97.51,0.3524,-1,-1,-1
238,29,589.26,195.36,29.47,67.97,0.5369,-1,-1,-1
238,18,290.06,120.11,77.08,202.93,0.8212,-1,-1,-1
238,2,9.85,7.21,235.96,472.79,0.8706,-1,-1,-1
238,1,373.61,85.62,162.76,394.38,0.9026,-1,-1,-1
239,41,364.96,175.66,23.44,86.76,0.5241,-1,-1,-1
239,40,248.04,163.24,32.88,115.50,0.5147,-1,-1,-1
239,39,0.00,115.51,81.18,348.46,0.4056,-1,-1,-1
239,38,597.50,216.07,42.34,263.81,0.3971,-1,-1,-1
239,29,595.06,200.27,29.56,63.14,0.3590,-1,-1,-1
239,18,305.71,124.68,65.02,198.80,0.7860,-1,-1,-1
239,2,3.03,14.12,249.25,465.49,0.8337,-1,-1,-1
239,1,391.54,88.34,156.17,391.20,0.8984,-1,-1,-1
240,42,0.00,166.26,45.30,96.86,0.5318,-1,-1,-1
240,41,366.05,180.75,24.73,79.68,0.4230,-1,-1,-1
240,40,252.65,158.71,38.13,116.24,0.7075,-1,-1,-1
240,29,596.56,189.50,31.52,72.52,0.5210,-1,-1,-1
240,18,304.69,124.92,69.42,194.33,0.7561,-1,-1,-1
240,2,18.79,15.13,243.41,463.50,0.7606,-1,-1,-1
240,1,398.26,85.24,160.33,373.08,0.8860,-1,-1,-1
241,41,366.20,180.77,24.09,79.81,0.3866,-1,-1,-1
241,39,0.25,110.77,105.12,327.17,0.3254,-1,-1,-1
241,29,598.03,198.66,30.64,56.61,0.3109,-1,-1,-1
241,18,308.78,123.35,76.81,194.30,0.7989,-1,-1,-1
241,2,0.00,14.72,265.83,460.69,0.7141,-1,-1,-1
241,1,410.56,83.15,154.29,376.21,0.8927,-1,-1,-1
242,43,392.53,180.85,25.26,80.30,0.5069,-1,-1,-1
242,39,3.36,114.75,104.98,324.83,0.4648,-1,-1,-1
242,38,591.26,166.94,48.56,312.27,0.7150,-1,-1,-1
242,18,290.01,121.98,94.53,192.77,0.8221,-1,-1,-1
242,2,47.78,9.17,225.50,470.83,0.8343,-1,-1,-1
242,1,414.02,86.88,149.10,377.88,0.8769,-1,-1,-1
243,43,391.19,180.90,26.73,81.04,0.5727,-1,-1,-1
243,42,17.94,165.88,45.95,86.26,0.6016,-1,-1,-1
243,39,9.54,115.52,101.62,326.06,0.3915,-1,-1,-1
243,38,575.84,19.39,64.01,460.61,0.7338,-1,-1,-1
243,22,531.02,139.30,37.28,177.93,0.3246,-1,-1,-1
243,18,304.18,121.72,78.25,189.37,0.8472,-1,-1,-1
243,2,51.70,6.83,224.96,471.09,0.8378,-1,-1,-1
243,1,415.02,88.81,146.22,380.99,0.8920,-1,-1,-1
244,43,393.76,178.84,25.16,83.34,0.5854,-1,-1,-1
244,42,10.15,168.58,57.30,85.90,0.7447,-1,-1,-1
244,38,543.16,2.22,96.62,477.78,0.8332,-1,-1,-1
244,22,536.88,135.14,34.80,84.64,0.3441,-1,-1,-1
244,18,316.53,120.39,66.04,189.71,0.7005,-1,-1,-1
244,2,76.33,6.86,205.71,468.78,0.7835,-1,-1,-1
244,1,424.32,90.36,141.43,378.76,0.8873,-1,-1,-1
245,45,413.45,172.74,31.06,106.66,0.4902,-1,-1,-1
245,43,391.62,179.56,25.58,82.40,0.6204,-1,-1,-1
245,38,530.98,0.00,108.90,478.61,0.7258,-1,-1,-1
245,18,310.87,121.17,72.12,192.90,0.7877,-1,-1,-1
245,2,69.55,9.71,214.39,449.47,0.8552,-1,-1,-1
245,1,428.75,87.39,133.83,385.17,0.8594,-1,-1,-1
246,45,411.44,169.24,39.22,109.46,0.7345,-1,-1,-1
246,43,387.90,174.88,28.16,86.96,0.5734,-1,-1,-1
246,38,533.48,0.00,106.41,479.04,0.7496,-1,-1,-1
246,18,306.09,121.01,75.71,190.41,0.8129,-1,-1,-1
246,2,74.23,9.00,212.92,468.25,0.9022,-1,-1,-1
246,1,434.07,86.29,119.02,381.84,0.8571,-1,-1,-1
247,47,28.41,195.34,18.76,38.51,0.5784,-1,-1,-1
247,46,0.35,165.79,15.96,87.93,0.6918,-1,-1,-1
247,45,408.75,171.63,32.84,106.77,0.7496,-1,-1,-1
247,43,386.33,176.33,25.91,84.66,0.6345,-1,-1,-1
247,38,504.09,0.81,135.41,477.29,0.8081,-1,-1,-1
247,18,307.05,122.26,72.15,190.03,0.8134,-1,-1,-1
247,2,80.59,9.96,206.90,466.35,0.9034,-1,-1,-1
247,1,436.82,85.19,116.65,364.13,0.8353,-1,-1,-1
248,48,285.42,168.75,28.10,93.46,0.5163,-1,-1,-1
248,47,27.18,194.72,18.77,38.93,0.6141,-1,-1,-1
248,45,407.68,171.98,34.20,107.84,0.7694,-1,-1,-1
248,43,383.84,174.47,28.38,87.23,0.6754,-1,-1,-1
248,38,524.95,1.00,114.88,479.00,0.8615,-1,-1,-1
248,18,306.41,122.68,73.32,190.08,0.8410,-1,-1,-1
248,2,87.55,8.72,201.94,469.65,0.8323,-1,-1,-1
248,1,436.23,87.83,130.09,353.16,0.8476,-1,-1,-1
249,48,290.34,169.59,24.36,92.33,0.6555,-1,-1,-1
249,47,29.20,195.42,17.10,38.11,0.5671,-1,-1,-1
249,45,410.46,170.11,34.94,110.91,0.7719,-1,-1,-1
249,43,386.05,173.95,29.48,88.02,0.6865,-1,-1,-1
249,38,497.70,0.75,141.92,477.05,0.8527,-1,-1,-1
249,18,311.68,121.75,72.89,186.70,0.8361,-1,-1,-1
249,2,97.72,7.07,197.32,471.67,0.8886,-1,-1,-1
249,1,446.28,86.50,122.93,360.17,0.7634,-1,-1,-1
250,48,297.54,172.87,21.54,91.63,0.5936,-1,-1,-1
250,47,32.93,197.06,18.39,39.56,0.5369,-1,-1,-1
250,45,414.20,171.91,35.24,113.30,0.7797,-1,-1,-1
250,43,390.20,175.02,30.28,91.06,0.6790,-1,-1,-1
250,38,502.74,0.65,137.09,479.35,0.8216,-1,-1,-1
250,18,318.83,123.09,71.51,181.99,0.8530,-1,-1,-1
250,2,109.98,7.92,193.75,470.43,0.9175,-1,-1,-1
250,1,459.87,87.56,122.77,366.25,0.6550,-1,-1,-1
251,50,78.35,177.37,41.42,89.74,0.5202,-1,-1,-1
251,47,35.05,197.01,17.10,40.60,0.5071,-1,-1,-1
251,45,414.90,170.54,36.99,116.26,0.7772,-1,-1,-1
251,43,394.74,175.10,27.06,91.36,0.6133,-1,-1,-1
251,42,71.85,178.93,26.77,83.99,0.3684,-1,-1,-1
251,38,511.29,0.26,128.54,479.67,0.8438,-1,-1,-1
251,18,324.51,123.92,67.34,182.29,0.8604,-1,-1,-1
251,2,120.58,10.14,189.09,469.86,0.9128,-1,-1,-1
252,47,37.08,199.30,16.25,40.56,0.4360,-1,-1,-1
252,45,416.44,174.51,35.92,116.95,0.7352,-1,-1,-1
252,43,397.37,177.33,27.16,92.26,0.5378,-1,-1,-1
252,42,66.50,179.67,50.94,90.39,0.6008,-1,-1,-1
252,38,519.09,3.27,120.62,470.72,0.8710,-1,-1,-1
252,18,327.88,128.66,65.94,181.57,0.8593,-1,-1,-1
252,2,126.86,17.10,189.77,462.90,0.8903,-1,-1,-1
253,51,460.98,142.35,57.69,179.04,0.7376,-1,-1,-1
253,48,319.77,192.65,22.79,75.51,0.4194,-1,-1,-1
253,47,42.91,202.34,14.84,39.12,0.4388,-1,-1,-1
253,45,420.55,174.24,36.98,120.31,0.6896,-1,-1,-1
253,43,401.08,174.01,27.36,95.45,0.5319,-1,-1,-1
253,42,65.78,180.13,49.93,93.80,0.7021,-1,-1,-1
253,38,523.30,5.39,116.53,466.96,0.8819,-1,-1,-1
253,18,333.69,130.64,68.27,182.52,0.8574,-1,-1,-1
253,2,137.73,28.20,186.00,451.66,0.8998,-1,-1,-1
254,51,459.93,141.41,56.72,181.82,0.7379,-1,-1,-1
254,47,44.37,203.03,14.73,39.16,0.3581,-1,-1,-1
254,45,421.62,171.39,37.95,123.54,0.6798,-1,-1,-1
254,43,405.01,175.61,25.99,95.11,0.4111,-1,-1,-1
254,42,67.99,179.93,44.73,93.16,0.6662,-1,-1,-1
254,38,529.04,4.02,110.51,473.26,0.8783,-1,-1,-1
254,18,338.88,133.79,63.29,179.87,0.8497,-1,-1,-1
254,2,147.44,28.72,182.30,450.72,0.8914,-1,-1,-1
255,53,113.00,143.05,54.20,160.90,0.7455,-1,-1,-1
255,51,440.47,142.27,74.29,187.25,0.8488,-1,-1,-1
255,45,418.80,171.91,37.93,126.17,0.6404,-1,-1,-1
255,42,59.29,180.54,40.38,97.33,0.6410,-1,-1,-1
255,38,527.85,3.97,111.64,475.22,0.8989,-1,-1,-1
255,18,342.41,137.18,60.13,178.67,0.8388,-1,-1,-1
255,2,129.10,37.83,211.79,442.06,0.8651,-1,-1,-1
256,51,427.45,141.49,86.09,190.57,0.8100,-1,-1,-1
256,45,415.71,168.10,36.28,130.49,0.5564,-1,-1,-1
256,44,81.45,134.49,73.18,169.11,0.6308,-1,-1,-1
256,42,37.98,178.07,48.05,100.70,0.6230,-1,-1,-1
256,38,525.63,0.77,114.10,477.27,0.9070,-1,-1,-1
256,18,344.42,134.22,58.53,177.17,0.7647,-1,-1,-1
256,2,166.55,35.40,186.30,443.80,0.8960,-1,-1,-1
257,55,489.25,167.57,51.72,143.56,0.6823,-1,-1,-1
257,51,426.96,139.07,84.25,196.22,0.8734,-1,-1,-1
257,44,58.08,131.55,84.87,176.52,0.7949,-1,-1,-1
257,42,14.77,178.95,64.86,101.52,0.6379,-1,-1,-1
257,38,524.23,0.35,115.45,478.76,0.9039,-1,-1,-1
257,18,345.71,132.76,52.40,176.26,0.7822,-1,-1,-1
257,2,168.60,35.88,185.82,442.15,0.8837,-1,-1,-1
258,55,483.57,163.97,53.52,149.12,0.6868,-1,-1,-1
258,51,412.41,132.02,78.58,207.69,0.8205,-1,-1,-1
258,44,32.84,132.33,99.10,180.08,0.8589,-1,-1,-1
258,42,0.72,183.44,52.18,95.79,0.3842,-1,-1,-1
258,38,483.45,0.60,156.43,479.40,0.8379,-1,-1,-1
258,18,343.08,133.20,55.88,179.68,0.7985,-1,-1,-1
258,2,151.69,27.49,203.02,449.82,0.8612,-1,-1,-1
259,55,480.35,163.23,58.63,149.85,0.6150,-1,-1,-1
259,51,397.90,128.36,72.93,213.26,0.8711,-1,-1,-1
259,44,11.44,129.13,111.36,184.89,0.8813,-1,-1,-1
259,42,0.56,176.10,43.48,99.04,0.4509,-1,-1,-1
259,38,472.68,0.00,167.18,480.00,0.8553,-1,-1,-1
259,18,344.51,136.48,50.99,177.09,0.7992,-1,-1,-1
259,2,150.70,28.50,200.55,449.95,0.8737,-1,-1,-1
260,55,473.14,141.70,58.19,177.81,0.6934,-1,-1,-1
260,51,391.24,127.51,72.16,224.95,0.7486,-1,-1,-1
260,44,0.00,127.25,104.66,192.61,0.8999,-1,-1,-1
260,18,335.99,141.19,53.45,173.76,0.7811,-1,-1,-1
260,2,143.40,27.46,197.75,452.54,0.9072,-1,-1,-1
260,1,498.57,1.22,141.16,478.78,0.8915,-1,-1,-1
261,55,466.61,146.64,46.65,178.65,0.6191,-1,-1,-1
261,51,359.98,129.41,99.73,232.69,0.8355,-1,-1,-1
261,44,0.15,124.22,78.98,195.52,0.8625,-1,-1,-1
261,18,323.74,145.82,58.06,171.77,0.8075,-1,-1,-1
261,2,134.08,26.68,193.27,453.32,0.8995,-1,-1,-1
261,1,488.76,1.43,151.07,477.66,0.9111,-1,-1,-1
262,51,332.48,128.39,111.79,240.55,0.8337,-1,-1,-1
262,44,0.05,157.64,40.39,162.68,0.3262,-1,-1,-1
262,18,317.47,146.57,56.36,168.77,0.6457,-1,-1,-1
262,2,117.78,21.90,195.33,457.52,0.8415,-1,-1,-1
262,1,459.23,1.82,180.53,475.65,0.8910,-1,-1,-1
263,55,388.22,165.34,58.01,151.06,0.3993,-1,-1,-1
263,51,320.73,120.99,102.38,257.70,0.8725,-1,-1,-1
263,2,108.96,11.78,196.11,468.22,0.8953,-1,-1,-1
263,1,442.95,0.85,196.80,477.59,0.9250,-1,-1,-1
264,51,318.19,117.18,106.55,264.01,0.8487,-1,-1,-1
264,48,291.86,198.60,17.08,75.65,0.4328,-1,-1,-1
264,2,103.14,10.57,194.33,468.12,0.8477,-1,-1,-1
264,1,437.73,0.57,201.99,478.99,0.9050,-1,-1,-1
265,55,374.52,160.71,47.21,156.48,0.8162,-1,-1,-1
265,18,287.82,107.71,78.35,279.99,0.7723,-1,-1,-1
265,2,72.91,8.09,219.43,471.51,0.8510,-1,-1,-1
265,1,431.30,0.85,208.34,476.68,0.9102,-1,-1,-1
266,55,370.66,156.05,46.84,159.76,0.7845,-1,-1,-1
266,18,284.17,99.29,63.73,287.53,0.7699,-1,-1,-1
266,2,80.37,9.32,212.12,470.19,0.8523,-1,-1,-1
266,1,424.84,0.78,214.86,476.11,0.8698,-1,-1,-1
267,56,315.26,140.40,51.17,158.35,0.8247,-1,-1,-1
267,55,359.97,146.93,63.13,165.31,0.7855,-1,-1,-1
267,51,256.53,88.74,82.83,293.49,0.7856,-1,-1,-1
267,2,57.86,6.81,229.16,471.61,0.8257,-1,-1,-1
267,1,422.73,0.91,217.14,476.40,0.9143,-1,-1,-1
268,56,308.80,134.03,54.45,161.47,0.8494,-1,-1,-1
268,55,355.61,141.18,66.34,166.40,0.7798,-1,-1,-1
268,51,242.45,77.41,90.85,300.97,0.5002,-1,-1,-1
268,43,285.54,159.90,29.89,101.66,0.3467,-1,-1,-1
268,2,36.39,0.88,246.74,479.12,0.7727,-1,-1,-1
268,1,423.27,0.62,216.48,476.10,0.9181,-1,-1,-1
269,56,308.06,130.09,53.18,158.68,0.8000,-1,-1,-1
269,55,347.26,135.55,60.23,171.10,0.7764,-1,-1,-1
269,45,275.98,145.48,34.69,130.45,0.3927,-1,-1,-1
269,2,32.69,0.00,262.90,480.00,0.8081,-1,-1,-1
269,1,419.35,0.93,220.65,474.09,0.9117,-1,-1,-1
270,57,589.61,179.39,50.29,228.11,0.6833,-1,-1,-1
270,56,311.00,110.67,40.84,160.22,0.7387,-1,-1,-1
270,55,337.51,114.74,56.97,176.84,0.7991,-1,-1,-1
270,2,37.04,0.66,255.37,479.15,0.8814,-1,-1,-1
270,1,405.00,0.74,235.00,476.46,0.9088,-1,-1,-1
271,57,591.68,93.87,48.24,274.09,0.5437,-1,-1,-1
271,56,315.71,83.80,34.61,162.11,0.5844,-1,-1,-1
271,55,328.20,86.35,60.02,182.10,0.7889,-1,-1,-1
271,2,31.88,0.49,258.90,474.87,0.8834,-1,-1,-1
271,1,400.30,0.66,239.65,479.34,0.9133,-1,-1,-1
272,57,590.42,39.28,49.45,299.71,0.4047,-1,-1,-1
272,55,314.65,47.75,67.38,192.05,0.8086,-1,-1,-1
272,41,271.00,67.61,39.22,138.29,0.4070,-1,-1,-1
272,2,32.44,0.62,245.18,441.28,0.7821,-1,-1,-1
272,1,396.88,0.20,242.68,479.80,0.9158,-1,-1,-1
273,59,0.72,5.08,101.98,372.39,0.3712,-1,-1,-1
273,57,585.34,138.00,54.48,180.48,0.3695,-1,-1,-1
273,55,311.24,41.23,65.62,195.04,0.7510,-1,-1,-1
273,41,252.47,61.17,61.43,147.17,0.7548,-1,-1,-1
273,2,24.90,0.97,247.12,446.40,0.6985,-1,-1,-1
273,1,397.48,0.19,242.14,479.75,0.9118,-1,-1,-1
274,59,0.00,1.05,66.57,263.52,0.4690,-1,-1,-1
274,57,585.95,59.53,53.95,264.76,0.4814,-1,-1,-1
274,55,306.13,54.79,69.14,199.06,0.7752,-1,-1,-1
274,41,258.63,80.78,51.08,142.41,0.7571,-1,-1,-1
274,2,81.95,0.00,180.54,478.77,0.7080,-1,-1,-1
274,1,396.93,0.49,241.83,473.21,0.9034,-1,-1,-1
275,59,0.00,82.98,53.24,236.39,0.6450,-1,-1,-1
275,57,599.85,5.85,40.06,324.73,0.5052,-1,-1,-1
275,55,297.14,73.21,65.95,203.08,0.7900,-1,-1,-1
275,41,265.23,100.53,38.77,139.44,0.6510,-1,-1,-1
275,2,33.20,0.23,221.24,476.21,0.8454,-1,-1,-1
275,1,394.69,0.31,241.51,475.33,0.8676,-1,-1,-1
276,59,0.15,169.85,28.29,99.11,0.4693,-1,-1,-1
276,57,604.40,132.93,35.13,224.73,0.4004,-1,-1,-1
276,55,292.52,102.06,71.44,204.51,0.8094,-1,-1,-1
276,41,260.08,133.34,47.24,131.67,0.4930,-1,-1,-1
276,2,39.37,0.64,210.53,466.95,0.8090,-1,-1,-1
276,1,404.09,0.43,234.53,478.22,0.9043,-1,-1,-1
277,57,596.47,41.55,43.38,327.72,0.4076,-1,-1,-1
277,55,283.65,112.37,69.75,210.21,0.7238,-1,-1,-1
277,48,247.92,142.89,37.92,130.87,0.4886,-1,-1,-1
277,41,261.42,140.85,36.47,136.26,0.3699,-1,-1,-1
277,2,45.73,0.02,198.82,436.09,0.8311,-1,-1,-1
277,1,404.62,0.32,234.42,479.68,0.9186,-1,-1,-1
278,57,590.42,107.70,49.51,259.84,0.4631,-1,-1,-1
278,55,269.94,112.96,72.15,218.70,0.7791,-1,-1,-1
278,48,238.79,148.04,37.09,127.33,0.5447,-1,-1,-1
278,18,205.38,120.59,46.09,187.92,0.3726,-1,-1,-1
278,2,24.71,0.00,209.26,478.05,0.8500,-1,-1,-1
278,1,401.30,0.19,219.57,479.81,0.9041,-1,-1,-1
279,61,315.39,148.48,54.75,144.25,0.6580,-1,-1,-1
279,57,578.58,62.57,61.34,314.42,0.8095,-1,-1,-1
279,55,254.04,129.09,74.77,223.86,0.7787,-1,-1,-1
279,41,188.36,143.17,64.29,194.92,0.7392,-1,-1,-1
279,2,8.79,22.19,204.97,454.60,0.8796,-1,-1,-1
279,1,381.09,0.06,218.59,479.23,0.8974,-1,-1,-1
280,61,298.41,149.44,54.13,146.47,0.8051,-1,-1,-1
280,57,565.34,60.95,74.66,314.80,0.8290,-1,-1,-1
280,56,232.46,126.58,74.58,228.31,0.7875,-1,-1,-1
280,52,350.87,121.18,54.84,209.75,0.3081,-1,-1,-1
280,41,168.90,144.85,72.51,201.90,0.8066,-1,-1,-1
280,2,0.46,20.67,184.83,456.55,0.8899,-1,-1,-1
280,1,359.21,0.00,221.99,477.95,0.8895,-1,-1,-1
281,61,269.12,138.30,51.50,145.03,0.8328,-1,-1,-1
281,57,543.46,58.46,83.84,307.31,0.8293,-1,-1,-1
281,56,193.78,105.65,78.38,243.66,0.7881,-1,-1,-1
281,52,317.30,101.72,57.82,220.08,0.6757,-1,-1,-1
281,48,140.00,132.48,74.14,200.76,0.8363,-1,-1,-1
281,2,0.14,3.08,146.86,476.92,0.9054,-1,-1,-1
281,1,330.88,0.50,233.50,479.50,0.9069,-1,-1,-1
282,61,259.35,145.04,42.82,143.92,0.8065,-1,-1,-1
282,57,531.98,96.96,80.33,293.45,0.4127,-1,-1,-1
282,56,162.48,106.82,82.92,256.16,0.8023,-1,-1,-1
282,52,291.31,73.75,75.29,299.75,0.5355,-1,-1,-1
282,48,137.38,135.08,37.68,189.00,0.6079,-1,-1,-1
282,41,112.96,155.36,33.13,151.42,0.6130,-1,-1,-1
282,2,0.18,11.09,117.43,466.31,0.8910,-1,-1,-1
282,1,329.27,0.59,238.43,479.41,0.9030,-1,-1,-1
283,61,263.19,158.24,36.82,144.55,0.7235,-1,-1,-1
283,57,529.33,136.58,76.59,279.19,0.3848,-1,-1,-1
283,56,147.80,115.38,92.71,266.09,0.8316,-1,-1,-1
283,52,307.83,134.51,73.75,273.54,0.6678,-1,-1,-1
283,41,110.68,166.77,45.23,150.06,0.6085,-1,-1,-1
283,2,0.25,21.51,117.95,455.77,0.8595,-1,-1,-1
283,1,349.98,0.00,234.34,480.00,0.8830,-1,-1,-1
284,62,297.66,85.42,69.00,232.52,0.5066,-1,-1,-1
284,61,274.58,160.31,40.37,144.51,0.7296,-1,-1,-1
284,56,149.40,113.11,94.70,272.51,0.8489,-1,-1,-1
284,52,317.93,129.25,83.01,289.32,0.7438,-1,-1,-1
284,41,117.49,164.92,43.48,152.37,0.7253,-1,-1,-1
284,2,0.24,17.18,127.22,461.88,0.8169,-1,-1,-1
284,1,380.61,0.68,226.58,479.32,0.8913,-1,-1,-1
285,62,311.25,74.13,69.07,279.91,0.7349,-1,-1,-1
285,61,290.04,158.99,36.83,141.78,0.7029,-1,-1,-1
285,56,159.90,105.45,89.56,277.53,0.8549,-1,-1,-1
285,52,338.22,84.80,88.86,332.58,0.8513,-1,-1,-1
285,41,121.79,160.62,47.06,158.84,0.6721,-1,-1,-1
285,2,0.22,17.71,134.29,461.85,0.8868,-1,-1,-1
285,1,412.34,0.63,225.35,479.37,0.9175,-1,-1,-1
286,63,252.01,173.08,34.26,129.42,0.4763,-1,-1,-1
286,62,316.95,72.38,77.20,284.68,0.6261,-1,-1,-1
286,56,164.93,105.37,92.06,283.73,0.8644,-1,-1,-1
286,52,354.01,77.30,104.10,360.07,0.8755,-1,-1,-1
286,41,129.71,164.59,41.79,160.96,0.6712,-1,-1,-1
286,2,0.18,29.30,141.38,450.70,0.9024,-1,-1,-1
286,1,442.57,0.69,197.33,478.63,0.9100,-1,-1,-1
287,63,265.50,172.91,33.61,128.26,0.4458,-1,-1,-1
287,62,328.84,72.27,80.10,293.81,0.7646,-1,-1,-1
287,56,168.55,104.27,100.00,289.49,0.8161,-1,-1,-1
287,52,367.66,66.59,121.32,383.42,0.8855,-1,-1,-1
287,41,136.63,162.54,39.49,166.15,0.6259,-1,-1,-1
287,2,0.17,37.41,146.10,442.59,0.8947,-1,-1,-1
287,1,472.10,0.00,167.66,479.35,0.8892,-1,-1,-1
288,63,277.81,168.47,31.49,132.31,0.5886,-1,-1,-1
288,62,339.43,64.56,85.00,303.23,0.8195,-1,-1,-1
288,56,173.77,99.13,95.18,303.03,0.8313,-1,-1,-1
288,52,383.65,56.50,142.42,404.97,0.8844,-1,-1,-1
288,48,252.83,159.89,36.96,170.56,0.5595,-1,-1,-1
288,41,138.31,160.08,46.43,166.25,0.6094,-1,-1,-1
288,2,0.07,39.53,149.87,440.47,0.8996,-1,-1,-1
288,1,503.11,0.00,136.70,479.61,0.8587,-1,-1,-1
289,63,294.33,169.82,33.59,132.91,0.5497,-1,-1,-1
289,62,356.93,60.42,86.30,314.71,0.7690,-1,-1,-1
289,56,185.07,101.34,99.34,316.43,0.8151,-1,-1,-1
289,52,406.30,51.80,150.13,422.26,0.8817,-1,-1,-1
289,48,260.28,157.92,47.41,177.00,0.6808,-1,-1,-1
289,41,146.89,158.43,60.30,175.32,0.6040,-1,-1,-1
289,2,0.31,51.35,160.15,428.33,0.9024,-1,-1,-1
289,1,556.98,6.02,82.87,471.59,0.8151,-1,-1,-1
290,63,316.90,173.19,32.31,125.46,0.4800,-1,-1,-1
290,62,375.30,51.74,89.98,339.09,0.8410,-1,-1,-1
290,56,196.53,98.98,103.07,327.95,0.8002,-1,-1,-1
290,52,431.08,38.36,163.40,441.64,0.8745,-1,-1,-1
290,48,288.71,160.43,41.99,178.92,0.5818,-1,-1,-1
290,41,158.73,156.33,47.20,177.91,0.6925,-1,-1,-1
290,2,0.73,59.32,173.50,420.35,0.8948,-1,-1,-1
291,64,587.69,55.99,51.99,397.29,0.6427,-1,-1,-1
291,62,391.02,42.34,107.48,352.62,0.8330,-1,-1,-1
291,56,211.17,91.57,104.47,345.46,0.8386,-1,-1,-1
291,52,449.64,25.18,178.89,450.11,0.8856,-1,-1,-1
291,48,306.99,161.75,50.55,176.51,0.6888,-1,-1,-1
291,41,166.44,151.69,49.75,179.74,0.7067,-1,-1,-1
291,2,3.45,56.44,178.18,423.56,0.8691,-1,-1,-1
292,63,359.33,183.05,24.56,116.22,0.3406,-1,-1,-1
292,62,406.92,36.97,112.52,371.95,0.8805,-1,-1,-1
292,56,222.06,88.31,112.77,364.44,0.8385,-1,-1,-1
292,52,471.85,11.98,168.00,466.80,0.8920,-1,-1,-1
292,48,322.65,167.02,58.35,174.56,0.7875,-1,-1,-1
292,41,170.53,156.65,56.17,176.50,0.7101,-1,-1,-1
292,2,11.00,53.87,180.04,425.50,0.8850,-1,-1,-1
293,62,417.47,25.52,122.58,402.14,0.8619,-1,-1,-1
293,56,231.33,76.87,111.14,373.59,0.8477,-1,-1,-1
293,52,488.38,0.00,151.59,479.57,0.8871,-1,-1,-1
293,48,332.24,168.45,63.63,173.84,0.8566,-1,-1,-1
293,41,167.17,150.27,63.58,183.63,0.5395,-1,-1,-1
293,2,12.74,45.17,181.75,434.83,0.9074,-1,-1,-1
294,62,430.19,17.20,133.16,423.24,0.8433,-1,-1,-1
294,56,238.75,68.16,118.11,394.76,0.8386,-1,-1,-1
294,52,513.97,1.55,125.80,476.34,0.8183,-1,-1,-1
294,48,349.29,166.51,65.24,175.73,0.8115,-1,-1,-1
294,2,24.84,46.08,178.44,433.92,0.8777,-1,-1,-1
295,67,214.00,192.66,38.14,114.65,0.7580,-1,-1,-1
295,62,443.16,8.51,142.98,442.21,0.8817,-1,-1,-1
295,56,244.91,57.79,122.63,414.13,0.8833,-1,-1,-1
295,52,536.69,69.63,102.69,409.99,0.8526,-1,-1,-1
295,48,370.50,165.06,59.49,172.34,0.7780,-1,-1,-1
295,2,39.31,47.08,178.71,432.66,0.7477,-1,-1,-1
296,67,219.82,194.97,40.56,114.64,0.7645,-1,-1,-1
296,62,452.14,1.39,153.55,460.15,0.8690,-1,-1,-1
296,56,250.52,50.31,124.63,425.42,0.8884,-1,-1,-1
296,52,556.59,63.05,83.25,416.95,0.7014,-1,-1,-1
296,48,385.49,163.91,56.76,177.28,0.8128,-1,-1,-1
296,2,1.83,55.29,219.59,423.01,0.8221,-1,-1,-1
297,70,0.21,125.48,69.76,213.20,0.7810,-1,-1,-1
297,67,222.88,195.40,37.52,111.46,0.4856,-1,-1,-1
297,62,460.20,0.00,165.53,465.57,0.8799,-1,-1,-1
297,56,247.60,35.11,132.38,441.68,0.8809,-1,-1,-1
297,52,590.60,108.19,49.12,332.11,0.4677,-1,-1,-1
297,48,387.20,161.95,68.44,176.18,0.8627,-1,-1,-1
297,2,3.46,55.09,224.44,422.95,0.8672,-1,-1,-1
298,70,0.05,120.96,54.07,194.53,0.8388,-1,-1,-1
298,62,467.45,0.14,172.27,479.19,0.9150,-1,-1,-1
298,56,237.51,18.23,143.92,460.86,0.8797,-1,-1,-1
298,48,399.06,166.22,84.62,171.34,0.8573,-1,-1,-1
298,2,50.66,54.74,186.19,424.19,0.7866,-1,-1,-1
299,71,394.24,172.32,36.09,124.48,0.3710,-1,-1,-1
299,70,0.20,117.09,51.78,202.31,0.8598,-1,-1,-1
299,62,472.43,0.39,167.36,479.61,0.9084,-1,-1,-1
299,56,238.90,8.38,139.48,471.62,0.8843,-1,-1,-1
299,48,403.97,168.47,86.18,169.26,0.8671,-1,-1,-1
299,2,62.35,53.51,180.97,424.53,0.8572,-1,-1,-1
300,72,369.45,167.97,49.49,138.12,0.7342,-1,-1,-1
300,71,406.82,174.10,31.34,118.34,0.4042,-1,-1,-1
300,70,0.19,136.68,58.64,198.36,0.8118,-1,-1,-1
300,62,487.79,0.00,151.95,480.00,0.8959,-1,-1,-1
300,56,225.10,0.00,146.21,478.11,0.8594,-1,-1,-1
300,48,411.93,164.60,82.91,171.64,0.8894,-1,-1,-1
300,2,79.88,50.45,164.81,429.55,0.8131,-1,-1,-1
