1,9,271.11,589.93,43.95,138.37,0.3006,-1,-1,-1
1,8,1445.57,498.45,30.43,85.98,0.3132,-1,-1,-1
1,7,539.67,551.47,32.50,88.89,0.3133,-1,-1,-1
1,6,500.83,551.07,35.87,89.52,0.3594,-1,-1,-1
1,5,121.73,708.25,52.92,96.51,0.4100,-1,-1,-1
1,4,1526.19,561.34,46.58,112.37,0.4233,-1,-1,-1
1,3,1609.11,558.15,56.10,115.71,0.6023,-1,-1,-1
1,2,1370.39,514.35,33.77,100.00,0.6447,-1,-1,-1
1,1,0.61,675.52,50.94,207.58,0.7037,-1,-1,-1
2,8,1448.77,491.21,31.32,91.43,0.3898,-1,-1,-1
2,6,500.42,535.44,39.07,95.21,0.3221,-1,-1,-1
2,5,108.67,699.63,50.34,95.50,0.5526,-1,-1,-1
2,4,1531.86,558.61,48.57,115.67,0.5625,-1,-1,-1
2,3,1615.31,549.22,60.78,124.59,0.6602,-1,-1,-1
2,2,1372.12,513.56,33.62,101.20,0.6425,-1,-1,-1
2,1,0.11,660.76,40.31,213.30,0.6570,-1,-1,-1
3,10,171.29,584.44,48.51,157.08,0.4275,-1,-1,-1
3,8,1451.04,486.24,32.28,92.65,0.3185,-1,-1,-1
3,6,500.53,550.75,36.65,92.26,0.3648,-1,-1,-1
3,5,105.74,724.24,44.04,97.58,0.5264,-1,-1,-1
3,4,1537.90,552.04,49.02,118.23,0.6498,-1,-1,-1
3,3,1620.00,548.64,63.03,120.07,0.6539,-1,-1,-1
3,2,1373.72,507.41,37.77,106.60,0.5891,-1,-1,-1
3,1,0.07,692.74,33.68,211.35,0.6504,-1,-1,-1
4,8,1458.01,485.70,27.64,89.77,0.4457,-1,-1,-1
4,7,537.58,545.62,33.92,97.04,0.3706,-1,-1,-1
4,6,499.12,547.17,36.65,93.68,0.4333,-1,-1,-1
4,5,92.42,722.39,43.70,101.12,0.5896,-1,-1,-1
4,4,1549.33,552.54,43.06,120.98,0.6529,-1,-1,-1
4,3,1629.87,547.48,62.64,126.21,0.7595,-1,-1,-1
4,2,1379.97,505.78,36.09,108.98,0.7124,-1,-1,-1
4,1,0.08,706.15,23.77,156.74,0.3936,-1,-1,-1
5,12,1499.98,514.96,23.78,75.86,0.3295,-1,-1,-1
5,8,1459.88,497.25,27.66,86.03,0.5460,-1,-1,-1
5,6,495.81,539.75,33.97,96.80,0.4487,-1,-1,-1
5,5,76.77,715.44,44.94,103.45,0.5019,-1,-1,-1
5,4,1549.91,561.49,51.48,121.53,0.3998,-1,-1,-1
5,3,1636.25,564.91,62.20,122.44,0.6361,-1,-1,-1
5,2,1384.76,515.87,33.97,110.19,0.7115,-1,-1,-1
6,12,1506.90,533.61,24.39,68.87,0.3128,-1,-1,-1
6,10,142.46,580.79,55.34,164.54,0.4572,-1,-1,-1
6,9,240.16,610.63,43.96,137.01,0.3710,-1,-1,-1
6,8,1463.82,505.59,26.52,88.36,0.5390,-1,-1,-1
6,6,498.36,552.07,37.94,98.98,0.4641,-1,-1,-1
6,5,66.60,731.51,41.75,105.11,0.4842,-1,-1,-1
6,3,1642.80,573.65,65.96,124.47,0.7573,-1,-1,-1
6,2,1391.91,527.52,30.40,106.88,0.6359,-1,-1,-1
7,10,132.36,582.30,58.69,163.23,0.3909,-1,-1,-1
7,8,1465.97,498.67,27.04,90.35,0.4664,-1,-1,-1
7,7,536.63,545.30,31.34,100.33,0.3376,-1,-1,-1
7,6,493.87,539.83,36.80,104.31,0.3786,-1,-1,-1
7,5,51.26,733.34,42.21,109.02,0.3332,-1,-1,-1
7,4,1563.18,567.11,54.85,126.61,0.5744,-1,-1,-1
7,3,1651.03,570.52,64.85,129.24,0.7406,-1,-1,-1
7,2,1392.05,517.65,32.53,111.80,0.5820,-1,-1,-1
8,12,1510.88,514.68,28.00,91.49,0.4032,-1,-1,-1
8,9,225.47,612.99,45.93,139.02,0.3806,-1,-1,-1
8,8,1467.01,509.32,31.95,87.56,0.5230,-1,-1,-1
8,7,533.56,540.46,34.38,111.67,0.3144,-1,-1,-1
8,6,493.07,548.97,35.67,101.29,0.3599,-1,-1,-1
8,5,34.09,741.42,44.79,108.18,0.4952,-1,-1,-1
8,4,1570.44,581.07,50.88,122.50,0.5488,-1,-1,-1
8,3,1658.19,576.15,66.36,130.12,0.6627,-1,-1,-1
8,2,1394.49,532.52,34.12,107.30,0.6718,-1,-1,-1
9,13,677.87,525.06,28.17,79.75,0.3204,-1,-1,-1
9,12,1514.28,522.49,29.15,85.23,0.3444,-1,-1,-1
9,9,219.53,614.01,41.58,135.88,0.4330,-1,-1,-1
9,8,1468.97,512.30,32.21,88.24,0.4327,-1,-1,-1
9,6,490.74,551.16,36.02,96.81,0.3189,-1,-1,-1
9,5,15.80,736.45,48.16,116.66,0.6126,-1,-1,-1
9,4,1577.00,588.48,50.48,123.48,0.5052,-1,-1,-1
9,3,1663.69,583.26,66.19,132.51,0.6920,-1,-1,-1
9,2,1396.96,533.43,35.28,106.50,0.6747,-1,-1,-1
10,9,209.69,613.03,42.43,132.16,0.5095,-1,-1,-1
10,8,1472.37,523.49,29.81,87.23,0.3215,-1,-1,-1
10,7,529.13,552.96,28.59,90.20,0.3903,-1,-1,-1
10,6,489.46,543.46,35.98,99.23,0.4576,-1,-1,-1
10,5,0.37,728.42,48.84,115.21,0.6397,-1,-1,-1
10,4,1582.44,603.88,49.97,122.20,0.6845,-1,-1,-1
10,3,1669.49,602.56,64.69,126.73,0.7865,-1,-1,-1
10,2,1398.14,541.68,36.53,106.56,0.6591,-1,-1,-1
11,10,84.57,589.29,59.34,170.89,0.3530,-1,-1,-1
11,9,201.00,611.42,44.87,145.28,0.4303,-1,-1,-1
11,8,1471.96,511.28,32.91,86.94,0.3871,-1,-1,-1
11,5,0.15,749.03,37.89,120.50,0.4077,-1,-1,-1
11,4,1589.26,586.20,51.23,127.21,0.6553,-1,-1,-1
11,3,1679.77,576.46,64.88,136.01,0.7657,-1,-1,-1
11,2,1401.01,530.78,36.44,107.05,0.6749,-1,-1,-1
12,10,77.69,591.73,56.89,166.51,0.3983,-1,-1,-1
12,9,191.91,606.64,47.49,151.94,0.5128,-1,-1,-1
12,8,1474.72,513.86,37.91,90.50,0.3874,-1,-1,-1
12,4,1596.75,591.87,53.50,128.74,0.7065,-1,-1,-1
12,3,1687.83,589.94,64.44,132.19,0.7709,-1,-1,-1
12,2,1403.09,532.01,37.64,110.94,0.6856,-1,-1,-1
13,9,173.30,578.41,55.65,168.70,0.5474,-1,-1,-1
13,8,1475.37,511.46,40.59,91.27,0.4241,-1,-1,-1
13,4,1599.27,594.85,57.04,126.17,0.6664,-1,-1,-1
13,3,1693.52,590.72,64.62,131.32,0.7226,-1,-1,-1
13,2,1408.19,530.10,35.10,104.30,0.7171,-1,-1,-1
14,10,53.52,584.17,56.22,176.51,0.3519,-1,-1,-1
14,9,168.97,600.56,50.18,162.90,0.3145,-1,-1,-1
14,7,518.17,545.40,34.16,101.76,0.3135,-1,-1,-1
14,6,480.39,550.93,32.87,96.17,0.3018,-1,-1,-1
14,4,1611.86,584.95,54.57,129.96,0.6282,-1,-1,-1
14,3,1702.66,582.22,61.84,133.58,0.6837,-1,-1,-1
14,2,1408.28,529.21,35.81,102.28,0.6684,-1,-1,-1
15,12,1533.67,517.33,32.17,92.03,0.3168,-1,-1,-1
15,7,518.81,537.56,34.73,106.32,0.3996,-1,-1,-1
15,6,479.93,548.56,34.01,96.10,0.3125,-1,-1,-1
15,4,1620.31,592.43,52.09,129.50,0.7189,-1,-1,-1
15,3,1711.40,584.63,61.95,138.68,0.7500,-1,-1,-1
15,2,1412.29,531.89,35.81,106.70,0.5294,-1,-1,-1
16,10,33.49,583.88,54.48,175.32,0.4577,-1,-1,-1
16,9,143.42,603.22,50.92,160.08,0.3296,-1,-1,-1
16,7,516.13,536.71,36.19,106.15,0.4636,-1,-1,-1
16,6,478.15,540.75,34.45,102.63,0.3862,-1,-1,-1
16,4,1626.73,593.78,55.98,130.45,0.6976,-1,-1,-1
16,3,1716.51,592.27,60.51,135.49,0.7422,-1,-1,-1
16,2,1416.97,533.20,34.21,104.61,0.5458,-1,-1,-1
17,12,1546.78,533.78,23.10,78.01,0.3270,-1,-1,-1
17,10,20.12,587.69,53.20,182.06,0.3848,-1,-1,-1
17,9,132.97,602.52,47.53,170.70,0.4308,-1,-1,-1
17,7,513.91,539.93,38.39,106.99,0.4907,-1,-1,-1
17,6,476.24,543.75,35.94,102.69,0.5147,-1,-1,-1
17,4,1635.52,588.24,53.83,134.90,0.6952,-1,-1,-1
17,3,1723.81,589.51,62.24,139.30,0.7096,-1,-1,-1
17,2,1418.32,533.06,37.60,108.70,0.6035,-1,-1,-1
18,10,8.26,589.49,54.33,186.25,0.3945,-1,-1,-1
18,7,513.83,540.93,37.79,106.07,0.5021,-1,-1,-1
18,6,474.69,541.06,38.44,105.06,0.5551,-1,-1,-1
18,4,1644.66,591.25,54.22,134.92,0.6255,-1,-1,-1
18,3,1733.64,594.34,60.99,137.25,0.7042,-1,-1,-1
18,2,1420.40,533.34,37.18,109.01,0.6993,-1,-1,-1
19,10,0.81,587.63,48.94,185.73,0.3763,-1,-1,-1
19,7,511.52,539.94,39.62,107.90,0.5126,-1,-1,-1
19,6,473.42,540.14,37.78,106.28,0.5131,-1,-1,-1
19,4,1651.69,592.34,54.77,135.09,0.4434,-1,-1,-1
19,3,1742.27,594.92,63.30,139.12,0.7481,-1,-1,-1
19,2,1422.76,534.35,38.04,107.73,0.7342,-1,-1,-1
20,10,0.20,596.16,37.53,184.21,0.4794,-1,-1,-1
20,7,507.65,535.98,41.25,115.84,0.4847,-1,-1,-1
20,6,471.34,544.91,37.35,106.73,0.4014,-1,-1,-1
20,4,1660.02,593.98,51.58,134.92,0.6052,-1,-1,-1
20,3,1750.85,596.79,62.55,139.79,0.7429,-1,-1,-1
20,2,1424.38,534.64,38.57,106.04,0.7477,-1,-1,-1
21,10,0.09,618.54,24.79,163.13,0.3771,-1,-1,-1
21,7,507.02,539.60,39.31,113.21,0.5237,-1,-1,-1
21,6,468.42,550.41,34.54,100.10,0.4583,-1,-1,-1
21,4,1667.06,596.89,55.28,137.48,0.6871,-1,-1,-1
21,3,1758.66,597.24,62.88,140.47,0.7462,-1,-1,-1
21,2,1426.04,532.25,40.34,112.50,0.6908,-1,-1,-1
22,7,504.75,544.57,36.83,111.01,0.5124,-1,-1,-1
22,6,465.48,550.84,36.61,103.80,0.5558,-1,-1,-1
22,4,1675.01,597.81,54.23,141.21,0.6264,-1,-1,-1
22,3,1772.61,602.05,59.62,137.80,0.7483,-1,-1,-1
22,2,1430.06,538.49,39.90,102.02,0.6691,-1,-1,-1
23,7,499.04,548.48,42.24,108.02,0.5497,-1,-1,-1
23,6,465.84,548.93,33.98,106.48,0.4278,-1,-1,-1
23,4,1680.75,600.50,56.52,143.15,0.7254,-1,-1,-1
23,3,1778.97,599.70,63.42,146.17,0.7717,-1,-1,-1
23,2,1430.82,538.49,40.23,110.12,0.6631,-1,-1,-1
24,14,665.65,532.24,25.62,77.02,0.3691,-1,-1,-1
24,7,496.48,552.97,37.67,105.50,0.4579,-1,-1,-1
24,6,460.41,549.29,42.49,108.97,0.4739,-1,-1,-1
24,4,1686.75,601.49,58.97,142.91,0.7311,-1,-1,-1
24,3,1789.08,592.92,65.43,152.34,0.7111,-1,-1,-1
24,2,1436.56,529.59,38.02,116.59,0.6539,-1,-1,-1
25,7,496.98,552.19,38.82,109.41,0.4673,-1,-1,-1
25,6,458.01,546.09,44.55,115.38,0.4381,-1,-1,-1
25,4,1696.12,607.36,55.76,148.72,0.7278,-1,-1,-1
25,3,1797.45,604.47,67.73,147.15,0.7095,-1,-1,-1
25,2,1437.82,535.13,41.12,121.54,0.6621,-1,-1,-1
26,15,1530.53,519.06,27.58,86.08,0.4781,-1,-1,-1
26,14,664.17,534.64,27.29,79.60,0.4047,-1,-1,-1
26,7,495.10,548.70,40.78,114.94,0.5505,-1,-1,-1
26,6,456.98,550.07,41.50,112.70,0.5107,-1,-1,-1
26,4,1704.13,611.76,59.42,149.69,0.7248,-1,-1,-1
26,3,1807.30,608.09,69.18,146.17,0.5900,-1,-1,-1
26,2,1439.79,538.63,44.31,118.57,0.7230,-1,-1,-1
27,15,1530.60,520.70,32.77,86.21,0.6918,-1,-1,-1
27,7,493.79,562.96,39.66,103.45,0.6101,-1,-1,-1
27,6,452.95,558.17,42.77,108.76,0.3937,-1,-1,-1
27,4,1710.99,615.99,59.82,148.61,0.6736,-1,-1,-1
27,3,1813.74,611.87,75.09,151.08,0.6523,-1,-1,-1
27,2,1444.03,542.38,40.86,113.15,0.7473,-1,-1,-1
28,15,1534.06,525.98,33.91,83.31,0.5366,-1,-1,-1
28,7,491.17,565.32,39.42,102.58,0.5865,-1,-1,-1
28,6,450.15,558.85,41.35,108.84,0.3524,-1,-1,-1
28,4,1718.24,616.91,60.14,152.37,0.6737,-1,-1,-1
28,3,1822.63,610.66,74.83,157.54,0.7715,-1,-1,-1
28,2,1447.00,546.11,45.75,110.27,0.7280,-1,-1,-1
29,15,1536.02,525.54,33.83,91.39,0.5617,-1,-1,-1
29,7,491.11,569.32,37.90,98.44,0.5287,-1,-1,-1
29,6,448.68,564.12,40.84,103.86,0.4895,-1,-1,-1
29,4,1725.79,622.87,60.56,160.73,0.7233,-1,-1,-1
29,3,1829.69,620.37,75.59,159.82,0.6925,-1,-1,-1
29,2,1452.27,550.98,39.19,109.82,0.7081,-1,-1,-1
30,15,1539.05,525.20,34.10,91.86,0.5648,-1,-1,-1
30,7,488.82,574.84,38.73,102.75,0.5004,-1,-1,-1
30,6,443.59,565.78,43.38,111.78,0.6151,-1,-1,-1
30,4,1739.23,624.43,58.93,159.43,0.7528,-1,-1,-1
30,3,1835.97,621.43,79.21,149.93,0.6343,-1,-1,-1
30,2,1454.22,550.14,42.12,111.98,0.6417,-1,-1,-1
31,15,1543.15,525.16,32.95,97.71,0.4866,-1,-1,-1
31,7,488.49,578.11,37.93,112.07,0.4165,-1,-1,-1
31,6,443.23,579.66,39.64,109.63,0.5757,-1,-1,-1
31,4,1750.28,628.69,57.96,153.65,0.5785,-1,-1,-1
31,3,1852.60,627.65,66.82,149.65,0.6390,-1,-1,-1
31,2,1457.03,551.29,42.05,121.93,0.6285,-1,-1,-1
32,15,1546.54,530.32,33.38,90.83,0.5976,-1,-1,-1
32,14,658.83,556.17,29.98,74.96,0.3551,-1,-1,-1
32,7,486.77,573.75,39.09,108.26,0.5267,-1,-1,-1
32,6,441.29,573.10,41.39,107.23,0.5729,-1,-1,-1
32,4,1757.76,632.20,60.85,154.95,0.6769,-1,-1,-1
32,3,1858.97,635.56,60.42,161.79,0.6872,-1,-1,-1
32,2,1461.68,557.43,39.27,119.26,0.6370,-1,-1,-1
33,15,1549.86,518.52,33.25,90.09,0.6533,-1,-1,-1
33,14,651.89,544.56,33.71,80.00,0.3181,-1,-1,-1
33,7,484.04,569.11,37.08,107.61,0.4873,-1,-1,-1
33,6,439.61,563.96,39.26,109.08,0.5151,-1,-1,-1
33,4,1767.82,620.39,60.13,152.14,0.6461,-1,-1,-1
33,3,1870.46,621.37,48.86,170.39,0.6662,-1,-1,-1
33,2,1464.66,541.84,42.73,125.91,0.7429,-1,-1,-1
34,15,1553.61,518.48,32.22,93.38,0.5972,-1,-1,-1
34,7,480.09,566.33,39.23,114.35,0.5207,-1,-1,-1
34,6,436.76,573.75,39.33,103.68,0.4813,-1,-1,-1
34,4,1774.56,620.56,65.19,157.35,0.7453,-1,-1,-1
34,3,1881.33,635.88,37.78,142.70,0.5550,-1,-1,-1
34,2,1469.10,545.19,41.40,124.55,0.7610,-1,-1,-1
35,15,1560.74,516.18,30.85,92.41,0.5334,-1,-1,-1
35,7,477.93,560.39,38.88,110.78,0.3760,-1,-1,-1
35,6,435.14,566.06,39.96,103.00,0.4298,-1,-1,-1
35,4,1784.78,622.24,66.95,158.16,0.6379,-1,-1,-1
35,2,1470.65,539.34,45.91,125.89,0.7299,-1,-1,-1
36,15,1565.22,516.09,30.53,90.57,0.3399,-1,-1,-1
36,7,474.84,550.13,39.18,119.33,0.3022,-1,-1,-1
36,6,431.91,561.09,41.72,105.64,0.3527,-1,-1,-1
36,4,1793.41,617.91,70.28,168.40,0.7064,-1,-1,-1
36,2,1477.34,536.42,43.06,129.54,0.7514,-1,-1,-1
37,15,1570.62,514.61,32.76,92.03,0.4271,-1,-1,-1
37,7,469.14,538.70,43.25,126.88,0.4701,-1,-1,-1
37,6,429.13,552.28,38.45,111.43,0.3535,-1,-1,-1
37,4,1800.22,622.30,76.21,169.47,0.7729,-1,-1,-1
37,2,1481.07,538.33,41.52,126.17,0.7195,-1,-1,-1
38,15,1575.42,502.91,30.86,97.71,0.4790,-1,-1,-1
38,7,466.50,540.74,44.42,124.61,0.5374,-1,-1,-1
38,6,426.25,549.75,39.48,116.06,0.4980,-1,-1,-1
38,4,1809.37,616.79,77.90,178.28,0.7811,-1,-1,-1
38,2,1485.15,532.98,40.65,130.24,0.7105,-1,-1,-1
39,15,1581.05,507.67,33.93,96.84,0.5142,-1,-1,-1
39,7,465.25,529.21,43.55,127.90,0.4775,-1,-1,-1
39,6,423.03,542.02,39.46,115.12,0.4522,-1,-1,-1
39,4,1822.49,630.04,75.62,173.43,0.7505,-1,-1,-1
39,2,1488.04,538.89,43.04,127.12,0.7030,-1,-1,-1
40,15,1582.61,500.03,36.32,104.36,0.3280,-1,-1,-1
40,7,465.73,539.53,42.81,121.95,0.4696,-1,-1,-1
40,6,420.48,540.68,39.08,121.52,0.3850,-1,-1,-1
40,4,1834.76,626.71,74.45,177.98,0.7794,-1,-1,-1
40,2,1492.24,536.57,41.32,126.40,0.7111,-1,-1,-1
41,15,1589.62,502.33,39.28,106.13,0.4960,-1,-1,-1
41,7,463.23,538.32,44.86,120.80,0.4696,-1,-1,-1
41,6,419.52,534.85,40.50,125.08,0.4087,-1,-1,-1
41,4,1845.64,633.22,73.69,179.87,0.7577,-1,-1,-1
41,2,1495.33,547.61,44.10,118.87,0.6972,-1,-1,-1
42,15,1594.76,508.19,34.31,100.44,0.5748,-1,-1,-1
42,14,646.65,521.56,33.21,91.23,0.3100,-1,-1,-1
42,7,462.01,545.80,46.55,116.54,0.4622,-1,-1,-1
42,6,418.67,536.42,43.96,127.60,0.5487,-1,-1,-1
42,4,1857.98,638.38,61.38,179.88,0.6916,-1,-1,-1
42,2,1501.29,548.04,43.06,120.45,0.6868,-1,-1,-1
43,16,502.47,529.01,33.95,89.52,0.3720,-1,-1,-1
43,15,1596.91,511.87,33.68,97.35,0.5064,-1,-1,-1
43,7,456.83,530.07,47.57,135.28,0.4131,-1,-1,-1
43,6,415.19,535.95,45.72,130.77,0.5425,-1,-1,-1
43,4,1870.96,644.74,48.31,169.47,0.6621,-1,-1,-1
43,2,1506.18,548.96,42.44,122.87,0.6678,-1,-1,-1
44,15,1599.92,510.40,38.55,101.34,0.5301,-1,-1,-1
44,7,451.39,531.33,49.73,137.84,0.4002,-1,-1,-1
44,6,416.56,535.04,43.98,133.26,0.3814,-1,-1,-1
44,4,1882.12,651.46,37.19,166.14,0.6409,-1,-1,-1
44,2,1511.86,552.95,42.54,120.33,0.6220,-1,-1,-1
45,15,1603.82,514.22,40.64,101.88,0.5885,-1,-1,-1
45,7,451.32,532.37,47.96,134.58,0.3258,-1,-1,-1
45,6,416.28,535.04,41.86,131.15,0.3758,-1,-1,-1
45,4,1892.81,674.73,26.50,158.38,0.4757,-1,-1,-1
45,2,1515.49,555.95,44.35,130.16,0.7575,-1,-1,-1
46,15,1608.87,515.82,39.54,100.48,0.5480,-1,-1,-1
46,7,449.13,534.15,46.84,136.80,0.3441,-1,-1,-1
46,6,406.38,540.76,48.57,126.10,0.3123,-1,-1,-1
46,2,1520.13,554.01,42.54,135.26,0.7570,-1,-1,-1
47,16,492.02,515.16,37.08,104.67,0.3365,-1,-1,-1
47,15,1619.52,528.46,33.81,91.86,0.5303,-1,-1,-1
47,14,640.95,531.15,31.16,87.18,0.3538,-1,-1,-1
47,7,449.73,539.35,43.57,130.93,0.3277,-1,-1,-1
47,2,1525.16,559.41,43.55,131.12,0.7205,-1,-1,-1
48,16,490.81,530.91,34.82,92.09,0.3159,-1,-1,-1
48,15,1622.04,528.29,31.79,91.71,0.6493,-1,-1,-1
48,7,448.66,544.55,45.07,131.11,0.3629,-1,-1,-1
48,6,403.14,535.95,47.57,135.59,0.3399,-1,-1,-1
48,2,1528.80,560.00,45.12,133.57,0.7090,-1,-1,-1
49,17,572.39,534.15,28.42,92.23,0.3077,-1,-1,-1
49,15,1625.94,533.10,31.44,90.80,0.7157,-1,-1,-1
49,7,446.12,551.26,43.90,125.66,0.5423,-1,-1,-1
49,6,397.40,557.38,43.59,117.63,0.4164,-1,-1,-1
49,2,1533.65,558.55,44.90,136.55,0.7107,-1,-1,-1
50,17,569.43,533.02,31.14,93.64,0.3224,-1,-1,-1
50,15,1632.11,530.37,27.79,90.29,0.4166,-1,-1,-1
50,7,444.61,560.31,43.03,116.53,0.5618,-1,-1,-1
50,6,397.06,555.07,43.67,117.74,0.3637,-1,-1,-1
50,2,1538.21,557.20,46.01,137.62,0.6966,-1,-1,-1
51,19,337.26,562.49,37.71,111.10,0.4036,-1,-1,-1
51,15,1637.46,533.78,29.86,89.71,0.6433,-1,-1,-1
51,7,442.09,567.65,43.01,108.74,0.5522,-1,-1,-1
51,6,396.86,550.23,44.21,121.08,0.4895,-1,-1,-1
51,2,1542.42,561.54,46.48,137.43,0.6992,-1,-1,-1
52,19,335.75,561.54,36.73,112.76,0.5025,-1,-1,-1
52,15,1640.04,532.10,30.43,91.43,0.5623,-1,-1,-1
52,14,635.95,538.11,31.96,88.39,0.4136,-1,-1,-1
52,7,441.93,568.79,40.77,109.43,0.5690,-1,-1,-1
52,6,395.26,551.43,45.90,123.86,0.5372,-1,-1,-1
52,2,1546.53,557.50,50.72,149.19,0.7092,-1,-1,-1
53,19,329.24,557.43,41.20,119.65,0.4316,-1,-1,-1
53,15,1644.22,533.54,30.29,89.41,0.5337,-1,-1,-1
53,14,636.42,536.27,30.65,90.73,0.4406,-1,-1,-1
53,7,438.93,565.22,44.68,115.16,0.5363,-1,-1,-1
53,6,392.11,550.37,45.94,127.80,0.5311,-1,-1,-1
53,2,1550.68,556.15,51.73,152.55,0.6876,-1,-1,-1
54,19,327.91,562.56,41.31,111.10,0.5001,-1,-1,-1
54,17,553.43,533.36,34.79,95.42,0.3110,-1,-1,-1
54,15,1648.70,534.30,30.44,89.47,0.5927,-1,-1,-1
54,14,635.66,534.78,31.50,90.79,0.3953,-1,-1,-1
54,7,436.05,567.33,44.61,113.27,0.5620,-1,-1,-1
54,6,387.59,548.22,45.46,129.82,0.5157,-1,-1,-1
54,2,1553.16,557.08,52.65,153.62,0.7243,-1,-1,-1
55,19,325.73,558.78,43.14,114.09,0.4942,-1,-1,-1
55,15,1653.61,532.76,32.73,92.44,0.6041,-1,-1,-1
55,14,635.96,535.76,30.12,90.42,0.3400,-1,-1,-1
55,7,434.60,561.81,44.60,119.53,0.4615,-1,-1,-1
55,6,383.97,542.97,46.05,135.20,0.5710,-1,-1,-1
55,2,1558.12,553.15,52.43,158.56,0.7489,-1,-1,-1
56,19,320.44,557.36,45.97,116.32,0.5542,-1,-1,-1
56,17,551.96,533.09,30.38,97.68,0.3291,-1,-1,-1
56,15,1656.78,524.12,36.64,102.15,0.7227,-1,-1,-1
56,14,632.56,535.97,26.42,92.75,0.3524,-1,-1,-1
56,7,430.76,562.77,43.12,119.04,0.3546,-1,-1,-1
56,6,382.98,551.76,43.40,126.32,0.5221,-1,-1,-1
56,2,1563.19,553.71,51.60,156.13,0.7373,-1,-1,-1
57,19,314.55,556.54,45.77,118.45,0.4610,-1,-1,-1
57,17,550.01,532.23,31.39,98.74,0.3742,-1,-1,-1
57,15,1658.33,519.88,37.24,104.70,0.7179,-1,-1,-1
57,14,630.73,536.36,27.95,92.59,0.3481,-1,-1,-1
57,7,425.74,560.76,44.04,119.90,0.4543,-1,-1,-1
57,6,380.06,551.17,43.69,127.45,0.5247,-1,-1,-1
57,2,1567.67,552.03,53.30,156.80,0.7168,-1,-1,-1
58,19,309.36,554.24,47.45,116.54,0.4667,-1,-1,-1
58,17,545.75,533.12,32.07,95.88,0.3047,-1,-1,-1
58,15,1661.05,513.41,37.06,108.66,0.6824,-1,-1,-1
58,14,631.27,536.51,27.36,90.53,0.3272,-1,-1,-1
58,7,421.10,558.67,45.10,120.85,0.4634,-1,-1,-1
58,6,377.15,546.79,43.17,130.47,0.5754,-1,-1,-1
58,2,1571.69,558.08,52.81,150.56,0.6330,-1,-1,-1
59,19,306.47,550.72,47.25,121.48,0.4357,-1,-1,-1
59,15,1663.85,509.63,41.46,112.21,0.6578,-1,-1,-1
59,14,626.81,535.75,29.05,90.14,0.3698,-1,-1,-1
59,7,418.18,561.00,45.83,117.07,0.4145,-1,-1,-1
59,6,373.94,543.38,41.51,132.11,0.5620,-1,-1,-1
59,2,1578.78,564.26,49.92,145.93,0.6308,-1,-1,-1
60,19,303.47,555.79,47.28,115.62,0.3951,-1,-1,-1
60,15,1664.97,510.91,42.16,110.49,0.7210,-1,-1,-1
60,7,416.64,564.21,47.77,114.11,0.3870,-1,-1,-1
60,6,369.21,547.45,41.02,128.10,0.5510,-1,-1,-1
60,2,1581.58,559.42,51.48,151.93,0.6268,-1,-1,-1
61,19,299.82,559.23,49.40,113.97,0.4345,-1,-1,-1
61,15,1665.80,509.63,44.90,106.64,0.7169,-1,-1,-1
61,7,415.38,560.58,47.68,118.88,0.4222,-1,-1,-1
61,6,365.48,549.68,45.15,127.83,0.4771,-1,-1,-1
61,2,1585.41,547.41,52.66,159.09,0.6205,-1,-1,-1
62,19,296.53,551.32,48.99,115.31,0.4384,-1,-1,-1
62,15,1671.41,520.18,44.23,102.32,0.5488,-1,-1,-1
62,14,622.93,530.70,27.14,94.26,0.3752,-1,-1,-1
62,7,413.11,549.98,42.67,127.53,0.3490,-1,-1,-1
62,6,360.80,541.61,47.33,131.44,0.4603,-1,-1,-1
62,2,1589.87,556.20,54.34,155.15,0.7001,-1,-1,-1
63,19,294.97,571.95,46.40,116.11,0.4958,-1,-1,-1
63,15,1681.28,514.86,37.04,93.04,0.5719,-1,-1,-1
63,7,412.62,572.02,45.06,118.74,0.3700,-1,-1,-1
63,6,360.71,564.10,43.57,127.90,0.4003,-1,-1,-1
63,2,1597.11,544.11,53.04,155.30,0.6411,-1,-1,-1
64,19,291.87,549.93,45.59,118.00,0.4852,-1,-1,-1
64,15,1688.81,530.70,33.62,93.95,0.6374,-1,-1,-1
64,14,621.74,530.54,25.80,95.63,0.3509,-1,-1,-1
64,7,402.97,545.56,46.21,130.44,0.3328,-1,-1,-1
64,6,357.29,538.72,45.63,135.81,0.4848,-1,-1,-1
64,2,1599.85,564.77,57.09,151.33,0.6265,-1,-1,-1
65,20,467.73,554.26,29.48,71.89,0.3439,-1,-1,-1
65,19,287.70,561.55,43.15,116.52,0.5095,-1,-1,-1
65,17,527.98,532.70,32.02,99.53,0.3402,-1,-1,-1
65,15,1690.60,529.13,33.10,88.84,0.6811,-1,-1,-1
65,7,401.24,562.03,45.16,120.77,0.3862,-1,-1,-1
65,6,349.11,552.54,47.29,130.89,0.4789,-1,-1,-1
65,2,1602.65,562.13,56.37,149.75,0.7297,-1,-1,-1
66,20,468.28,559.36,30.38,73.39,0.4145,-1,-1,-1
66,19,288.43,566.97,40.59,114.27,0.5079,-1,-1,-1
66,15,1698.29,519.84,33.49,92.70,0.6913,-1,-1,-1
66,14,619.05,542.68,25.71,91.91,0.3274,-1,-1,-1
66,7,397.56,566.59,48.75,123.76,0.5012,-1,-1,-1
66,6,348.30,557.53,47.07,135.38,0.6009,-1,-1,-1
66,2,1610.95,561.55,55.34,149.59,0.7218,-1,-1,-1
67,20,459.19,552.47,31.05,69.97,0.3430,-1,-1,-1
67,19,281.13,545.99,42.60,123.85,0.3359,-1,-1,-1
67,15,1698.58,536.74,35.18,90.84,0.6537,-1,-1,-1
67,7,394.23,558.98,46.33,120.09,0.5553,-1,-1,-1
67,6,342.68,544.21,49.90,135.87,0.5524,-1,-1,-1
67,2,1613.72,568.01,56.53,155.08,0.7347,-1,-1,-1
68,20,454.96,558.45,30.66,73.38,0.4476,-1,-1,-1
68,19,277.85,562.46,41.11,118.41,0.4448,-1,-1,-1
68,15,1701.99,528.33,33.18,89.98,0.5779,-1,-1,-1
68,7,388.29,562.47,50.47,123.86,0.5489,-1,-1,-1
68,6,341.14,556.94,46.47,129.98,0.5780,-1,-1,-1
68,2,1617.38,564.64,56.59,152.12,0.7318,-1,-1,-1
69,20,451.20,553.73,27.92,73.71,0.4046,-1,-1,-1
69,19,272.35,549.85,40.52,127.43,0.4400,-1,-1,-1
69,15,1704.24,538.51,35.12,91.59,0.6500,-1,-1,-1
69,7,386.57,556.88,46.16,122.97,0.4938,-1,-1,-1
69,6,333.45,543.02,51.87,139.23,0.4394,-1,-1,-1
69,2,1621.61,571.25,58.94,157.46,0.7563,-1,-1,-1
70,20,443.40,555.24,30.66,74.90,0.4612,-1,-1,-1
70,19,266.69,548.89,43.96,131.07,0.3747,-1,-1,-1
70,15,1705.14,534.75,35.13,93.30,0.5962,-1,-1,-1
70,7,380.33,555.52,48.10,128.88,0.5873,-1,-1,-1
70,6,330.49,545.02,50.11,139.65,0.5193,-1,-1,-1
70,2,1625.66,566.11,59.36,156.89,0.7757,-1,-1,-1
71,20,436.45,552.73,33.78,75.90,0.3959,-1,-1,-1
71,17,504.78,531.73,37.36,108.31,0.4427,-1,-1,-1
71,15,1706.52,536.82,35.08,93.85,0.6897,-1,-1,-1
71,14,598.55,539.64,28.60,97.00,0.3385,-1,-1,-1
71,7,374.84,553.04,48.69,128.96,0.5607,-1,-1,-1
71,6,329.51,547.32,47.27,134.55,0.5147,-1,-1,-1
71,2,1630.24,571.94,58.61,159.49,0.7564,-1,-1,-1
72,20,428.73,555.80,34.97,75.44,0.4245,-1,-1,-1
72,17,503.54,535.27,35.93,106.70,0.3700,-1,-1,-1
72,15,1706.68,536.30,36.33,91.25,0.6906,-1,-1,-1
72,7,370.92,554.83,47.33,130.66,0.6105,-1,-1,-1
72,6,325.59,552.17,49.10,133.45,0.6164,-1,-1,-1
72,2,1633.17,558.59,60.44,174.33,0.7885,-1,-1,-1
73,20,425.04,552.05,30.49,74.12,0.4058,-1,-1,-1
73,19,252.39,553.33,39.75,127.32,0.3369,-1,-1,-1
73,17,500.54,535.11,34.94,105.42,0.3436,-1,-1,-1
73,15,1708.46,538.74,39.33,95.08,0.5833,-1,-1,-1
73,7,366.63,548.38,47.85,133.53,0.5836,-1,-1,-1
73,6,316.60,543.04,51.98,138.97,0.4709,-1,-1,-1
73,2,1638.32,564.17,60.41,171.90,0.6738,-1,-1,-1
74,20,417.36,553.33,35.00,74.24,0.4468,-1,-1,-1
74,19,247.13,541.05,46.96,142.03,0.3169,-1,-1,-1
74,15,1711.00,536.03,37.19,93.35,0.5858,-1,-1,-1
74,14,583.21,538.12,27.72,100.68,0.3059,-1,-1,-1
74,7,363.09,548.30,49.05,134.92,0.4973,-1,-1,-1
74,6,314.57,542.86,49.02,141.26,0.3724,-1,-1,-1
74,2,1641.35,571.34,64.89,166.63,0.7210,-1,-1,-1
75,20,412.61,554.44,32.75,76.36,0.3757,-1,-1,-1
75,15,1712.13,539.28,37.79,93.61,0.5706,-1,-1,-1
75,14,580.23,536.41,28.78,104.23,0.3460,-1,-1,-1
75,7,355.70,556.91,46.94,127.39,0.6082,-1,-1,-1
75,6,305.58,549.35,49.29,133.65,0.4164,-1,-1,-1
75,2,1643.55,578.55,64.85,162.79,0.7429,-1,-1,-1
76,20,399.71,552.97,36.68,73.68,0.3273,-1,-1,-1
76,15,1712.59,539.40,38.49,90.83,0.5478,-1,-1,-1
76,14,575.61,536.07,31.22,103.01,0.3407,-1,-1,-1
76,7,350.74,551.74,48.73,131.31,0.4953,-1,-1,-1
76,6,293.15,542.83,58.20,141.97,0.4755,-1,-1,-1
76,2,1647.82,579.05,63.99,163.40,0.7341,-1,-1,-1
77,20,396.46,553.49,33.31,78.17,0.3709,-1,-1,-1
77,17,475.98,534.66,42.61,111.22,0.3060,-1,-1,-1
77,15,1713.66,540.88,38.25,90.88,0.5368,-1,-1,-1
77,14,573.87,533.50,30.02,104.94,0.3860,-1,-1,-1
77,7,343.45,549.32,48.52,132.99,0.6133,-1,-1,-1
77,6,292.35,545.45,52.84,138.41,0.4480,-1,-1,-1
77,2,1649.09,581.13,67.95,162.83,0.7195,-1,-1,-1
78,20,390.39,552.83,34.94,77.63,0.3429,-1,-1,-1
78,19,222.71,543.97,43.17,138.56,0.3029,-1,-1,-1
78,15,1713.34,540.76,38.43,91.31,0.5829,-1,-1,-1
78,14,571.33,536.47,27.06,99.57,0.3059,-1,-1,-1
78,7,340.47,552.76,47.66,132.72,0.5297,-1,-1,-1
78,6,280.56,540.16,56.69,145.80,0.4271,-1,-1,-1
78,2,1652.76,581.75,68.17,164.56,0.7336,-1,-1,-1
79,20,382.76,552.47,33.25,76.65,0.3437,-1,-1,-1
79,17,463.45,529.63,39.23,114.78,0.3435,-1,-1,-1
79,15,1712.81,539.99,39.03,90.47,0.5743,-1,-1,-1
79,14,546.05,534.92,43.33,110.71,0.3190,-1,-1,-1
79,7,333.33,548.19,50.38,136.67,0.5562,-1,-1,-1
79,6,270.17,537.83,62.17,145.99,0.5009,-1,-1,-1
79,2,1653.11,585.31,72.99,161.77,0.7503,-1,-1,-1
80,20,373.24,554.05,35.73,76.57,0.3363,-1,-1,-1
80,17,455.26,529.43,44.88,119.22,0.4903,-1,-1,-1
80,15,1712.08,535.95,39.67,92.24,0.6115,-1,-1,-1
80,14,550.29,534.35,38.09,112.31,0.3065,-1,-1,-1
80,7,327.22,553.40,49.81,133.81,0.6084,-1,-1,-1
80,6,262.86,536.80,64.63,148.78,0.5575,-1,-1,-1
80,2,1653.24,581.30,75.34,168.00,0.7249,-1,-1,-1
81,23,147.57,556.83,45.75,131.58,0.3818,-1,-1,-1
81,20,368.29,554.32,33.41,74.30,0.4967,-1,-1,-1
81,17,451.48,531.30,45.70,120.21,0.3342,-1,-1,-1
81,15,1711.50,536.10,39.20,91.45,0.5704,-1,-1,-1
81,14,547.78,541.02,37.35,103.87,0.3280,-1,-1,-1
81,7,318.22,553.54,51.43,133.34,0.5708,-1,-1,-1
81,6,267.98,551.52,49.53,131.06,0.3501,-1,-1,-1
81,2,1657.60,581.80,72.21,166.94,0.7504,-1,-1,-1
82,23,138.69,555.99,50.10,135.93,0.4349,-1,-1,-1
82,20,359.57,554.89,34.70,76.94,0.3522,-1,-1,-1
82,15,1712.16,537.21,36.01,91.12,0.6128,-1,-1,-1
82,7,311.82,555.60,49.09,131.31,0.4983,-1,-1,-1
82,6,262.36,534.97,49.78,148.72,0.3820,-1,-1,-1
82,2,1660.17,582.73,71.82,171.31,0.7395,-1,-1,-1
83,23,129.62,559.16,51.73,132.52,0.5458,-1,-1,-1
83,22,470.74,541.41,38.32,113.69,0.3858,-1,-1,-1
83,20,356.32,558.82,31.14,73.32,0.3571,-1,-1,-1
83,17,440.07,538.32,41.77,113.70,0.3829,-1,-1,-1
83,15,1712.09,536.64,35.49,91.10,0.5894,-1,-1,-1
83,7,304.27,558.90,51.92,130.46,0.6694,-1,-1,-1
83,6,256.52,542.53,46.92,145.16,0.4586,-1,-1,-1
83,2,1666.84,581.74,66.19,172.44,0.7061,-1,-1,-1
84,23,121.72,561.43,52.24,134.68,0.5341,-1,-1,-1
84,22,461.97,545.91,44.18,110.37,0.3908,-1,-1,-1
84,21,406.83,555.41,29.08,87.37,0.4896,-1,-1,-1
84,20,346.51,557.49,31.82,74.44,0.4252,-1,-1,-1
84,17,432.94,536.79,41.75,113.60,0.3586,-1,-1,-1
84,15,1712.86,535.36,34.10,92.92,0.5715,-1,-1,-1
84,7,295.86,563.22,55.45,127.20,0.5318,-1,-1,-1
84,6,243.88,553.35,53.92,137.43,0.5413,-1,-1,-1
84,2,1664.03,579.08,74.18,178.73,0.7242,-1,-1,-1
85,23,112.20,565.12,53.92,132.71,0.5264,-1,-1,-1
85,21,398.60,557.96,28.51,89.55,0.3140,-1,-1,-1
85,15,1711.54,536.19,34.77,92.79,0.4764,-1,-1,-1
85,7,291.37,561.82,49.71,129.52,0.5021,-1,-1,-1
85,6,244.52,558.05,46.41,134.93,0.4785,-1,-1,-1
85,2,1667.96,580.67,72.29,180.37,0.7671,-1,-1,-1
86,23,103.27,561.19,55.79,143.42,0.4138,-1,-1,-1
86,22,450.96,538.26,42.43,120.72,0.3605,-1,-1,-1
86,21,390.30,553.40,33.93,94.68,0.4463,-1,-1,-1
86,17,422.53,533.54,38.14,123.41,0.3419,-1,-1,-1
86,15,1707.13,535.49,37.14,74.26,0.3145,-1,-1,-1
86,7,284.60,560.85,48.92,132.51,0.5830,-1,-1,-1
86,6,229.83,556.61,51.32,137.14,0.4305,-1,-1,-1
86,2,1672.10,580.62,69.88,179.03,0.7646,-1,-1,-1
87,23,96.78,561.45,59.79,135.51,0.5342,-1,-1,-1
87,22,441.93,547.70,42.22,115.77,0.3910,-1,-1,-1
87,21,383.13,554.21,35.92,98.00,0.5402,-1,-1,-1
87,17,414.86,538.29,40.48,119.96,0.3092,-1,-1,-1
87,7,280.33,563.88,52.32,132.60,0.5734,-1,-1,-1
87,6,225.45,555.35,50.46,140.24,0.4919,-1,-1,-1
87,2,1671.89,584.63,72.54,179.67,0.7968,-1,-1,-1
88,23,91.75,567.66,50.91,128.87,0.5030,-1,-1,-1
88,22,432.81,548.11,48.26,119.71,0.4156,-1,-1,-1
88,21,377.91,556.13,34.41,97.64,0.3989,-1,-1,-1
88,14,512.64,539.83,37.69,121.63,0.3389,-1,-1,-1
88,7,270.13,569.73,51.69,131.66,0.5029,-1,-1,-1
88,6,220.32,561.94,50.35,138.77,0.5733,-1,-1,-1
88,2,1675.14,581.62,71.38,185.34,0.7977,-1,-1,-1
89,23,84.00,561.52,53.97,137.21,0.4656,-1,-1,-1
89,22,431.27,545.91,41.93,122.96,0.5836,-1,-1,-1
89,21,368.17,554.38,30.96,98.42,0.4574,-1,-1,-1
89,7,265.61,566.42,51.47,132.18,0.4706,-1,-1,-1
89,6,215.58,556.90,47.96,144.53,0.3128,-1,-1,-1
89,2,1679.07,584.13,69.51,189.95,0.8037,-1,-1,-1
90,23,74.90,565.15,58.81,139.28,0.4846,-1,-1,-1
90,22,420.05,547.26,46.76,126.13,0.3054,-1,-1,-1
90,21,359.87,570.14,35.45,88.89,0.4281,-1,-1,-1
90,17,392.56,539.04,41.95,132.41,0.3598,-1,-1,-1
90,7,260.08,571.01,54.00,134.91,0.5301,-1,-1,-1
90,6,204.26,554.93,53.07,149.50,0.3254,-1,-1,-1
90,2,1682.47,585.67,69.93,193.22,0.7568,-1,-1,-1
91,23,67.96,566.80,55.42,142.37,0.4517,-1,-1,-1
91,22,413.95,551.34,46.27,124.22,0.5728,-1,-1,-1
91,21,354.66,571.00,33.30,88.92,0.3764,-1,-1,-1
91,17,385.01,547.89,42.82,121.18,0.3130,-1,-1,-1
91,7,248.58,551.59,68.85,156.53,0.4393,-1,-1,-1
91,6,200.49,560.58,50.64,145.28,0.3825,-1,-1,-1
91,2,1684.95,599.12,73.51,185.58,0.7887,-1,-1,-1
92,23,57.54,571.57,67.07,142.24,0.3359,-1,-1,-1
92,22,408.18,554.15,43.02,125.55,0.5375,-1,-1,-1
92,17,381.09,559.84,35.95,117.17,0.3352,-1,-1,-1
92,7,247.37,554.98,61.33,156.65,0.5456,-1,-1,-1
92,6,189.43,561.14,55.15,151.50,0.3345,-1,-1,-1
92,2,1688.03,602.33,73.64,185.18,0.7964,-1,-1,-1
93,22,401.15,556.76,44.09,126.95,0.5216,-1,-1,-1
93,21,339.11,580.21,33.02,88.55,0.4045,-1,-1,-1
93,17,370.36,553.29,36.12,128.66,0.3042,-1,-1,-1
93,7,242.44,572.63,51.93,139.93,0.5533,-1,-1,-1
93,6,185.43,551.36,53.29,164.65,0.5642,-1,-1,-1
93,2,1688.75,606.25,74.01,186.41,0.8092,-1,-1,-1
94,22,391.91,555.77,45.65,129.27,0.6202,-1,-1,-1
94,21,333.27,581.19,31.71,93.26,0.4827,-1,-1,-1
94,17,365.29,551.93,39.51,130.41,0.4128,-1,-1,-1
94,15,1697.22,540.97,38.92,82.64,0.3709,-1,-1,-1
94,7,235.72,576.54,55.04,140.29,0.5421,-1,-1,-1
94,6,182.26,564.88,51.30,152.25,0.5233,-1,-1,-1
94,2,1689.95,607.66,73.73,187.38,0.8040,-1,-1,-1
95,22,387.84,559.19,44.91,127.93,0.5344,-1,-1,-1
95,15,1693.99,542.21,41.54,94.10,0.4892,-1,-1,-1
95,14,445.64,565.61,37.45,117.82,0.3414,-1,-1,-1
95,7,226.08,580.18,57.77,138.77,0.5212,-1,-1,-1
95,6,173.44,564.17,54.85,154.54,0.6019,-1,-1,-1
95,2,1691.90,611.00,75.28,189.64,0.7915,-1,-1,-1
96,22,380.40,568.12,43.95,123.18,0.4838,-1,-1,-1
96,21,316.57,584.04,32.22,88.80,0.4530,-1,-1,-1
96,17,353.38,558.43,34.03,129.87,0.3449,-1,-1,-1
96,15,1693.55,541.88,44.14,95.89,0.5265,-1,-1,-1
96,7,222.00,582.92,51.96,142.10,0.5758,-1,-1,-1
96,6,164.87,577.54,54.58,146.80,0.4634,-1,-1,-1
96,2,1696.30,611.01,74.62,190.89,0.7886,-1,-1,-1
97,22,371.41,555.99,47.84,134.48,0.5171,-1,-1,-1
97,21,307.84,576.21,34.62,100.16,0.5859,-1,-1,-1
97,17,342.74,550.98,39.96,135.32,0.4801,-1,-1,-1
97,15,1693.09,545.49,42.42,93.79,0.5334,-1,-1,-1
97,14,438.51,568.63,34.91,117.42,0.3467,-1,-1,-1
97,7,211.35,578.18,56.86,144.86,0.6522,-1,-1,-1
97,6,158.85,580.00,52.26,139.19,0.5563,-1,-1,-1
97,2,1700.48,612.73,76.82,193.02,0.7860,-1,-1,-1
98,22,366.68,583.18,45.33,108.56,0.6109,-1,-1,-1
98,17,336.20,562.48,39.68,129.05,0.3058,-1,-1,-1
98,15,1690.99,546.30,40.52,95.18,0.5095,-1,-1,-1
98,14,422.22,575.40,38.24,117.26,0.3184,-1,-1,-1
98,7,203.35,581.60,55.11,145.98,0.6216,-1,-1,-1
98,6,151.21,582.66,53.38,144.18,0.5599,-1,-1,-1
98,2,1705.08,612.45,76.66,196.52,0.7919,-1,-1,-1
99,22,358.43,567.25,46.53,125.59,0.5577,-1,-1,-1
99,21,290.03,589.29,34.40,87.80,0.4879,-1,-1,-1
99,17,329.60,556.47,36.36,132.89,0.4519,-1,-1,-1
99,15,1688.30,546.04,42.36,102.94,0.5021,-1,-1,-1
99,14,413.90,573.32,41.31,119.78,0.3764,-1,-1,-1
99,7,197.29,578.06,53.65,148.25,0.6654,-1,-1,-1
99,6,142.12,581.31,54.55,142.87,0.4824,-1,-1,-1
99,2,1706.66,614.43,78.85,197.61,0.7603,-1,-1,-1
100,24,441.90,562.91,32.55,105.23,0.4478,-1,-1,-1
100,22,347.65,576.50,51.87,117.87,0.5459,-1,-1,-1
100,21,281.07,586.74,35.61,97.10,0.5926,-1,-1,-1
100,17,319.33,561.31,39.61,131.48,0.4082,-1,-1,-1
100,15,1685.38,548.77,42.45,101.21,0.6411,-1,-1,-1
100,7,188.72,587.93,54.92,141.03,0.6085,-1,-1,-1
100,6,130.25,583.91,56.98,140.11,0.5672,-1,-1,-1
100,2,1709.29,612.70,80.83,200.28,0.7946,-1,-1,-1
101,25,1555.13,523.52,23.22,80.41,0.3248,-1,-1,-1
101,24,434.09,561.14,34.62,107.80,0.3740,-1,-1,-1
101,22,340.31,570.72,49.35,122.44,0.5708,-1,-1,-1
101,21,272.97,588.89,33.44,90.93,0.4470,-1,-1,-1
101,17,309.27,578.48,37.23,112.47,0.3813,-1,-1,-1
101,15,1685.25,550.68,38.75,103.07,0.7197,-1,-1,-1
101,14,396.34,570.85,42.39,128.10,0.4529,-1,-1,-1
101,7,179.48,582.01,58.71,145.54,0.5850,-1,-1,-1
101,6,123.99,578.20,58.43,145.26,0.6033,-1,-1,-1
101,2,1711.13,615.96,81.13,202.63,0.7865,-1,-1,-1
102,25,1548.33,521.65,25.50,81.52,0.3885,-1,-1,-1
102,24,432.24,561.27,30.61,110.91,0.3856,-1,-1,-1
102,22,332.21,575.67,49.00,120.19,0.6190,-1,-1,-1
102,21,261.96,593.65,36.26,87.98,0.5423,-1,-1,-1
102,17,302.23,580.30,35.30,112.74,0.3031,-1,-1,-1
102,15,1684.55,550.49,36.90,103.00,0.7410,-1,-1,-1
102,14,389.36,574.06,43.29,125.57,0.3721,-1,-1,-1
102,7,171.74,583.25,57.32,145.08,0.5693,-1,-1,-1
102,6,114.53,581.33,57.68,146.58,0.6262,-1,-1,-1
102,2,1712.81,620.54,82.57,199.40,0.8136,-1,-1,-1
103,25,1545.82,518.91,25.04,78.69,0.4540,-1,-1,-1
103,24,422.61,561.60,31.63,107.65,0.3369,-1,-1,-1
103,22,326.01,574.04,52.67,120.88,0.4853,-1,-1,-1
103,21,255.67,588.52,36.47,100.28,0.4423,-1,-1,-1
103,15,1683.71,550.44,36.27,101.98,0.7189,-1,-1,-1
103,14,385.34,570.26,39.32,128.66,0.3381,-1,-1,-1
103,7,163.84,588.59,57.38,142.03,0.5183,-1,-1,-1
103,6,105.15,577.71,57.15,150.78,0.5525,-1,-1,-1
103,2,1713.65,618.70,86.38,206.07,0.8262,-1,-1,-1
104,25,1545.56,521.79,22.54,76.20,0.3727,-1,-1,-1
104,24,415.19,557.63,34.40,107.13,0.4466,-1,-1,-1
104,22,315.32,578.49,50.38,115.57,0.3580,-1,-1,-1
104,21,248.15,589.55,36.08,91.28,0.3085,-1,-1,-1
104,15,1682.67,551.78,35.29,102.24,0.7075,-1,-1,-1
104,14,373.41,575.67,41.19,123.95,0.4726,-1,-1,-1
104,7,154.29,590.80,50.48,136.84,0.4258,-1,-1,-1
104,6,95.08,576.44,58.57,149.84,0.5657,-1,-1,-1
104,2,1715.08,624.85,87.01,207.22,0.8178,-1,-1,-1
105,26,23.86,580.43,54.37,144.41,0.4171,-1,-1,-1
105,24,408.18,559.12,34.71,117.32,0.4024,-1,-1,-1
105,22,304.67,563.65,53.69,134.26,0.5166,-1,-1,-1
105,21,237.45,591.91,37.59,91.67,0.4489,-1,-1,-1
105,15,1681.64,549.57,34.63,103.56,0.6655,-1,-1,-1
105,14,367.71,568.51,41.12,134.01,0.3747,-1,-1,-1
105,7,145.48,585.47,59.66,144.46,0.5509,-1,-1,-1
105,6,87.42,579.65,57.39,149.07,0.6009,-1,-1,-1
105,2,1717.77,624.17,86.72,210.24,0.8057,-1,-1,-1
106,25,1535.03,522.19,25.94,73.35,0.3972,-1,-1,-1
106,22,299.33,566.93,51.74,130.07,0.5016,-1,-1,-1
106,21,227.40,589.14,36.30,96.83,0.3598,-1,-1,-1
106,15,1678.35,549.07,34.23,105.96,0.6087,-1,-1,-1
106,14,360.83,566.73,39.84,135.80,0.5134,-1,-1,-1
106,7,138.99,573.88,60.14,155.90,0.5310,-1,-1,-1
106,6,77.30,573.81,55.58,154.60,0.5599,-1,-1,-1
106,2,1723.83,625.54,84.88,212.40,0.7799,-1,-1,-1
107,26,8.37,575.88,50.99,145.01,0.3999,-1,-1,-1
107,25,1533.17,520.76,28.27,77.35,0.4412,-1,-1,-1
107,24,393.39,561.57,34.64,105.28,0.5080,-1,-1,-1
107,22,287.06,557.07,53.69,140.83,0.4681,-1,-1,-1
107,21,218.50,591.52,39.39,98.16,0.5192,-1,-1,-1
107,17,257.18,589.32,36.91,113.92,0.3930,-1,-1,-1
107,15,1677.55,547.61,32.24,105.48,0.5536,-1,-1,-1
107,14,351.30,561.57,42.94,142.04,0.5354,-1,-1,-1
107,7,130.01,586.48,55.15,144.15,0.4010,-1,-1,-1
107,6,67.69,572.05,58.95,156.47,0.5917,-1,-1,-1
107,2,1726.69,622.51,84.08,217.34,0.7890,-1,-1,-1
108,26,0.49,574.64,53.17,150.66,0.4789,-1,-1,-1
108,25,1532.70,524.35,25.23,74.78,0.3922,-1,-1,-1
108,24,389.62,559.96,34.42,105.07,0.4565,-1,-1,-1
108,22,278.23,558.28,54.68,141.85,0.5478,-1,-1,-1
108,21,209.96,586.00,36.90,101.71,0.5889,-1,-1,-1
108,15,1676.86,549.17,30.98,106.41,0.4694,-1,-1,-1
108,14,341.92,563.12,45.60,141.14,0.5371,-1,-1,-1
108,7,120.65,574.25,54.68,155.38,0.4990,-1,-1,-1
108,6,52.81,567.41,65.64,161.97,0.5359,-1,-1,-1
108,2,1728.65,628.60,84.87,217.71,0.8030,-1,-1,-1
109,26,0.45,573.66,42.01,156.46,0.3691,-1,-1,-1
109,25,1527.18,522.29,26.79,74.63,0.3971,-1,-1,-1
109,24,381.11,557.40,35.49,113.50,0.4563,-1,-1,-1
109,22,266.97,571.33,55.44,133.49,0.4146,-1,-1,-1
109,21,200.53,587.78,37.39,106.26,0.5079,-1,-1,-1
109,15,1675.42,549.75,30.46,106.33,0.5373,-1,-1,-1
109,14,337.22,555.04,41.03,150.75,0.5920,-1,-1,-1
109,7,113.52,572.92,58.95,158.05,0.4129,-1,-1,-1
109,6,44.33,568.90,63.26,159.62,0.4893,-1,-1,-1
109,2,1730.82,628.17,86.16,222.25,0.8076,-1,-1,-1
110,26,0.32,571.79,32.75,154.11,0.3812,-1,-1,-1
110,24,373.89,557.23,35.00,107.90,0.4486,-1,-1,-1
110,22,252.40,551.95,60.62,151.38,0.5140,-1,-1,-1
110,21,190.13,587.17,39.34,105.17,0.5302,-1,-1,-1
110,15,1674.66,551.11,28.73,107.18,0.3544,-1,-1,-1
110,14,325.93,565.82,44.92,139.23,0.6133,-1,-1,-1
110,7,102.93,571.97,55.65,158.76,0.5837,-1,-1,-1
110,6,30.31,567.29,70.32,162.60,0.5921,-1,-1,-1
110,2,1732.23,628.81,86.44,225.56,0.8127,-1,-1,-1
111,24,365.98,559.30,36.49,109.12,0.4498,-1,-1,-1
111,22,248.09,561.65,57.00,142.85,0.4755,-1,-1,-1
111,21,180.46,590.15,37.40,107.52,0.4031,-1,-1,-1
111,14,318.37,576.08,41.33,130.59,0.5317,-1,-1,-1
111,7,93.22,566.47,59.97,167.20,0.5886,-1,-1,-1
111,6,19.83,561.99,72.71,168.72,0.6223,-1,-1,-1
111,2,1733.11,629.47,88.04,227.65,0.8115,-1,-1,-1
112,24,357.05,559.44,37.01,112.70,0.5559,-1,-1,-1
112,22,239.35,571.43,54.82,134.52,0.5937,-1,-1,-1
112,21,170.92,593.43,35.72,101.01,0.4825,-1,-1,-1
112,17,201.44,590.82,42.56,115.13,0.3070,-1,-1,-1
112,14,307.21,570.01,40.96,139.71,0.5582,-1,-1,-1
112,7,84.34,575.01,59.66,158.93,0.5701,-1,-1,-1
112,6,9.07,567.91,78.32,164.68,0.5341,-1,-1,-1
112,2,1734.43,632.77,90.18,227.30,0.8080,-1,-1,-1
113,24,349.36,563.00,36.30,111.46,0.4348,-1,-1,-1
113,22,231.95,578.85,52.91,131.44,0.6197,-1,-1,-1
113,21,161.63,596.01,37.67,103.03,0.5199,-1,-1,-1
113,14,298.65,572.53,38.38,139.72,0.6007,-1,-1,-1
113,7,75.18,578.75,56.03,158.98,0.5790,-1,-1,-1
113,6,2.04,557.83,71.66,175.99,0.5961,-1,-1,-1
113,2,1735.05,634.80,90.64,229.76,0.8039,-1,-1,-1
114,24,341.36,565.62,36.51,108.28,0.5104,-1,-1,-1
114,22,217.65,583.15,55.18,126.72,0.5789,-1,-1,-1
114,21,151.75,597.97,33.47,102.38,0.6192,-1,-1,-1
114,14,290.76,571.61,42.53,141.33,0.4919,-1,-1,-1
114,7,62.04,563.41,60.57,173.12,0.6499,-1,-1,-1
114,6,6.94,577.72,55.90,158.31,0.5476,-1,-1,-1
114,2,1737.72,635.35,89.46,230.35,0.7984,-1,-1,-1
115,24,333.24,563.78,38.25,112.73,0.6417,-1,-1,-1
115,22,198.22,566.17,64.76,143.85,0.5423,-1,-1,-1
115,21,141.40,596.14,37.45,106.16,0.6164,-1,-1,-1
115,14,279.16,582.27,37.02,133.01,0.5716,-1,-1,-1
115,7,52.18,565.38,60.09,173.99,0.6516,-1,-1,-1
115,6,4.76,574.76,50.84,160.92,0.4662,-1,-1,-1
115,2,1739.23,636.25,91.27,231.15,0.7915,-1,-1,-1
116,24,323.26,567.75,39.51,110.31,0.6120,-1,-1,-1
116,22,198.73,576.80,56.12,140.70,0.5416,-1,-1,-1
116,21,130.29,599.27,34.55,102.70,0.5737,-1,-1,-1
116,14,271.36,578.99,37.42,138.23,0.4738,-1,-1,-1
116,7,44.43,574.52,57.00,167.52,0.6052,-1,-1,-1
116,6,0.34,585.04,50.07,155.47,0.6271,-1,-1,-1
116,2,1741.10,636.05,91.39,235.60,0.7989,-1,-1,-1
117,24,313.89,566.44,41.14,113.49,0.5427,-1,-1,-1
117,22,186.36,567.79,58.31,148.10,0.4908,-1,-1,-1
117,21,118.53,599.96,37.85,100.24,0.5760,-1,-1,-1
117,14,258.21,558.79,39.90,159.97,0.6098,-1,-1,-1
117,7,31.79,575.16,59.88,169.58,0.5951,-1,-1,-1
117,6,0.56,584.44,40.87,157.09,0.6280,-1,-1,-1
117,2,1740.82,639.19,94.49,238.94,0.8085,-1,-1,-1
118,24,309.67,558.64,37.17,121.59,0.6467,-1,-1,-1
118,22,181.39,586.04,51.82,135.00,0.5471,-1,-1,-1
118,21,110.04,600.38,37.85,106.52,0.5085,-1,-1,-1
118,14,249.12,574.37,38.15,149.77,0.6612,-1,-1,-1
118,7,21.59,578.94,60.42,168.45,0.5140,-1,-1,-1
118,6,0.06,590.54,30.32,153.72,0.4959,-1,-1,-1
118,2,1742.81,636.92,96.27,245.91,0.8036,-1,-1,-1
119,27,1742.40,566.68,47.74,98.20,0.3530,-1,-1,-1
119,24,299.16,564.15,40.01,117.81,0.5508,-1,-1,-1
119,22,169.20,577.86,54.01,146.70,0.4578,-1,-1,-1
119,21,100.25,601.44,33.65,105.63,0.4756,-1,-1,-1
119,17,125.71,595.86,42.75,124.61,0.4131,-1,-1,-1
119,14,239.50,562.22,41.16,162.80,0.6096,-1,-1,-1
119,7,10.69,569.88,62.09,181.07,0.5951,-1,-1,-1
119,2,1745.93,640.59,100.37,245.69,0.8215,-1,-1,-1
120,27,1742.97,556.65,42.90,110.86,0.4102,-1,-1,-1
120,24,290.68,560.48,39.87,125.16,0.5785,-1,-1,-1
120,22,158.31,583.87,53.09,143.03,0.6007,-1,-1,-1
120,21,89.63,600.73,33.67,113.66,0.4243,-1,-1,-1
120,14,225.48,574.77,43.37,154.60,0.6484,-1,-1,-1
120,7,7.20,561.25,55.77,192.66,0.5784,-1,-1,-1
120,2,1748.48,645.65,104.64,244.00,0.8126,-1,-1,-1
121,27,1741.22,555.14,43.94,114.24,0.4363,-1,-1,-1
121,24,287.22,564.57,36.02,117.65,0.6308,-1,-1,-1
121,22,145.37,587.87,57.36,138.38,0.5885,-1,-1,-1
121,21,77.69,602.21,36.88,112.67,0.5915,-1,-1,-1
121,17,103.76,601.71,43.18,128.49,0.5229,-1,-1,-1
121,14,217.38,570.07,43.53,161.72,0.5591,-1,-1,-1
121,7,0.71,551.25,54.65,201.12,0.5797,-1,-1,-1
121,2,1752.41,645.39,103.91,248.67,0.8092,-1,-1,-1
122,27,1739.54,554.51,42.75,116.55,0.3941,-1,-1,-1
122,24,274.61,564.44,41.29,120.39,0.6008,-1,-1,-1
122,22,140.60,595.17,51.94,140.58,0.5101,-1,-1,-1
122,21,67.28,606.01,35.96,109.41,0.4069,-1,-1,-1
122,14,204.26,575.06,48.59,158.01,0.6580,-1,-1,-1
122,7,0.17,556.56,45.46,199.39,0.6185,-1,-1,-1
122,2,1756.23,646.65,99.72,252.41,0.8083,-1,-1,-1
123,27,1739.92,556.07,42.20,118.53,0.4080,-1,-1,-1
123,24,265.47,557.07,42.97,132.69,0.6607,-1,-1,-1
123,22,127.89,600.56,57.67,138.39,0.4503,-1,-1,-1
123,21,53.18,608.38,38.56,116.90,0.3156,-1,-1,-1
123,17,81.31,605.34,43.86,131.62,0.4365,-1,-1,-1
123,14,193.62,584.50,50.20,151.32,0.5960,-1,-1,-1
123,7,0.03,575.76,38.97,179.25,0.5678,-1,-1,-1
123,2,1761.34,650.64,96.48,254.71,0.8086,-1,-1,-1
124,27,1739.52,556.00,42.81,114.55,0.4155,-1,-1,-1
124,24,261.93,571.67,37.49,118.91,0.5866,-1,-1,-1
124,22,97.05,582.81,53.08,151.35,0.4444,-1,-1,-1
124,21,42.42,608.65,37.58,116.84,0.3101,-1,-1,-1
124,14,185.20,590.48,47.24,147.00,0.6279,-1,-1,-1
124,7,0.06,597.54,27.09,161.04,0.4856,-1,-1,-1
124,2,1765.14,648.21,97.78,260.74,0.8160,-1,-1,-1
125,28,566.42,525.79,29.15,68.76,0.4155,-1,-1,-1
125,27,1736.53,555.00,42.70,117.81,0.3317,-1,-1,-1
125,24,250.72,571.32,40.12,119.91,0.5345,-1,-1,-1
125,22,86.61,579.55,50.54,148.68,0.3180,-1,-1,-1
125,21,31.29,611.99,35.31,112.47,0.4599,-1,-1,-1
125,17,59.86,615.96,37.83,118.67,0.3094,-1,-1,-1
125,14,173.41,590.84,52.01,148.50,0.6423,-1,-1,-1
125,7,0.09,619.21,25.79,103.09,0.3789,-1,-1,-1
125,2,1769.91,647.52,103.59,262.07,0.8160,-1,-1,-1
126,24,243.12,565.77,39.79,128.50,0.5828,-1,-1,-1
126,22,97.81,622.94,52.95,110.07,0.3173,-1,-1,-1
126,21,20.50,615.11,39.07,112.38,0.4120,-1,-1,-1
126,14,160.33,597.38,54.51,145.28,0.5843,-1,-1,-1
126,2,1773.47,650.82,104.17,262.06,0.8114,-1,-1,-1
127,28,553.89,526.18,30.66,68.90,0.3477,-1,-1,-1
127,27,1727.64,556.39,42.71,106.26,0.3420,-1,-1,-1
127,24,236.51,570.45,38.48,125.60,0.5794,-1,-1,-1
127,22,82.74,624.49,58.18,116.63,0.4737,-1,-1,-1
127,21,3.22,623.57,38.51,102.83,0.3591,-1,-1,-1
127,17,35.07,621.66,39.54,120.47,0.3824,-1,-1,-1
127,14,153.96,601.88,50.39,144.27,0.5949,-1,-1,-1
127,2,1778.00,650.72,104.96,266.45,0.8200,-1,-1,-1
128,28,546.47,528.16,32.82,68.61,0.4191,-1,-1,-1
128,27,1727.51,557.94,41.11,106.64,0.4015,-1,-1,-1
128,24,224.26,559.55,41.26,136.60,0.6125,-1,-1,-1
128,22,71.01,622.43,59.49,120.01,0.4675,-1,-1,-1
128,21,0.05,620.57,28.78,110.68,0.3408,-1,-1,-1
128,14,141.18,602.96,54.93,144.28,0.5498,-1,-1,-1
128,2,1780.83,653.88,106.99,266.91,0.8193,-1,-1,-1
129,28,544.89,528.46,28.26,68.12,0.3434,-1,-1,-1
129,27,1727.20,556.42,38.53,109.65,0.3780,-1,-1,-1
129,24,218.79,567.98,39.32,132.33,0.5914,-1,-1,-1
129,22,64.47,621.35,54.17,125.31,0.3575,-1,-1,-1
129,21,0.16,623.49,19.99,109.21,0.3118,-1,-1,-1
129,14,130.56,598.09,50.67,153.99,0.5154,-1,-1,-1
129,2,1786.18,656.35,112.46,269.14,0.8236,-1,-1,-1
130,29,28.17,586.49,52.10,159.56,0.4398,-1,-1,-1
130,27,1724.59,556.63,35.74,116.76,0.3986,-1,-1,-1
130,24,209.59,565.14,41.27,135.81,0.5546,-1,-1,-1
130,22,47.55,621.09,57.35,128.96,0.3906,-1,-1,-1
130,17,0.10,622.57,28.13,115.62,0.3868,-1,-1,-1
130,14,116.04,604.05,61.14,150.95,0.3295,-1,-1,-1
130,2,1787.36,657.94,116.65,271.97,0.8219,-1,-1,-1
131,29,12.55,588.28,54.62,150.58,0.4849,-1,-1,-1
131,28,533.34,526.02,29.38,72.00,0.4063,-1,-1,-1
131,27,1715.56,557.48,44.26,120.28,0.4683,-1,-1,-1
131,24,200.21,575.93,41.10,125.48,0.4724,-1,-1,-1
131,14,104.64,596.98,46.59,159.18,0.4307,-1,-1,-1
131,2,1791.29,659.10,118.84,277.94,0.8319,-1,-1,-1
132,29,2.07,584.03,51.70,161.61,0.5510,-1,-1,-1
132,27,1714.23,555.03,44.62,120.40,0.4538,-1,-1,-1
132,24,191.64,568.14,41.39,135.08,0.6432,-1,-1,-1
132,14,94.67,598.25,45.68,162.03,0.4306,-1,-1,-1
132,2,1796.70,661.26,120.45,285.81,0.8652,-1,-1,-1
133,29,0.12,588.85,42.63,163.27,0.3456,-1,-1,-1
133,28,524.09,527.77,31.30,71.31,0.4532,-1,-1,-1
133,27,1712.59,557.56,45.99,120.05,0.4478,-1,-1,-1
133,24,181.40,564.93,45.04,136.88,0.5320,-1,-1,-1
133,22,13.90,627.76,59.03,135.25,0.3583,-1,-1,-1
133,14,78.89,592.44,50.07,170.75,0.5457,-1,-1,-1
133,2,1803.53,662.99,115.03,290.67,0.8824,-1,-1,-1
134,28,521.71,529.39,25.52,72.13,0.4260,-1,-1,-1
134,27,1710.56,555.95,46.84,120.04,0.4811,-1,-1,-1
134,24,173.58,566.78,40.88,138.82,0.5591,-1,-1,-1
134,22,1.24,627.41,55.12,139.33,0.4838,-1,-1,-1
134,14,41.52,572.06,75.26,198.05,0.4959,-1,-1,-1
134,2,1807.89,665.48,111.19,295.84,0.8508,-1,-1,-1
135,28,514.79,527.97,29.50,73.98,0.5474,-1,-1,-1
135,27,1705.11,554.76,51.51,119.73,0.5032,-1,-1,-1
135,24,166.50,571.36,39.98,137.40,0.5435,-1,-1,-1
135,22,0.17,615.62,46.76,151.67,0.5673,-1,-1,-1
135,14,29.70,571.34,77.61,201.87,0.5413,-1,-1,-1
135,2,1811.32,666.06,107.80,302.87,0.8147,-1,-1,-1
136,28,508.67,527.07,28.05,73.73,0.5365,-1,-1,-1
136,27,1700.56,557.14,50.73,113.58,0.4715,-1,-1,-1
136,24,157.12,566.75,41.27,141.37,0.3930,-1,-1,-1
136,22,0.08,622.64,35.64,145.73,0.6005,-1,-1,-1
136,14,24.68,574.81,74.11,199.75,0.5249,-1,-1,-1
136,2,1818.05,671.03,100.94,305.13,0.8375,-1,-1,-1
137,28,503.05,527.36,29.80,75.90,0.5479,-1,-1,-1
137,27,1699.63,555.47,50.79,114.24,0.5034,-1,-1,-1
137,24,148.47,575.68,39.85,135.43,0.4034,-1,-1,-1
137,22,0.16,640.65,26.46,132.24,0.4698,-1,-1,-1
137,14,20.31,573.73,66.28,204.14,0.6259,-1,-1,-1
137,2,1824.27,680.43,95.11,306.25,0.7742,-1,-1,-1
138,33,1570.17,556.59,45.33,107.26,0.5702,-1,-1,-1
138,28,499.68,531.37,30.35,71.98,0.5814,-1,-1,-1
138,27,1698.08,556.31,50.66,113.00,0.4897,-1,-1,-1
138,24,139.97,572.27,41.12,140.12,0.4940,-1,-1,-1
138,14,12.23,572.87,60.47,204.49,0.6375,-1,-1,-1
138,2,1830.81,678.96,88.57,310.61,0.7835,-1,-1,-1
139,33,1568.71,553.60,38.02,109.58,0.5947,-1,-1,-1
139,28,495.83,527.81,26.40,72.48,0.4401,-1,-1,-1
139,27,1697.73,557.19,48.71,109.68,0.5073,-1,-1,-1
139,14,5.44,579.03,55.77,198.96,0.6160,-1,-1,-1
139,2,1832.75,679.02,86.64,315.83,0.7701,-1,-1,-1
140,33,1566.43,549.99,37.13,111.77,0.6625,-1,-1,-1
140,28,489.83,526.79,29.07,73.76,0.4968,-1,-1,-1
140,27,1698.47,551.68,46.96,116.78,0.5277,-1,-1,-1
140,24,121.95,560.28,42.36,155.93,0.3746,-1,-1,-1
140,14,0.22,575.39,47.82,213.03,0.6252,-1,-1,-1
140,2,1840.37,682.80,78.99,309.20,0.7505,-1,-1,-1
141,33,1562.87,550.38,39.05,111.07,0.7275,-1,-1,-1
141,31,404.02,531.10,24.70,64.54,0.3874,-1,-1,-1
141,28,484.98,527.98,27.30,73.91,0.5268,-1,-1,-1
141,27,1699.89,551.62,43.98,116.43,0.4524,-1,-1,-1
141,14,0.17,581.54,37.14,205.47,0.5907,-1,-1,-1
141,2,1847.47,678.16,71.90,310.30,0.6799,-1,-1,-1
142,33,1559.77,552.72,41.11,106.75,0.6806,-1,-1,-1
142,31,399.84,530.98,26.39,64.35,0.3643,-1,-1,-1
142,28,480.46,527.09,28.82,75.72,0.4995,-1,-1,-1
142,27,1702.19,557.14,40.17,113.95,0.4370,-1,-1,-1
142,2,1854.38,699.47,64.99,292.51,0.6423,-1,-1,-1
143,33,1556.58,554.03,40.64,109.37,0.5899,-1,-1,-1
143,30,0.13,569.71,19.57,100.34,0.4087,-1,-1,-1
143,28,476.44,527.44,32.03,73.07,0.5369,-1,-1,-1
143,27,1699.17,563.43,40.71,107.55,0.3686,-1,-1,-1
143,2,1860.28,706.02,59.10,294.96,0.5927,-1,-1,-1
144,33,1554.31,556.57,37.24,109.22,0.7093,-1,-1,-1
144,28,474.25,527.40,27.06,75.34,0.5946,-1,-1,-1
144,27,1695.88,567.60,42.68,106.77,0.4585,-1,-1,-1
144,2,1866.55,717.51,52.85,246.59,0.4746,-1,-1,-1
145,33,1548.65,557.47,37.37,107.45,0.6957,-1,-1,-1
145,31,382.58,529.18,28.01,64.88,0.4090,-1,-1,-1
145,28,467.70,527.06,28.68,73.62,0.5255,-1,-1,-1
145,27,1694.26,570.27,42.98,107.07,0.6018,-1,-1,-1
146,33,1544.70,555.41,39.27,111.29,0.6497,-1,-1,-1
146,31,379.60,529.60,26.24,64.21,0.4055,-1,-1,-1
146,28,463.12,525.82,27.73,74.81,0.5848,-1,-1,-1
146,27,1693.16,574.20,42.83,100.40,0.6214,-1,-1,-1
147,33,1540.34,557.32,39.63,109.18,0.6766,-1,-1,-1
147,31,372.17,531.19,28.37,65.49,0.3213,-1,-1,-1
147,28,456.66,526.70,29.94,76.09,0.5244,-1,-1,-1
147,27,1691.25,573.56,41.18,104.17,0.5343,-1,-1,-1
148,33,1529.96,554.27,47.45,114.01,0.6901,-1,-1,-1
148,31,362.27,528.81,29.01,67.19,0.3125,-1,-1,-1
148,28,452.63,529.72,30.29,73.38,0.5903,-1,-1,-1
148,27,1682.56,569.35,47.98,106.94,0.4709,-1,-1,-1
149,33,1517.35,554.32,57.00,113.84,0.6863,-1,-1,-1
149,31,358.54,529.41,30.78,68.10,0.3715,-1,-1,-1
149,28,448.46,528.99,28.57,75.18,0.5575,-1,-1,-1
149,27,1680.85,570.15,43.10,105.71,0.6105,-1,-1,-1
150,33,1511.00,560.21,60.70,107.35,0.7187,-1,-1,-1
150,31,356.68,530.75,27.35,67.96,0.4075,-1,-1,-1
150,28,442.43,528.45,30.13,77.11,0.5841,-1,-1,-1
150,27,1679.51,565.49,42.42,108.01,0.6682,-1,-1,-1
151,33,1511.13,560.10,56.99,108.76,0.7009,-1,-1,-1
151,31,349.59,533.56,28.52,68.00,0.3415,-1,-1,-1
151,28,435.10,526.67,30.64,78.60,0.5415,-1,-1,-1
151,27,1675.88,567.12,43.07,107.93,0.5866,-1,-1,-1
152,33,1509.12,557.55,54.01,111.18,0.6990,-1,-1,-1
152,28,428.68,530.39,31.10,76.27,0.5592,-1,-1,-1
152,27,1672.77,567.02,43.07,104.97,0.5131,-1,-1,-1
153,33,1502.69,557.07,57.28,109.88,0.6614,-1,-1,-1
153,31,336.70,536.60,29.84,65.57,0.3114,-1,-1,-1
153,28,425.00,531.09,27.66,74.42,0.5252,-1,-1,-1
153,27,1675.11,566.67,36.33,92.86,0.4089,-1,-1,-1
154,33,1498.50,551.93,50.99,114.73,0.6689,-1,-1,-1
154,28,416.79,532.32,30.66,77.52,0.5157,-1,-1,-1
155,33,1492.11,552.34,48.61,112.84,0.6495,-1,-1,-1
155,28,410.88,529.34,29.46,80.44,0.5748,-1,-1,-1
156,33,1488.66,550.19,44.70,116.38,0.6682,-1,-1,-1
156,28,403.01,533.59,31.15,78.24,0.5339,-1,-1,-1
157,38,1440.20,533.47,22.88,88.74,0.5085,-1,-1,-1
157,37,1301.96,521.30,29.96,72.25,0.3436,-1,-1,-1
157,33,1481.04,551.81,44.56,112.71,0.6720,-1,-1,-1
157,31,307.58,538.36,26.59,69.01,0.3183,-1,-1,-1
157,28,397.95,535.35,29.93,77.11,0.5838,-1,-1,-1
158,38,1436.79,533.69,22.11,88.59,0.4271,-1,-1,-1
158,37,1296.84,520.66,31.16,74.25,0.3213,-1,-1,-1
158,33,1473.66,547.48,45.54,116.95,0.7304,-1,-1,-1
158,31,304.40,540.76,26.62,69.35,0.3131,-1,-1,-1
158,28,393.39,535.94,28.44,79.09,0.5319,-1,-1,-1
159,33,1470.29,546.29,43.62,118.63,0.7112,-1,-1,-1
159,28,387.65,537.51,28.16,77.93,0.5667,-1,-1,-1
160,33,1466.38,545.73,42.68,119.21,0.6753,-1,-1,-1
160,28,379.57,538.40,31.39,79.97,0.5007,-1,-1,-1
161,37,1285.47,517.57,29.32,76.40,0.3037,-1,-1,-1
161,33,1461.40,547.50,43.69,117.04,0.6508,-1,-1,-1
161,28,376.50,538.49,29.88,79.05,0.4978,-1,-1,-1
162,33,1457.38,550.32,44.56,110.97,0.6770,-1,-1,-1
162,28,371.11,540.08,31.85,77.75,0.5280,-1,-1,-1
163,33,1450.73,550.18,47.71,113.36,0.6457,-1,-1,-1
163,28,364.65,540.45,31.56,80.32,0.4652,-1,-1,-1
164,33,1446.71,548.35,47.52,114.58,0.6249,-1,-1,-1
164,28,360.62,540.45,32.57,80.05,0.5371,-1,-1,-1
165,33,1438.12,547.67,51.96,116.21,0.6663,-1,-1,-1
165,28,354.51,541.50,31.91,80.62,0.5057,-1,-1,-1
166,33,1433.87,548.64,50.18,115.37,0.6798,-1,-1,-1
166,28,350.97,543.75,28.77,78.80,0.5511,-1,-1,-1
167,33,1432.82,543.66,45.05,117.96,0.6658,-1,-1,-1
167,28,344.50,543.51,31.40,78.42,0.6244,-1,-1,-1
168,33,1428.70,542.68,43.27,116.99,0.6641,-1,-1,-1
168,28,338.24,543.26,34.03,79.65,0.5757,-1,-1,-1
169,33,1425.30,544.40,41.73,117.42,0.6759,-1,-1,-1
169,28,334.35,543.82,34.47,78.81,0.5617,-1,-1,-1
170,33,1420.96,539.43,41.56,121.50,0.6740,-1,-1,-1
170,28,330.61,543.05,31.01,78.84,0.5520,-1,-1,-1
171,33,1414.47,538.99,45.11,124.50,0.5670,-1,-1,-1
171,28,325.15,543.84,31.93,77.34,0.5632,-1,-1,-1
172,33,1410.56,533.82,43.05,126.67,0.6204,-1,-1,-1
172,28,320.46,541.21,31.28,78.25,0.5779,-1,-1,-1
173,33,1405.45,531.64,44.22,129.29,0.5631,-1,-1,-1
173,28,314.52,540.86,33.55,82.22,0.5737,-1,-1,-1
174,33,1402.38,531.31,46.22,131.71,0.6384,-1,-1,-1
174,28,310.94,543.58,34.75,78.49,0.6001,-1,-1,-1
175,33,1391.48,532.97,55.80,131.04,0.6645,-1,-1,-1
175,28,306.41,541.31,35.21,79.84,0.4848,-1,-1,-1
176,33,1387.06,536.49,56.61,127.87,0.6767,-1,-1,-1
176,28,301.46,541.59,33.81,81.00,0.5860,-1,-1,-1
177,33,1385.00,534.51,56.27,130.29,0.7054,-1,-1,-1
177,28,297.03,542.30,35.09,77.28,0.6517,-1,-1,-1
178,33,1387.16,535.11,51.97,130.21,0.6719,-1,-1,-1
178,28,293.35,541.60,33.86,82.16,0.6082,-1,-1,-1
179,33,1387.52,536.81,48.67,128.41,0.6810,-1,-1,-1
179,28,289.35,540.12,34.94,83.93,0.6119,-1,-1,-1
179,27,1607.57,542.91,38.91,128.26,0.4272,-1,-1,-1
180,33,1384.76,535.07,48.11,130.47,0.7040,-1,-1,-1
180,28,284.17,544.14,36.29,81.13,0.5634,-1,-1,-1
180,27,1608.04,543.39,38.48,128.52,0.4055,-1,-1,-1
181,33,1384.59,537.00,41.61,126.42,0.7124,-1,-1,-1
181,28,281.04,542.67,35.44,83.76,0.5570,-1,-1,-1
181,27,1598.53,544.94,52.44,128.04,0.3670,-1,-1,-1
182,33,1379.74,537.70,43.33,127.52,0.7275,-1,-1,-1
182,28,274.76,543.61,35.08,83.34,0.5938,-1,-1,-1
182,27,1604.85,546.05,45.04,127.28,0.4360,-1,-1,-1
183,33,1375.48,536.61,44.19,128.73,0.7399,-1,-1,-1
183,28,272.59,544.17,33.23,85.30,0.6421,-1,-1,-1
183,27,1608.83,550.42,41.62,123.64,0.4207,-1,-1,-1
184,33,1373.40,535.96,42.85,129.75,0.7634,-1,-1,-1
184,28,266.86,546.89,34.59,83.87,0.6225,-1,-1,-1
184,27,1609.58,543.86,40.93,130.22,0.4364,-1,-1,-1
185,33,1370.78,534.03,44.38,132.12,0.7475,-1,-1,-1
185,28,262.48,547.88,35.10,82.92,0.5510,-1,-1,-1
185,27,1608.22,542.74,41.65,132.30,0.4627,-1,-1,-1
186,33,1369.86,534.29,42.12,132.59,0.7192,-1,-1,-1
186,28,259.37,546.86,35.55,85.10,0.5228,-1,-1,-1
186,27,1606.40,545.70,44.29,127.28,0.3661,-1,-1,-1
187,33,1367.19,533.73,42.65,133.21,0.7051,-1,-1,-1
187,28,254.85,548.35,34.64,86.00,0.5690,-1,-1,-1
187,27,1595.87,542.20,54.38,133.04,0.3333,-1,-1,-1
188,33,1364.73,534.36,44.33,134.51,0.6752,-1,-1,-1
188,28,249.92,549.91,34.90,86.34,0.5666,-1,-1,-1
188,27,1594.21,547.82,58.10,129.87,0.4374,-1,-1,-1
189,33,1358.02,532.03,50.39,138.51,0.6417,-1,-1,-1
189,28,246.83,549.74,34.54,90.46,0.5181,-1,-1,-1
189,27,1595.38,544.60,58.53,133.41,0.4622,-1,-1,-1
190,33,1356.23,534.50,51.09,134.83,0.6758,-1,-1,-1
190,28,241.60,549.34,37.09,90.73,0.5532,-1,-1,-1
190,27,1594.81,539.96,60.51,136.95,0.5133,-1,-1,-1
191,33,1353.79,535.05,52.27,134.54,0.6663,-1,-1,-1
191,28,238.33,554.25,36.43,86.76,0.5020,-1,-1,-1
191,27,1596.40,539.22,62.68,137.22,0.5088,-1,-1,-1
192,33,1352.05,542.71,51.01,126.32,0.6262,-1,-1,-1
192,28,234.11,552.70,38.52,87.67,0.5345,-1,-1,-1
192,27,1606.50,540.79,50.29,133.48,0.4879,-1,-1,-1
193,39,167.64,483.37,45.52,115.13,0.3278,-1,-1,-1
193,33,1350.02,540.68,51.63,130.24,0.6603,-1,-1,-1
193,28,228.12,556.52,38.41,85.76,0.6065,-1,-1,-1
193,27,1603.50,538.87,56.23,135.98,0.5483,-1,-1,-1
194,33,1348.49,542.09,48.88,127.97,0.6725,-1,-1,-1
194,28,226.41,559.88,34.66,84.87,0.5888,-1,-1,-1
194,27,1607.64,551.46,54.67,123.76,0.5190,-1,-1,-1
195,33,1346.24,541.07,48.72,130.28,0.6875,-1,-1,-1
195,28,222.37,559.83,34.18,84.08,0.5122,-1,-1,-1
195,27,1603.34,547.67,60.20,127.95,0.5450,-1,-1,-1
196,33,1346.49,542.08,46.12,131.45,0.6782,-1,-1,-1
196,28,218.94,560.90,35.28,87.22,0.4654,-1,-1,-1
196,27,1608.34,548.25,56.64,127.17,0.5421,-1,-1,-1
197,33,1346.08,540.92,44.61,132.26,0.6293,-1,-1,-1
197,28,213.69,561.75,36.02,86.37,0.4672,-1,-1,-1
197,27,1612.52,549.40,51.92,125.00,0.4579,-1,-1,-1
198,33,1345.76,543.10,42.79,126.95,0.4941,-1,-1,-1
198,28,212.03,562.42,33.80,85.48,0.5394,-1,-1,-1
198,27,1619.60,552.27,46.34,121.84,0.5008,-1,-1,-1
199,33,1344.31,543.59,43.81,125.92,0.6218,-1,-1,-1
199,28,206.71,562.37,35.23,87.04,0.5186,-1,-1,-1
199,27,1621.85,553.99,44.33,120.54,0.5727,-1,-1,-1
200,33,1342.56,545.48,45.28,126.68,0.6267,-1,-1,-1
200,28,202.37,563.51,38.08,89.27,0.4726,-1,-1,-1
200,27,1620.66,555.80,45.87,119.81,0.5277,-1,-1,-1
201,33,1341.64,549.07,44.98,122.97,0.6503,-1,-1,-1
201,28,200.68,563.64,34.13,89.37,0.4735,-1,-1,-1
201,27,1618.43,553.09,51.64,123.06,0.6185,-1,-1,-1
202,33,1339.31,548.35,45.95,124.93,0.6763,-1,-1,-1
202,28,193.63,562.88,37.82,92.65,0.6059,-1,-1,-1
202,27,1621.10,553.07,51.47,123.94,0.6072,-1,-1,-1
203,39,125.82,484.42,46.38,127.85,0.3064,-1,-1,-1
203,33,1336.94,552.25,48.31,119.36,0.7051,-1,-1,-1
203,28,189.22,563.81,41.23,92.26,0.5574,-1,-1,-1
203,27,1625.02,553.61,49.06,124.96,0.5664,-1,-1,-1
204,39,122.82,489.35,50.77,123.96,0.3934,-1,-1,-1
204,33,1336.47,550.74,48.01,121.86,0.7168,-1,-1,-1
204,28,187.75,565.85,39.24,91.30,0.5613,-1,-1,-1
204,27,1632.13,552.39,46.29,123.02,0.6135,-1,-1,-1
205,33,1335.61,545.89,47.49,126.69,0.7263,-1,-1,-1
205,28,182.26,566.99,37.58,90.62,0.5739,-1,-1,-1
205,27,1631.44,555.20,47.30,119.72,0.6115,-1,-1,-1
206,39,111.71,487.79,60.11,162.42,0.3010,-1,-1,-1
206,33,1335.76,547.54,47.06,125.63,0.7371,-1,-1,-1
206,28,177.65,567.83,39.96,90.28,0.5752,-1,-1,-1
206,27,1625.87,554.89,55.21,123.38,0.5101,-1,-1,-1
207,33,1334.31,549.09,46.94,127.03,0.7599,-1,-1,-1
207,28,172.80,570.51,39.16,92.65,0.5725,-1,-1,-1
207,27,1626.39,557.20,57.16,122.84,0.4882,-1,-1,-1
208,33,1332.73,546.71,49.49,130.03,0.7474,-1,-1,-1
208,28,168.69,570.38,38.71,92.30,0.5600,-1,-1,-1
208,27,1648.06,556.63,39.42,121.98,0.4171,-1,-1,-1
209,33,1331.30,543.89,49.66,133.71,0.7468,-1,-1,-1
209,28,165.64,568.94,39.11,93.13,0.5244,-1,-1,-1
209,27,1647.26,558.58,42.62,123.64,0.6142,-1,-1,-1
210,33,1330.51,541.93,48.74,135.20,0.7449,-1,-1,-1
210,28,163.12,570.71,37.08,93.31,0.4564,-1,-1,-1
210,27,1647.12,560.09,46.45,123.74,0.5731,-1,-1,-1
211,33,1330.17,545.47,47.12,133.01,0.7634,-1,-1,-1
211,28,158.63,570.42,42.42,95.47,0.5727,-1,-1,-1
211,27,1654.96,567.87,42.82,117.83,0.5296,-1,-1,-1
212,33,1328.22,547.07,49.22,131.28,0.7383,-1,-1,-1
212,28,156.05,570.40,40.53,95.34,0.6044,-1,-1,-1
212,27,1658.20,557.27,47.43,129.75,0.5281,-1,-1,-1
213,33,1329.17,548.97,49.20,131.13,0.7345,-1,-1,-1
213,28,153.76,571.88,40.56,94.89,0.5522,-1,-1,-1
213,27,1646.73,561.13,63.82,129.47,0.4816,-1,-1,-1
214,45,13.71,576.72,25.05,87.77,0.3227,-1,-1,-1
214,33,1330.72,547.07,49.18,134.17,0.6757,-1,-1,-1
214,28,151.13,574.27,40.87,94.00,0.5941,-1,-1,-1
214,27,1653.64,559.73,60.94,128.05,0.5132,-1,-1,-1
215,33,1330.44,548.24,49.72,135.30,0.6778,-1,-1,-1
215,28,149.64,571.43,39.62,95.05,0.5917,-1,-1,-1
215,27,1672.65,558.84,46.11,130.00,0.5428,-1,-1,-1
216,44,34.84,575.91,35.40,89.38,0.3158,-1,-1,-1
216,33,1332.86,551.35,48.03,134.76,0.6689,-1,-1,-1
216,28,147.62,574.35,36.05,91.85,0.4253,-1,-1,-1
216,27,1677.39,564.29,44.66,124.39,0.6051,-1,-1,-1
217,45,0.00,576.40,21.04,86.08,0.3518,-1,-1,-1
217,33,1333.18,550.71,48.69,135.55,0.7014,-1,-1,-1
217,28,142.91,572.81,36.26,95.65,0.4762,-1,-1,-1
217,27,1681.66,561.25,44.99,124.06,0.4835,-1,-1,-1
218,45,0.02,578.39,19.85,83.69,0.4196,-1,-1,-1
218,44,24.81,578.38,35.30,86.18,0.4097,-1,-1,-1
218,33,1335.98,549.09,47.09,135.30,0.7457,-1,-1,-1
218,28,140.10,573.49,37.90,93.98,0.4896,-1,-1,-1
218,27,1673.11,561.91,66.99,128.43,0.4890,-1,-1,-1
219,45,0.03,579.24,17.85,84.70,0.3336,-1,-1,-1
219,44,23.21,581.41,34.85,84.55,0.4327,-1,-1,-1
219,33,1337.52,550.31,46.97,136.43,0.7612,-1,-1,-1
219,28,140.51,572.68,38.84,95.06,0.4862,-1,-1,-1
219,27,1695.06,561.29,47.30,125.67,0.5400,-1,-1,-1
220,44,15.27,579.23,39.30,92.19,0.5612,-1,-1,-1
220,33,1339.48,548.62,48.44,139.18,0.7627,-1,-1,-1
220,28,138.37,575.84,38.34,95.18,0.4596,-1,-1,-1
220,27,1696.79,564.37,50.43,124.11,0.5392,-1,-1,-1
221,44,11.61,580.60,40.46,86.71,0.5348,-1,-1,-1
221,33,1342.87,547.57,47.52,142.14,0.7531,-1,-1,-1
221,28,133.18,573.81,39.86,97.34,0.4649,-1,-1,-1
221,27,1705.84,566.83,44.31,122.30,0.5218,-1,-1,-1
222,44,11.85,579.97,39.20,89.34,0.5541,-1,-1,-1
222,33,1346.66,545.40,44.48,139.16,0.7572,-1,-1,-1
222,28,130.26,573.40,40.23,99.20,0.4811,-1,-1,-1
222,27,1697.21,559.11,67.19,129.17,0.5033,-1,-1,-1
223,44,10.27,579.48,37.11,89.40,0.4608,-1,-1,-1
223,33,1347.11,546.80,47.12,139.59,0.7557,-1,-1,-1
223,28,129.32,574.17,39.19,97.86,0.5022,-1,-1,-1
223,27,1720.20,563.60,46.05,125.52,0.5337,-1,-1,-1
224,33,1348.87,543.63,47.57,141.55,0.7570,-1,-1,-1
224,28,129.27,578.10,41.03,96.30,0.4719,-1,-1,-1
224,27,1722.15,560.81,48.93,125.99,0.4782,-1,-1,-1
225,33,1350.91,545.89,48.53,137.78,0.7485,-1,-1,-1
225,28,127.68,577.72,40.28,97.15,0.4994,-1,-1,-1
225,27,1729.35,553.73,55.92,130.66,0.5429,-1,-1,-1
226,46,969.77,524.56,32.13,72.91,0.3451,-1,-1,-1
226,44,0.56,599.10,34.09,80.87,0.3552,-1,-1,-1
226,33,1352.55,547.48,47.91,136.71,0.7008,-1,-1,-1
226,28,126.38,586.76,42.65,92.72,0.4238,-1,-1,-1
226,27,1730.69,558.04,60.36,125.36,0.5111,-1,-1,-1
227,44,0.60,594.74,31.90,84.52,0.3347,-1,-1,-1
227,33,1354.35,547.18,49.35,139.98,0.7483,-1,-1,-1
227,28,120.81,584.65,40.22,96.27,0.3098,-1,-1,-1
227,27,1746.42,558.88,48.62,126.10,0.5236,-1,-1,-1
228,44,0.22,589.13,31.60,92.05,0.3095,-1,-1,-1
228,33,1356.65,549.10,48.15,142.48,0.7463,-1,-1,-1
228,28,118.27,586.43,37.51,96.27,0.3373,-1,-1,-1
228,27,1751.60,553.18,54.26,129.83,0.5434,-1,-1,-1
229,33,1358.43,547.94,48.32,140.85,0.7454,-1,-1,-1
229,28,117.22,586.16,36.40,96.52,0.4067,-1,-1,-1
229,27,1751.68,558.61,61.18,127.57,0.5028,-1,-1,-1
230,33,1362.51,549.84,48.32,140.23,0.7491,-1,-1,-1
230,28,117.34,586.69,33.71,97.55,0.3009,-1,-1,-1
230,27,1766.25,555.44,52.90,127.01,0.5397,-1,-1,-1
231,33,1363.22,552.64,49.94,137.51,0.7345,-1,-1,-1
231,28,116.31,588.21,35.88,97.19,0.3338,-1,-1,-1
231,27,1775.68,553.06,56.31,131.62,0.5590,-1,-1,-1
232,33,1366.76,552.97,48.02,138.39,0.7349,-1,-1,-1
232,27,1776.41,553.88,64.83,131.65,0.5180,-1,-1,-1
233,39,33.78,497.85,53.47,138.35,0.5094,-1,-1,-1
233,33,1368.21,551.02,48.92,141.93,0.7661,-1,-1,-1
233,27,1792.01,558.43,56.85,127.44,0.5370,-1,-1,-1
234,39,32.23,494.80,51.13,143.56,0.3347,-1,-1,-1
234,33,1370.67,553.60,48.38,137.48,0.7041,-1,-1,-1
234,28,108.52,590.29,40.10,96.93,0.3436,-1,-1,-1
234,27,1791.48,560.39,66.51,128.87,0.4532,-1,-1,-1
235,33,1374.98,554.14,48.79,136.05,0.6636,-1,-1,-1
235,27,1810.34,559.38,55.88,128.85,0.4599,-1,-1,-1
236,39,27.24,487.87,51.28,149.55,0.3498,-1,-1,-1
236,33,1377.66,552.37,52.47,136.74,0.7028,-1,-1,-1
236,27,1825.79,551.21,55.16,124.56,0.5267,-1,-1,-1
237,33,1379.82,551.35,54.96,137.45,0.6999,-1,-1,-1
237,28,105.23,581.76,39.24,104.37,0.3074,-1,-1,-1
237,27,1835.47,547.62,57.66,126.66,0.5034,-1,-1,-1
238,48,1253.25,569.10,46.83,124.92,0.3366,-1,-1,-1
238,33,1384.45,553.25,49.92,136.53,0.7134,-1,-1,-1
238,28,105.24,582.33,41.98,104.40,0.3777,-1,-1,-1
238,27,1845.75,545.71,57.89,139.03,0.5070,-1,-1,-1
239,33,1386.15,553.50,51.03,137.45,0.6842,-1,-1,-1
239,28,105.06,578.19,45.40,105.49,0.3826,-1,-1,-1
239,27,1847.38,544.70,65.48,142.01,0.4651,-1,-1,-1
240,33,1390.69,549.06,49.75,143.43,0.7217,-1,-1,-1
240,28,104.01,577.79,44.82,105.81,0.3988,-1,-1,-1
240,27,1865.27,543.17,54.12,131.16,0.4512,-1,-1,-1
241,33,1396.41,547.11,48.06,146.14,0.7552,-1,-1,-1
241,28,103.42,575.95,42.60,108.15,0.4285,-1,-1,-1
241,27,1870.09,547.44,49.26,137.32,0.4767,-1,-1,-1
242,33,1401.08,548.13,48.70,146.19,0.6746,-1,-1,-1
242,28,104.62,578.78,43.52,106.00,0.4135,-1,-1,-1
243,33,1405.22,551.37,47.68,141.75,0.6901,-1,-1,-1
243,28,104.51,576.16,46.38,108.80,0.4093,-1,-1,-1
244,33,1410.48,555.65,48.13,137.88,0.7140,-1,-1,-1
244,28,103.92,576.68,43.33,107.77,0.3628,-1,-1,-1
245,33,1417.34,556.05,45.99,138.86,0.7655,-1,-1,-1
245,28,105.47,577.68,43.23,109.38,0.3807,-1,-1,-1
246,48,1311.19,585.11,45.88,126.45,0.4905,-1,-1,-1
246,33,1422.88,554.00,46.73,141.70,0.7619,-1,-1,-1
246,28,105.11,577.20,40.71,109.87,0.3632,-1,-1,-1
247,48,1318.18,581.41,45.91,135.38,0.4750,-1,-1,-1
247,33,1427.48,555.98,47.06,141.21,0.7415,-1,-1,-1
247,28,104.53,580.33,41.51,109.65,0.4197,-1,-1,-1
248,48,1328.37,583.44,47.65,131.23,0.3796,-1,-1,-1
248,39,24.99,486.44,46.87,154.17,0.3225,-1,-1,-1
248,33,1434.34,556.47,47.35,141.85,0.7561,-1,-1,-1
248,28,105.17,582.15,40.00,108.15,0.3854,-1,-1,-1
249,48,1334.16,581.55,48.99,132.88,0.3824,-1,-1,-1
249,33,1440.37,553.59,46.48,146.48,0.7948,-1,-1,-1
249,28,105.34,584.65,43.29,109.15,0.4063,-1,-1,-1
250,48,1339.64,581.07,47.30,130.68,0.3014,-1,-1,-1
250,33,1446.91,547.10,48.02,150.61,0.7218,-1,-1,-1
250,28,105.93,586.22,43.91,107.84,0.4542,-1,-1,-1
251,33,1455.67,543.19,42.77,158.85,0.7527,-1,-1,-1
251,28,106.89,587.26,42.05,108.26,0.3931,-1,-1,-1
252,33,1460.93,549.25,45.34,149.65,0.7404,-1,-1,-1
252,28,111.26,588.83,35.91,103.25,0.3095,-1,-1,-1
253,33,1468.58,539.60,45.16,158.34,0.7455,-1,-1,-1
253,28,116.89,591.36,39.00,105.41,0.4483,-1,-1,-1
254,33,1472.73,538.75,46.82,158.45,0.7033,-1,-1,-1
254,28,119.17,591.24,38.75,106.06,0.4651,-1,-1,-1
255,39,27.85,510.31,51.44,141.94,0.3140,-1,-1,-1
255,33,1481.15,535.01,44.45,155.82,0.7114,-1,-1,-1
255,28,119.17,593.52,41.54,108.73,0.3868,-1,-1,-1
256,33,1489.01,539.61,47.04,155.42,0.7257,-1,-1,-1
256,28,123.76,593.00,41.15,112.22,0.4109,-1,-1,-1
257,33,1498.12,538.53,44.47,152.41,0.7083,-1,-1,-1
257,28,128.97,595.64,47.34,109.25,0.3283,-1,-1,-1
258,51,0.09,609.66,23.14,95.66,0.4494,-1,-1,-1
258,39,35.35,504.25,53.45,155.19,0.3020,-1,-1,-1
258,33,1506.05,546.93,46.24,149.45,0.6423,-1,-1,-1
258,28,131.55,596.44,44.86,109.44,0.3460,-1,-1,-1
259,51,0.12,610.35,26.48,94.88,0.4729,-1,-1,-1
259,39,38.40,508.22,52.72,147.08,0.4241,-1,-1,-1
259,33,1511.97,552.74,51.32,143.16,0.5939,-1,-1,-1
259,28,131.55,594.42,42.76,111.57,0.3772,-1,-1,-1
260,51,0.15,611.97,30.05,94.23,0.4129,-1,-1,-1
260,33,1509.38,551.18,66.57,147.69,0.6694,-1,-1,-1
260,28,131.72,600.26,41.90,108.27,0.3197,-1,-1,-1
261,51,0.09,611.76,31.37,96.90,0.5006,-1,-1,-1
261,33,1520.25,554.76,65.87,144.64,0.5765,-1,-1,-1
261,28,135.95,601.73,42.00,107.24,0.3941,-1,-1,-1
262,52,978.82,510.35,26.22,85.35,0.3380,-1,-1,-1
262,51,0.00,610.38,28.79,97.29,0.4984,-1,-1,-1
262,33,1519.28,565.76,78.34,131.59,0.4398,-1,-1,-1
262,28,140.87,600.86,35.59,107.96,0.4578,-1,-1,-1
263,52,981.27,518.06,29.34,80.16,0.3426,-1,-1,-1
263,51,0.13,612.76,33.02,94.46,0.4663,-1,-1,-1
263,28,141.88,602.33,39.79,106.16,0.3133,-1,-1,-1
264,52,984.51,520.06,27.05,77.45,0.3074,-1,-1,-1
264,51,0.00,611.84,33.33,96.80,0.5156,-1,-1,-1
264,39,51.28,515.21,47.85,142.26,0.3370,-1,-1,-1
265,52,989.60,512.55,30.15,85.26,0.4172,-1,-1,-1
265,51,0.08,615.19,33.50,92.27,0.4631,-1,-1,-1
265,28,147.47,599.48,45.77,110.10,0.3717,-1,-1,-1
266,52,996.50,512.64,29.17,85.02,0.4399,-1,-1,-1
266,51,0.11,613.37,38.77,94.26,0.4623,-1,-1,-1
266,33,1575.78,575.04,63.24,136.33,0.4049,-1,-1,-1
267,53,1045.62,507.93,33.76,98.48,0.3483,-1,-1,-1
267,52,1003.24,518.31,26.44,79.12,0.3558,-1,-1,-1
267,51,0.15,613.04,42.35,95.03,0.4943,-1,-1,-1
267,28,151.11,599.38,44.26,112.23,0.4010,-1,-1,-1
268,53,1049.01,511.17,37.53,99.20,0.4425,-1,-1,-1
268,52,1007.76,516.86,29.02,82.63,0.3297,-1,-1,-1
268,51,3.19,611.75,42.11,100.03,0.4669,-1,-1,-1
269,54,1033.72,509.60,26.05,93.78,0.3871,-1,-1,-1
269,53,1057.83,506.46,41.79,99.87,0.4786,-1,-1,-1
269,52,1023.81,511.07,25.14,91.47,0.3662,-1,-1,-1
269,51,4.53,610.17,44.83,100.27,0.4942,-1,-1,-1
269,28,154.01,598.63,43.74,113.43,0.3899,-1,-1,-1
270,53,1064.48,504.92,37.60,95.48,0.4245,-1,-1,-1
270,52,1022.58,509.32,27.48,87.63,0.3831,-1,-1,-1
270,51,7.25,609.07,46.30,98.45,0.4642,-1,-1,-1
270,48,1568.34,592.58,51.35,185.15,0.5122,-1,-1,-1
270,28,157.21,594.46,42.61,114.15,0.3389,-1,-1,-1
271,53,1068.69,506.25,37.31,96.99,0.4254,-1,-1,-1
271,52,1025.24,511.09,28.13,85.92,0.3106,-1,-1,-1
271,51,13.03,610.03,41.80,95.88,0.5401,-1,-1,-1
271,48,1585.16,592.22,54.01,187.71,0.4663,-1,-1,-1
271,28,162.50,595.33,41.86,111.34,0.4304,-1,-1,-1
272,53,1074.22,509.43,36.15,97.76,0.3737,-1,-1,-1
272,52,1032.17,516.67,26.76,77.99,0.3015,-1,-1,-1
272,51,12.72,604.25,43.26,100.61,0.5138,-1,-1,-1
273,53,1078.89,507.48,44.33,100.22,0.3637,-1,-1,-1
273,52,1057.05,507.74,28.23,92.82,0.3465,-1,-1,-1
273,51,14.51,606.25,44.63,100.47,0.5929,-1,-1,-1
273,28,168.09,591.03,47.79,115.97,0.3818,-1,-1,-1
274,53,1089.13,506.63,40.14,94.10,0.4813,-1,-1,-1
274,52,1063.80,506.22,23.00,91.10,0.3772,-1,-1,-1
274,51,14.47,600.18,43.24,103.14,0.4455,-1,-1,-1
274,48,1625.00,590.90,69.95,213.15,0.3254,-1,-1,-1
275,53,1094.50,507.35,35.21,96.59,0.3927,-1,-1,-1
275,51,16.07,597.04,47.72,107.81,0.6144,-1,-1,-1
275,48,1638.65,580.79,85.44,225.59,0.4295,-1,-1,-1
276,53,1100.16,506.40,34.53,97.09,0.3072,-1,-1,-1
276,51,18.31,600.86,47.38,104.13,0.6279,-1,-1,-1
276,48,1656.01,581.02,75.68,234.95,0.6511,-1,-1,-1
276,28,174.91,590.14,45.36,116.91,0.4254,-1,-1,-1
277,56,1056.83,503.64,34.40,93.20,0.3837,-1,-1,-1
277,54,1171.51,516.06,37.15,91.22,0.3737,-1,-1,-1
277,53,1101.44,502.70,39.33,99.97,0.3152,-1,-1,-1
277,51,20.28,598.65,47.12,107.29,0.6056,-1,-1,-1
277,48,1669.63,593.42,79.01,225.93,0.5055,-1,-1,-1
277,28,177.29,590.39,44.09,117.39,0.3450,-1,-1,-1
278,56,1061.94,506.12,30.85,91.21,0.3818,-1,-1,-1
278,53,1110.04,506.87,42.23,95.71,0.3398,-1,-1,-1
278,51,21.48,597.96,47.52,109.35,0.5956,-1,-1,-1
278,48,1682.28,597.86,83.82,226.98,0.4514,-1,-1,-1
278,28,176.15,590.91,46.92,118.87,0.3741,-1,-1,-1
279,56,1070.93,510.40,31.26,89.38,0.4359,-1,-1,-1
279,53,1117.39,522.34,33.62,79.54,0.3125,-1,-1,-1
279,51,24.34,598.58,48.16,109.65,0.6058,-1,-1,-1
279,48,1694.60,594.89,88.32,235.10,0.5978,-1,-1,-1
279,28,178.88,591.67,46.54,118.47,0.4374,-1,-1,-1
280,59,1151.98,525.35,22.53,77.52,0.3167,-1,-1,-1
280,51,25.71,600.13,48.34,111.75,0.6286,-1,-1,-1
280,48,1707.46,559.01,70.04,172.05,0.4081,-1,-1,-1
280,28,181.55,600.66,44.35,111.35,0.4650,-1,-1,-1
281,57,1195.60,518.00,32.38,93.24,0.3336,-1,-1,-1
281,53,1123.97,504.84,39.95,98.83,0.3443,-1,-1,-1
281,51,25.47,602.02,50.72,112.57,0.6286,-1,-1,-1
281,48,1722.54,550.71,67.28,185.81,0.3070,-1,-1,-1
281,28,185.29,599.24,44.96,115.47,0.4178,-1,-1,-1
282,62,1235.26,547.73,41.45,114.92,0.3403,-1,-1,-1
282,61,1742.07,552.70,44.32,94.09,0.3115,-1,-1,-1
282,60,1732.16,610.77,119.66,236.53,0.6271,-1,-1,-1
282,57,1198.07,517.51,32.61,93.93,0.3289,-1,-1,-1
282,51,28.55,605.23,48.76,110.03,0.6182,-1,-1,-1
282,28,187.04,598.00,48.37,117.42,0.4728,-1,-1,-1
283,60,1784.13,607.85,90.80,242.41,0.6215,-1,-1,-1
283,54,1280.73,538.14,35.33,117.75,0.3474,-1,-1,-1
283,51,30.97,610.42,47.76,107.58,0.6025,-1,-1,-1
283,48,1748.83,549.79,53.05,178.58,0.4922,-1,-1,-1
283,28,188.64,599.62,52.16,118.19,0.4684,-1,-1,-1
284,60,1800.41,608.97,100.17,245.37,0.7479,-1,-1,-1
284,54,1293.53,534.14,43.10,122.38,0.3889,-1,-1,-1
284,51,32.93,610.19,47.76,109.78,0.6394,-1,-1,-1
284,48,1753.02,549.99,58.15,183.88,0.6228,-1,-1,-1
284,28,192.17,601.47,48.06,117.83,0.3813,-1,-1,-1
285,62,1254.81,536.46,44.25,122.80,0.3722,-1,-1,-1
285,60,1826.35,612.54,91.01,246.23,0.8108,-1,-1,-1
285,54,1299.44,537.34,49.41,117.22,0.4237,-1,-1,-1
285,51,35.55,612.01,46.57,110.11,0.6388,-1,-1,-1
285,48,1766.57,550.37,60.42,182.85,0.6448,-1,-1,-1
285,28,194.65,600.88,51.43,120.26,0.4395,-1,-1,-1
286,60,1844.27,610.26,75.11,252.46,0.7455,-1,-1,-1
286,54,1312.78,535.51,42.14,118.25,0.3429,-1,-1,-1
286,51,35.64,612.79,47.86,111.97,0.6464,-1,-1,-1
286,48,1778.80,546.29,62.23,189.92,0.7142,-1,-1,-1
286,28,196.81,601.13,52.04,121.85,0.4208,-1,-1,-1
287,60,1865.50,615.79,53.69,251.06,0.7013,-1,-1,-1
287,51,37.13,613.46,49.56,112.50,0.6323,-1,-1,-1
287,48,1796.75,548.53,61.28,191.26,0.7020,-1,-1,-1
287,28,199.40,606.74,51.33,119.81,0.4334,-1,-1,-1
288,62,1333.14,531.94,36.55,122.89,0.3047,-1,-1,-1
288,60,1888.21,653.28,30.97,213.66,0.5868,-1,-1,-1
288,51,38.31,614.68,51.39,111.93,0.6126,-1,-1,-1
288,48,1804.77,547.85,69.96,194.78,0.6716,-1,-1,-1
288,28,200.50,604.97,45.40,122.60,0.4925,-1,-1,-1
289,51,39.15,614.51,51.02,114.11,0.5697,-1,-1,-1
289,48,1820.55,543.83,65.44,197.95,0.7279,-1,-1,-1
289,28,201.71,607.38,40.53,119.73,0.3893,-1,-1,-1
290,51,41.47,612.13,52.55,116.57,0.6098,-1,-1,-1
290,48,1833.71,543.89,73.10,198.99,0.7608,-1,-1,-1
290,28,203.71,605.18,47.25,123.46,0.4323,-1,-1,-1
291,57,1356.97,534.54,28.96,114.70,0.3192,-1,-1,-1
291,52,1211.97,522.96,40.27,78.12,0.3751,-1,-1,-1
291,51,44.12,613.49,54.70,118.84,0.6152,-1,-1,-1
291,48,1849.54,537.53,60.10,204.56,0.7573,-1,-1,-1
292,57,1361.94,536.35,34.87,119.53,0.3813,-1,-1,-1
292,52,1208.53,519.14,48.26,80.62,0.3507,-1,-1,-1
292,51,44.98,612.13,53.91,122.13,0.6634,-1,-1,-1
292,48,1861.22,541.51,58.12,204.91,0.7129,-1,-1,-1
292,28,210.91,608.45,55.53,123.90,0.3703,-1,-1,-1
293,51,47.34,615.46,53.21,122.84,0.6508,-1,-1,-1
293,48,1877.54,540.49,41.84,207.94,0.6244,-1,-1,-1
293,28,216.80,611.89,49.57,123.46,0.4317,-1,-1,-1
294,51,47.84,619.77,53.84,119.69,0.6003,-1,-1,-1
294,28,216.75,611.44,49.32,124.06,0.4650,-1,-1,-1
295,51,47.32,620.86,56.41,118.56,0.6144,-1,-1,-1
295,28,214.09,614.43,42.65,122.39,0.4390,-1,-1,-1
296,63,1378.63,549.67,39.36,115.13,0.4555,-1,-1,-1
296,55,1315.67,560.88,43.52,118.00,0.3088,-1,-1,-1
296,51,48.32,620.81,57.58,118.61,0.5635,-1,-1,-1
296,28,214.68,613.57,46.88,125.02,0.4413,-1,-1,-1
297,63,1381.46,556.69,40.20,107.39,0.4537,-1,-1,-1
297,55,1347.00,540.24,39.10,130.87,0.3569,-1,-1,-1
297,51,48.80,621.50,57.73,120.32,0.6090,-1,-1,-1
297,28,223.23,615.07,44.85,124.18,0.3719,-1,-1,-1
298,63,1388.93,544.31,42.39,121.12,0.4214,-1,-1,-1
298,55,1350.72,532.88,44.13,139.02,0.4125,-1,-1,-1
298,51,49.01,621.44,57.14,120.03,0.6082,-1,-1,-1
298,28,224.82,611.45,47.28,127.48,0.4184,-1,-1,-1
299,63,1396.82,565.25,41.97,106.48,0.3227,-1,-1,-1
299,55,1352.64,532.82,52.14,149.57,0.3324,-1,-1,-1
299,51,49.45,622.79,56.94,118.92,0.6155,-1,-1,-1
299,28,226.81,615.98,45.57,123.51,0.4652,-1,-1,-1
300,63,1398.62,552.05,51.47,123.32,0.3037,-1,-1,-1
300,58,1352.61,533.47,44.71,99.10,0.3096,-1,-1,-1
300,52,1317.43,526.34,32.77,95.97,0.3737,-1,-1,-1
300,51,49.60,619.85,58.05,123.94,0.5867,-1,-1,-1
300,28,228.73,614.74,49.22,125.90,0.4987,-1,-1,-1
