1,1,118.00,157.54,79.99,171.14,0.8484,-1,-1,-1
1,2,16.01,148.76,74.71,190.85,0.8159,-1,-1,-1
2,1,118.40,155.04,81.52,174.37,0.8474,-1,-1,-1
2,2,16.78,145.53,76.07,194.44,0.8564,-1,-1,-1
3,1,116.82,153.84,82.21,177.00,0.7125,-1,-1,-1
3,2,18.76,138.31,79.12,202.68,0.8289,-1,-1,-1
4,1,125.77,154.02,83.13,179.11,0.8467,-1,-1,-1
4,2,23.56,141.74,78.31,201.12,0.8197,-1,-1,-1
5,1,134.17,156.33,83.75,180.29,0.8143,-1,-1,-1
5,2,29.99,139.99,80.23,206.94,0.8697,-1,-1,-1
6,1,140.62,155.31,85.43,183.78,0.8338,-1,-1,-1
6,2,33.03,140.40,81.05,209.23,0.8531,-1,-1,-1
6,4,223.00,197.95,20.70,66.94,0.6154,-1,-1,-1
6,5,268.54,198.17,23.83,66.29,0.5848,-1,-1,-1
7,1,144.79,153.06,86.98,187.04,0.8595,-1,-1,-1
7,2,36.67,140.15,81.18,210.28,0.8357,-1,-1,-1
7,4,227.15,198.34,20.53,66.09,0.6563,-1,-1,-1
7,5,274.39,199.07,22.95,63.65,0.6744,-1,-1,-1
8,1,151.32,152.68,88.49,190.28,0.8705,-1,-1,-1
8,2,40.27,139.95,82.10,213.32,0.8246,-1,-1,-1
8,4,235.04,199.88,20.48,65.54,0.6827,-1,-1,-1
8,5,281.14,200.48,23.45,64.78,0.5862,-1,-1,-1
9,1,155.79,151.84,89.62,193.06,0.8672,-1,-1,-1
9,2,44.94,139.97,82.12,214.12,0.8304,-1,-1,-1
9,4,242.34,202.97,19.95,63.19,0.5636,-1,-1,-1
9,5,288.02,199.93,23.83,65.70,0.7195,-1,-1,-1
9,7,269.53,198.77,20.84,66.24,0.6477,-1,-1,-1
10,1,162.12,148.92,91.32,197.37,0.8699,-1,-1,-1
10,2,48.73,136.35,84.36,219.70,0.8570,-1,-1,-1
10,4,251.10,198.76,21.35,67.09,0.6476,-1,-1,-1
10,5,295.93,201.20,23.67,64.99,0.6351,-1,-1,-1
11,1,168.39,147.51,92.57,200.78,0.8611,-1,-1,-1
11,2,53.92,135.44,85.27,222.05,0.8677,-1,-1,-1
11,4,256.47,200.48,20.79,65.11,0.4890,-1,-1,-1
11,5,304.27,201.28,23.44,64.67,0.6469,-1,-1,-1
11,8,144.52,195.72,24.24,69.86,0.5637,-1,-1,-1
12,1,178.39,147.40,94.25,204.83,0.8704,-1,-1,-1
12,2,60.54,131.65,88.12,230.75,0.8809,-1,-1,-1
12,5,314.45,204.53,22.90,63.20,0.5016,-1,-1,-1
12,8,153.83,197.76,24.08,69.06,0.5749,-1,-1,-1
12,7,270.79,199.51,21.68,68.52,0.6251,-1,-1,-1
13,1,183.68,147.09,96.18,208.83,0.8587,-1,-1,-1
13,2,66.74,138.56,86.58,226.46,0.8563,-1,-1,-1
13,5,320.74,197.60,25.41,70.36,0.4617,-1,-1,-1
13,8,160.97,196.98,24.78,70.60,0.5691,-1,-1,-1
13,7,275.21,200.10,21.77,68.48,0.5106,-1,-1,-1
14,1,194.15,145.51,97.28,211.99,0.8290,-1,-1,-1
14,2,76.11,131.23,89.30,235.87,0.8715,-1,-1,-1
14,5,332.08,202.97,23.43,65.14,0.3741,-1,-1,-1
14,8,171.27,196.26,25.17,71.22,0.5988,-1,-1,-1
15,1,205.44,145.08,98.69,215.80,0.8599,-1,-1,-1
15,2,83.38,135.79,88.67,234.53,0.8602,-1,-1,-1
15,5,345.32,204.71,23.53,64.65,0.6195,-1,-1,-1
15,8,182.52,197.49,25.24,70.96,0.6604,-1,-1,-1
16,1,212.16,144.45,99.36,217.00,0.8458,-1,-1,-1
16,2,82.72,127.49,92.39,243.50,0.8776,-1,-1,-1
16,5,353.71,201.35,24.49,66.73,0.5434,-1,-1,-1
16,8,188.56,194.64,25.71,71.60,0.6426,-1,-1,-1
16,12,300.80,199.04,22.47,66.82,0.6868,-1,-1,-1
16,14,329.79,195.99,24.29,70.46,0.5508,-1,-1,-1
17,1,216.99,141.07,102.29,222.22,0.7738,-1,-1,-1
17,2,85.53,124.80,93.77,247.42,0.8982,-1,-1,-1
17,8,192.24,193.33,25.94,71.76,0.6422,-1,-1,-1
17,12,305.35,196.55,23.27,69.16,0.5980,-1,-1,-1
17,14,333.34,195.59,24.04,69.81,0.4471,-1,-1,-1
18,1,219.96,138.45,105.69,228.58,0.8572,-1,-1,-1
18,2,86.08,124.11,95.63,252.01,0.9013,-1,-1,-1
18,8,196.16,194.31,25.63,70.51,0.5464,-1,-1,-1
18,12,310.21,195.16,23.83,71.00,0.7058,-1,-1,-1
19,1,221.67,134.34,108.56,233.97,0.8666,-1,-1,-1
19,2,84.47,120.05,97.50,256.85,0.9064,-1,-1,-1
19,8,197.82,193.18,25.78,70.25,0.5145,-1,-1,-1
19,12,312.27,192.83,24.03,71.43,0.6221,-1,-1,-1
20,1,219.53,129.98,111.49,239.87,0.8877,-1,-1,-1
20,2,80.13,114.88,99.94,263.65,0.9029,-1,-1,-1
20,8,196.58,189.08,26.60,72.07,0.5803,-1,-1,-1
21,1,218.12,127.03,114.65,246.36,0.8791,-1,-1,-1
21,2,75.79,109.15,103.10,272.48,0.8988,-1,-1,-1
21,8,195.45,186.87,27.27,73.81,0.6602,-1,-1,-1
21,15,41.25,186.40,28.10,69.58,0.5713,-1,-1,-1
22,1,217.28,123.56,117.53,252.58,0.8829,-1,-1,-1
22,2,71.43,104.63,105.73,279.57,0.8850,-1,-1,-1
22,8,196.02,185.82,27.21,73.67,0.3509,-1,-1,-1
22,15,41.55,183.81,28.57,70.75,0.4103,-1,-1,-1
23,1,216.38,122.76,120.56,259.73,0.8812,-1,-1,-1
23,2,68.99,103.72,108.66,287.99,0.8965,-1,-1,-1
23,8,198.48,188.60,27.05,73.51,0.5789,-1,-1,-1
23,15,46.75,189.44,27.35,68.10,0.3665,-1,-1,-1
24,1,218.50,121.19,122.26,265.10,0.7988,-1,-1,-1
24,2,67.03,103.19,111.06,294.18,0.8602,-1,-1,-1
25,1,223.28,120.22,124.59,273.79,0.8810,-1,-1,-1
25,2,63.95,102.29,114.34,302.50,0.8911,-1,-1,-1
26,1,224.29,117.02,126.06,280.75,0.8712,-1,-1,-1
26,2,60.52,100.30,116.99,309.02,0.8826,-1,-1,-1
27,1,228.20,113.75,127.40,287.72,0.8809,-1,-1,-1
27,2,57.70,96.53,119.63,315.49,0.8972,-1,-1,-1
28,1,231.82,111.33,128.36,294.25,0.8851,-1,-1,-1
28,2,55.64,94.27,122.38,322.53,0.9022,-1,-1,-1
29,1,231.26,106.57,131.03,302.05,0.8659,-1,-1,-1
29,2,52.52,88.07,127.13,335.23,0.8817,-1,-1,-1
30,1,231.44,103.58,133.24,309.39,0.8839,-1,-1,-1
30,2,49.62,84.42,130.66,344.27,0.8888,-1,-1,-1
31,1,236.58,99.33,135.70,319.26,0.8790,-1,-1,-1
31,2,46.17,80.72,134.41,352.69,0.8946,-1,-1,-1
32,1,243.14,96.63,138.25,329.98,0.8769,-1,-1,-1
32,2,45.07,77.76,138.34,362.84,0.8790,-1,-1,-1
33,1,250.52,91.27,140.33,338.20,0.8614,-1,-1,-1
33,2,48.75,71.94,141.63,372.89,0.8887,-1,-1,-1
33,14,361.40,186.79,26.07,75.22,0.6280,-1,-1,-1
34,1,260.10,88.78,143.58,349.57,0.8579,-1,-1,-1
34,2,54.76,69.99,144.28,380.95,0.8851,-1,-1,-1
34,19,424.05,187.77,27.74,78.35,0.6605,-1,-1,-1
34,14,367.46,186.75,26.94,76.50,0.6828,-1,-1,-1
35,1,267.42,87.53,147.57,359.43,0.8551,-1,-1,-1
35,2,60.01,69.38,146.15,387.57,0.9042,-1,-1,-1
35,19,432.59,189.89,27.73,78.30,0.6581,-1,-1,-1
35,14,374.90,188.48,27.23,76.95,0.7054,-1,-1,-1
35,20,3.05,118.51,29.58,103.68,0.6117,-1,-1,-1
36,1,273.95,82.25,152.57,369.00,0.8937,-1,-1,-1
36,2,66.41,63.73,149.79,398.50,0.8947,-1,-1,-1
36,19,445.39,190.01,27.65,78.01,0.6636,-1,-1,-1
36,14,384.35,188.96,27.13,76.41,0.5824,-1,-1,-1
37,1,277.04,78.54,157.34,377.98,0.8908,-1,-1,-1
37,2,69.33,61.03,152.14,405.80,0.9014,-1,-1,-1
37,19,452.01,190.38,27.74,78.35,0.6192,-1,-1,-1
37,14,390.62,189.20,27.28,76.37,0.6547,-1,-1,-1
38,1,283.75,76.18,162.77,387.65,0.8878,-1,-1,-1
38,2,69.81,58.58,155.42,415.23,0.8759,-1,-1,-1
38,19,457.60,190.01,28.40,80.19,0.7279,-1,-1,-1
38,14,397.61,192.91,26.79,74.03,0.4970,-1,-1,-1
39,1,288.94,71.39,167.86,397.22,0.8902,-1,-1,-1
39,2,69.67,54.25,158.65,424.09,0.8789,-1,-1,-1
39,19,462.77,188.28,29.12,81.61,0.6727,-1,-1,-1
39,14,403.34,194.98,25.97,71.33,0.5582,-1,-1,-1
39,23,433.48,187.50,26.90,78.13,0.5778,-1,-1,-1
40,1,291.81,66.73,174.52,410.16,0.8876,-1,-1,-1
40,2,69.41,52.20,160.71,428.93,0.8847,-1,-1,-1
40,19,466.86,188.35,29.73,83.04,0.7032,-1,-1,-1
40,14,408.37,198.43,25.32,70.16,0.4654,-1,-1,-1
40,23,437.52,186.31,28.07,81.55,0.5362,-1,-1,-1
40,24,183.61,63.10,58.53,199.53,0.6957,-1,-1,-1
41,1,295.90,63.23,178.94,417.38,0.8832,-1,-1,-1
41,2,67.50,48.88,162.74,433.16,0.8903,-1,-1,-1
41,19,474.11,188.77,22.20,58.73,0.6164,-1,-1,-1
41,23,439.69,187.89,27.65,80.35,0.5486,-1,-1,-1
41,24,182.95,63.09,58.34,198.91,0.7385,-1,-1,-1
42,1,294.05,57.50,183.69,424.56,0.8999,-1,-1,-1
42,2,58.71,43.16,165.83,439.08,0.8915,-1,-1,-1
42,19,475.32,187.79,17.51,42.42,0.5377,-1,-1,-1
42,24,178.24,57.12,60.66,206.93,0.6336,-1,-1,-1
43,1,293.26,53.52,187.64,428.93,0.9045,-1,-1,-1
43,2,52.78,37.35,168.60,444.75,0.8963,-1,-1,-1
43,19,473.51,189.80,14.78,32.64,0.5272,-1,-1,-1
43,24,174.77,51.92,60.79,207.63,0.6478,-1,-1,-1
44,1,292.47,50.30,191.22,432.13,0.9040,-1,-1,-1
44,2,48.41,31.82,171.28,449.80,0.8976,-1,-1,-1
44,24,173.20,48.56,61.86,211.67,0.6433,-1,-1,-1
45,1,294.26,46.74,194.69,435.13,0.8964,-1,-1,-1
45,2,45.68,27.83,173.11,452.76,0.8951,-1,-1,-1
45,24,174.05,46.89,62.82,215.20,0.6476,-1,-1,-1
46,1,292.46,42.97,199.19,438.94,0.9094,-1,-1,-1
46,2,41.25,21.29,176.59,459.48,0.8836,-1,-1,-1
46,24,173.47,44.86,63.66,218.25,0.6942,-1,-1,-1
47,1,294.12,38.52,203.27,443.27,0.9064,-1,-1,-1
47,2,37.42,15.80,179.42,464.71,0.8725,-1,-1,-1
47,24,172.85,41.51,63.56,218.25,0.6582,-1,-1,-1
48,1,296.93,31.46,207.79,449.69,0.8999,-1,-1,-1
48,2,35.18,11.78,182.35,469.16,0.8636,-1,-1,-1
48,24,174.71,38.50,64.71,222.43,0.6428,-1,-1,-1
49,1,297.31,28.55,211.32,452.74,0.8895,-1,-1,-1
49,2,34.59,9.10,184.47,469.82,0.8603,-1,-1,-1
49,24,175.42,36.30,65.82,226.25,0.6405,-1,-1,-1
50,1,296.12,23.51,215.31,457.11,0.8995,-1,-1,-1
50,2,29.65,3.75,188.44,475.51,0.8585,-1,-1,-1
50,24,173.58,34.26,68.04,234.42,0.6500,-1,-1,-1
50,20,-1.57,90.41,32.98,117.43,0.5213,-1,-1,-1
51,1,296.09,19.65,219.21,460.83,0.9086,-1,-1,-1
51,2,27.96,0.92,190.26,476.98,0.8588,-1,-1,-1
51,24,174.23,32.84,69.27,238.16,0.7362,-1,-1,-1
51,20,-1.18,89.21,32.87,118.05,0.4481,-1,-1,-1
52,1,298.44,16.03,222.41,463.95,0.9019,-1,-1,-1
52,2,24.05,-0.61,192.41,478.92,0.8464,-1,-1,-1
52,24,173.80,30.16,70.11,240.66,0.5960,-1,-1,-1
52,20,-4.22,87.28,39.33,146.74,0.4830,-1,-1,-1
53,1,299.54,13.59,226.05,466.32,0.9044,-1,-1,-1
53,2,21.58,-1.25,194.96,480.76,0.8605,-1,-1,-1
53,24,173.54,28.08,70.32,241.24,0.6318,-1,-1,-1
53,20,-3.37,86.05,41.55,157.55,0.3691,-1,-1,-1
54,1,300.77,11.64,229.47,468.80,0.9116,-1,-1,-1
54,2,20.88,-0.86,196.01,479.13,0.8424,-1,-1,-1
54,24,173.52,27.56,70.68,242.14,0.5766,-1,-1,-1
54,20,0.06,86.25,35.60,132.03,0.4177,-1,-1,-1
55,1,304.75,8.16,233.05,470.80,0.8858,-1,-1,-1
55,2,19.33,-0.56,198.05,479.79,0.8571,-1,-1,-1
55,24,174.67,25.85,71.35,244.32,0.5491,-1,-1,-1
55,20,-4.63,85.76,46.17,177.06,0.4524,-1,-1,-1
56,1,304.09,5.49,237.05,473.36,0.8457,-1,-1,-1
56,2,19.48,-0.89,199.86,479.96,0.8620,-1,-1,-1
56,24,175.42,24.39,72.08,247.02,0.5890,-1,-1,-1
56,20,-3.68,84.23,44.39,173.03,0.4636,-1,-1,-1
57,1,309.39,2.57,241.10,476.98,0.9115,-1,-1,-1
57,2,17.60,-0.30,201.20,478.12,0.8578,-1,-1,-1
57,24,172.84,22.78,79.53,275.78,0.6122,-1,-1,-1
57,20,-3.22,83.26,43.00,170.33,0.5690,-1,-1,-1
58,1,312.02,1.44,244.19,478.71,0.8997,-1,-1,-1
58,2,16.30,-0.00,202.81,477.57,0.8594,-1,-1,-1
58,24,165.51,20.69,96.32,343.56,0.4966,-1,-1,-1
58,20,-3.20,82.91,41.87,168.85,0.4866,-1,-1,-1
59,1,315.51,0.40,247.47,479.53,0.9035,-1,-1,-1
59,2,15.07,0.23,204.67,477.29,0.8447,-1,-1,-1
59,24,167.60,19.88,94.19,341.86,0.7051,-1,-1,-1
59,20,-3.53,83.42,40.52,166.87,0.4017,-1,-1,-1
60,1,318.34,-0.81,250.69,479.34,0.9006,-1,-1,-1
60,2,14.08,-0.03,206.79,477.73,0.8185,-1,-1,-1
60,24,162.86,18.64,103.86,387.31,0.5711,-1,-1,-1
60,20,-7.82,80.55,46.95,202.26,0.3765,-1,-1,-1
61,1,321.87,-1.23,254.41,480.30,0.8971,-1,-1,-1
61,2,11.49,0.43,208.30,476.76,0.8556,-1,-1,-1
61,24,162.45,17.69,105.05,401.82,0.6077,-1,-1,-1
61,20,-8.70,79.76,47.03,211.52,0.3827,-1,-1,-1
62,1,326.53,-1.22,256.14,477.26,0.8307,-1,-1,-1
62,2,9.64,0.56,209.88,476.59,0.8611,-1,-1,-1
62,24,163.82,16.24,105.69,414.90,0.7277,-1,-1,-1
62,20,-8.45,78.46,47.90,223.66,0.4517,-1,-1,-1
63,1,327.04,-1.09,260.22,479.79,0.8857,-1,-1,-1
63,2,8.06,0.86,211.37,476.47,0.7896,-1,-1,-1
63,24,164.65,14.83,105.14,422.41,0.7196,-1,-1,-1
63,20,-14.15,76.10,63.57,312.61,0.3731,-1,-1,-1
64,1,329.32,-1.06,263.24,480.75,0.8757,-1,-1,-1
64,2,7.96,1.45,213.05,476.68,0.8099,-1,-1,-1
64,24,166.18,14.46,102.81,420.39,0.5741,-1,-1,-1
65,1,329.53,-0.97,265.81,481.02,0.8766,-1,-1,-1
65,2,9.76,1.25,214.88,475.66,0.7657,-1,-1,-1
65,24,172.97,13.80,92.28,378.13,0.5247,-1,-1,-1
65,23,501.60,193.01,26.29,76.47,0.6443,-1,-1,-1
66,1,327.40,-0.71,268.44,480.88,0.8839,-1,-1,-1
66,2,8.32,1.15,215.80,474.08,0.8418,-1,-1,-1
66,24,177.32,12.86,85.45,348.04,0.6341,-1,-1,-1
66,23,502.84,192.39,26.37,76.64,0.6824,-1,-1,-1
67,1,326.40,-0.71,271.46,480.78,0.8852,-1,-1,-1
67,2,5.62,1.04,217.58,476.08,0.8087,-1,-1,-1
67,24,173.73,11.56,95.12,394.13,0.7479,-1,-1,-1
67,23,503.72,192.59,26.01,76.43,0.6490,-1,-1,-1
67,20,-18.61,77.84,70.21,371.58,0.5338,-1,-1,-1
68,1,327.66,-0.32,273.58,480.47,0.8942,-1,-1,-1
68,2,4.17,2.17,218.08,475.38,0.7487,-1,-1,-1
68,24,171.64,10.79,99.91,421.43,0.6779,-1,-1,-1
68,23,505.13,192.77,25.65,76.67,0.6037,-1,-1,-1
69,1,327.58,-0.03,275.28,480.20,0.8915,-1,-1,-1
69,2,3.36,2.56,218.86,475.59,0.7380,-1,-1,-1
69,24,171.45,9.79,101.08,433.26,0.6036,-1,-1,-1
69,23,505.46,193.33,24.93,75.79,0.6365,-1,-1,-1
70,1,326.77,0.03,276.93,480.12,0.8924,-1,-1,-1
70,2,1.79,1.63,220.13,477.74,0.8235,-1,-1,-1
70,24,174.63,9.00,99.11,431.13,0.8348,-1,-1,-1
70,23,506.05,193.21,24.69,75.87,0.6172,-1,-1,-1
70,26,294.54,176.77,28.29,85.37,0.5253,-1,-1,-1
71,1,325.38,-0.26,278.45,480.40,0.8761,-1,-1,-1
71,2,0.99,1.33,220.69,478.57,0.8286,-1,-1,-1
71,24,176.91,8.07,97.71,430.51,0.8365,-1,-1,-1
71,23,506.42,193.32,24.20,75.04,0.5617,-1,-1,-1
71,26,293.47,176.70,28.11,84.80,0.5884,-1,-1,-1
72,1,324.24,-0.02,279.87,480.15,0.8827,-1,-1,-1
72,2,0.78,1.16,221.08,478.93,0.8600,-1,-1,-1
72,24,178.63,7.50,96.57,430.41,0.8375,-1,-1,-1
72,23,506.54,193.00,24.24,75.84,0.5834,-1,-1,-1
72,26,292.27,176.72,28.29,85.03,0.6204,-1,-1,-1
73,1,322.57,0.05,281.53,480.06,0.8920,-1,-1,-1
73,2,0.72,1.17,221.31,478.98,0.8543,-1,-1,-1
73,24,180.69,9.15,95.35,428.07,0.8394,-1,-1,-1
73,23,505.80,192.44,24.52,77.34,0.5062,-1,-1,-1
73,26,291.48,177.11,27.77,83.07,0.6042,-1,-1,-1
73,27,586.26,196.24,23.14,51.79,0.5500,-1,-1,-1
74,1,320.29,-0.15,282.93,480.25,0.8500,-1,-1,-1
74,2,0.93,1.18,221.24,478.27,0.8477,-1,-1,-1
74,24,182.19,8.86,94.67,427.35,0.8486,-1,-1,-1
74,23,505.36,193.03,24.03,76.27,0.5653,-1,-1,-1
74,26,291.31,177.10,27.64,82.30,0.5464,-1,-1,-1
75,1,315.23,0.14,283.95,479.94,0.8711,-1,-1,-1
75,2,1.05,0.90,221.41,478.44,0.8279,-1,-1,-1
75,24,184.02,9.20,93.93,426.09,0.8458,-1,-1,-1
75,26,291.53,177.30,27.70,81.90,0.6049,-1,-1,-1
76,1,312.90,-0.10,284.91,479.24,0.8883,-1,-1,-1
76,2,1.14,0.76,221.44,478.38,0.8184,-1,-1,-1
76,24,185.01,9.58,93.44,425.53,0.8553,-1,-1,-1
76,26,291.46,177.06,27.69,81.40,0.6551,-1,-1,-1
77,1,310.10,-0.17,285.36,478.17,0.8744,-1,-1,-1
77,2,1.66,0.73,221.15,477.42,0.8269,-1,-1,-1
77,24,185.80,9.51,92.86,424.44,0.8452,-1,-1,-1
77,26,291.69,176.83,27.91,81.19,0.6553,-1,-1,-1
78,1,308.22,-0.18,286.09,477.30,0.8931,-1,-1,-1
78,2,1.57,0.95,221.75,478.42,0.8335,-1,-1,-1
78,24,186.45,9.06,92.24,424.17,0.8443,-1,-1,-1
78,26,291.00,177.14,28.01,80.87,0.4946,-1,-1,-1
79,1,306.42,-0.17,287.20,479.13,0.8717,-1,-1,-1
79,2,1.79,0.73,221.84,478.35,0.8325,-1,-1,-1
79,24,186.10,9.66,91.56,424.05,0.8373,-1,-1,-1
79,26,290.99,177.63,28.27,80.47,0.4671,-1,-1,-1
80,1,307.53,-0.16,286.14,479.82,0.8759,-1,-1,-1
80,2,1.76,1.05,222.20,478.67,0.8516,-1,-1,-1
80,24,186.11,10.55,91.04,424.48,0.8294,-1,-1,-1
81,1,308.04,-0.14,285.32,480.06,0.8798,-1,-1,-1
81,2,2.49,1.16,222.61,478.54,0.8432,-1,-1,-1
81,24,186.49,10.90,89.79,421.10,0.7937,-1,-1,-1
82,1,309.99,-0.13,283.73,480.14,0.8624,-1,-1,-1
82,2,3.95,1.25,222.88,477.20,0.8403,-1,-1,-1
82,24,186.70,11.74,89.09,420.24,0.7392,-1,-1,-1
83,1,308.42,-0.11,281.74,477.24,0.8782,-1,-1,-1
83,2,2.33,1.37,223.26,477.60,0.8173,-1,-1,-1
83,24,185.75,12.89,89.12,422.97,0.8172,-1,-1,-1
84,1,305.27,-0.10,281.84,478.72,0.9028,-1,-1,-1
84,2,1.54,1.47,223.05,476.73,0.7691,-1,-1,-1
84,24,183.22,12.26,89.47,426.10,0.7983,-1,-1,-1
85,1,306.61,-0.04,281.52,478.48,0.8923,-1,-1,-1
85,2,3.35,1.57,223.32,475.43,0.7584,-1,-1,-1
85,24,180.86,14.11,88.70,424.57,0.7471,-1,-1,-1
86,1,307.13,-0.00,280.61,476.98,0.8679,-1,-1,-1
86,2,3.07,1.68,224.10,476.02,0.7405,-1,-1,-1
86,24,177.65,16.32,88.19,423.68,0.7507,-1,-1,-1
87,1,307.78,0.02,281.19,478.89,0.8880,-1,-1,-1
87,2,3.77,1.75,224.66,475.37,0.7021,-1,-1,-1
87,24,174.73,16.99,86.31,414.73,0.6689,-1,-1,-1
87,23,503.89,193.13,23.85,75.83,0.6588,-1,-1,-1
88,1,306.86,0.57,281.26,479.07,0.8988,-1,-1,-1
88,2,1.90,1.76,224.95,475.69,0.8129,-1,-1,-1
88,24,173.12,20.57,85.42,412.00,0.7451,-1,-1,-1
88,23,504.64,193.10,24.01,76.90,0.5258,-1,-1,-1
89,1,308.58,0.50,280.89,479.42,0.8955,-1,-1,-1
89,2,0.97,1.74,225.36,476.38,0.8042,-1,-1,-1
89,24,171.95,22.62,84.38,406.85,0.7138,-1,-1,-1
89,23,505.10,192.84,23.72,77.04,0.5054,-1,-1,-1
90,1,308.05,0.60,280.76,479.42,0.8977,-1,-1,-1
90,2,-0.42,1.57,225.47,477.14,0.7954,-1,-1,-1
90,24,170.70,23.53,84.15,403.79,0.7513,-1,-1,-1
90,23,505.06,192.91,23.35,77.08,0.4277,-1,-1,-1
91,1,308.33,0.82,280.64,479.22,0.8943,-1,-1,-1
91,2,-0.99,1.44,225.30,477.34,0.7909,-1,-1,-1
91,24,170.11,23.94,84.55,402.81,0.7204,-1,-1,-1
91,23,504.79,192.44,22.95,76.65,0.3014,-1,-1,-1
92,1,306.81,0.63,280.83,479.03,0.9045,-1,-1,-1
92,2,2.48,1.46,225.69,476.32,0.7655,-1,-1,-1
92,24,170.55,24.44,85.04,400.59,0.6925,-1,-1,-1
92,23,505.47,192.68,22.70,76.78,0.3287,-1,-1,-1
93,1,305.78,0.45,280.59,478.87,0.8917,-1,-1,-1
93,2,0.45,1.43,225.03,475.31,0.8433,-1,-1,-1
93,24,173.30,24.06,87.97,406.62,0.7883,-1,-1,-1
94,1,305.32,0.14,280.71,479.60,0.9028,-1,-1,-1
94,2,-0.18,1.50,224.82,475.11,0.8469,-1,-1,-1
94,24,174.65,24.03,90.05,408.79,0.7889,-1,-1,-1
95,1,305.82,0.03,279.58,478.16,0.9010,-1,-1,-1
95,2,-0.39,1.49,224.63,475.08,0.8603,-1,-1,-1
95,24,175.86,22.56,91.87,411.69,0.7886,-1,-1,-1
96,1,305.18,-0.01,279.82,479.36,0.8999,-1,-1,-1
96,2,-0.38,1.60,224.22,474.54,0.8357,-1,-1,-1
96,24,176.66,22.09,92.67,411.38,0.7914,-1,-1,-1
96,29,265.86,192.14,16.23,56.62,0.5346,-1,-1,-1
96,30,301.29,177.99,23.62,80.83,0.5020,-1,-1,-1
97,1,305.99,0.01,278.67,477.75,0.9031,-1,-1,-1
97,2,-0.00,1.50,223.37,472.87,0.8640,-1,-1,-1
97,24,177.63,21.06,93.26,412.19,0.8179,-1,-1,-1
97,29,263.11,191.99,16.71,58.27,0.5794,-1,-1,-1
97,30,301.52,178.77,23.61,80.85,0.5721,-1,-1,-1
98,1,306.77,-0.02,278.44,477.96,0.9064,-1,-1,-1
98,2,0.12,1.33,223.28,472.85,0.8745,-1,-1,-1
98,24,180.57,20.43,93.11,412.54,0.8351,-1,-1,-1
98,30,301.48,178.22,24.04,82.45,0.5933,-1,-1,-1
98,23,506.14,192.55,22.46,76.59,0.5041,-1,-1,-1
99,1,307.32,-0.02,278.14,478.04,0.9089,-1,-1,-1
99,2,-0.05,1.14,223.65,473.94,0.8855,-1,-1,-1
99,24,183.41,20.74,92.70,411.77,0.8484,-1,-1,-1
99,30,301.34,177.87,23.66,81.05,0.5364,-1,-1,-1
99,23,506.51,192.40,22.41,76.71,0.3765,-1,-1,-1
100,1,307.77,-0.02,277.52,477.64,0.9027,-1,-1,-1
100,2,-0.49,1.04,223.84,474.93,0.8820,-1,-1,-1
100,24,185.62,18.98,92.69,413.17,0.8406,-1,-1,-1
100,30,301.73,178.28,23.48,80.06,0.5874,-1,-1,-1
100,23,506.06,192.49,22.22,76.06,0.5333,-1,-1,-1
100,26,278.65,178.23,27.86,80.49,0.5712,-1,-1,-1
101,1,308.07,-0.02,277.97,479.17,0.9086,-1,-1,-1
101,2,-0.47,0.93,223.70,475.09,0.8767,-1,-1,-1
101,24,188.62,17.58,92.72,413.60,0.8511,-1,-1,-1
101,30,301.02,178.08,23.82,81.20,0.4528,-1,-1,-1
101,23,506.70,192.61,22.18,76.19,0.3761,-1,-1,-1
101,26,278.72,178.81,27.43,79.87,0.4007,-1,-1,-1
102,1,309.27,0.02,276.97,478.40,0.9022,-1,-1,-1
102,2,-0.52,0.86,223.67,475.46,0.8734,-1,-1,-1
102,24,190.17,16.33,92.83,413.31,0.8479,-1,-1,-1
103,1,310.38,-0.00,276.99,479.46,0.9122,-1,-1,-1
103,2,-0.65,0.97,223.79,476.20,0.8702,-1,-1,-1
103,24,191.25,16.86,93.08,414.36,0.8402,-1,-1,-1
104,1,312.24,-0.01,276.94,479.85,0.9108,-1,-1,-1
104,2,-0.54,0.87,223.88,476.67,0.8893,-1,-1,-1
104,24,191.26,17.38,92.85,414.78,0.8419,-1,-1,-1
105,1,312.96,-0.01,276.83,480.00,0.9087,-1,-1,-1
105,2,-0.36,0.66,223.81,476.69,0.8627,-1,-1,-1
105,24,191.13,17.11,91.92,411.81,0.8375,-1,-1,-1
106,1,313.92,-0.01,276.55,479.45,0.9044,-1,-1,-1
106,2,-0.28,0.48,224.10,477.49,0.8800,-1,-1,-1
106,24,190.33,16.67,91.78,414.06,0.8269,-1,-1,-1
106,30,300.79,178.69,24.07,82.12,0.6317,-1,-1,-1
106,26,278.09,178.83,27.44,81.29,0.5835,-1,-1,-1
107,1,314.87,0.22,276.59,478.87,0.8953,-1,-1,-1
107,2,0.11,0.31,224.39,478.01,0.8803,-1,-1,-1
107,24,190.22,16.70,91.36,414.62,0.8186,-1,-1,-1
107,30,301.04,178.58,24.11,82.13,0.5889,-1,-1,-1
107,26,278.83,179.31,26.77,79.90,0.5654,-1,-1,-1
108,1,315.71,0.08,276.76,477.68,0.8996,-1,-1,-1
108,2,0.45,0.15,224.41,477.76,0.8742,-1,-1,-1
108,24,189.85,16.27,90.99,415.26,0.8234,-1,-1,-1
108,30,301.25,178.76,23.95,81.48,0.6020,-1,-1,-1
108,26,278.93,180.57,26.01,78.13,0.5106,-1,-1,-1
109,1,316.63,0.02,276.70,475.97,0.8313,-1,-1,-1
109,2,0.02,0.02,224.74,478.56,0.8857,-1,-1,-1
109,24,189.04,16.65,90.57,414.24,0.8310,-1,-1,-1
109,30,301.13,178.47,24.10,82.11,0.5538,-1,-1,-1
109,26,279.02,180.54,26.02,78.15,0.5028,-1,-1,-1
110,1,317.20,0.00,278.48,477.31,0.7599,-1,-1,-1
110,2,-0.38,0.07,224.57,478.48,0.9072,-1,-1,-1
110,24,188.71,16.80,90.60,413.94,0.8395,-1,-1,-1
110,30,300.95,178.29,24.18,82.20,0.4505,-1,-1,-1
111,1,316.91,-0.00,279.53,476.98,0.7984,-1,-1,-1
111,2,-0.80,0.07,224.61,479.01,0.8961,-1,-1,-1
111,24,188.90,17.10,90.88,414.20,0.8444,-1,-1,-1
112,1,324.09,-0.01,279.83,478.70,0.7949,-1,-1,-1
112,2,-0.86,0.09,224.55,479.27,0.9072,-1,-1,-1
112,24,189.54,16.97,91.61,415.46,0.8493,-1,-1,-1
113,1,317.32,0.12,280.58,479.19,0.8647,-1,-1,-1
113,2,-0.80,0.08,224.29,479.04,0.9028,-1,-1,-1
113,24,189.13,17.70,92.04,416.45,0.8531,-1,-1,-1
114,1,314.14,0.04,281.44,479.32,0.8970,-1,-1,-1
114,2,-0.86,0.01,223.96,478.74,0.8955,-1,-1,-1
114,24,189.07,18.97,91.91,414.33,0.8538,-1,-1,-1
115,1,311.79,0.01,281.05,478.02,0.8815,-1,-1,-1
115,2,-0.84,0.03,223.91,478.99,0.8898,-1,-1,-1
115,24,189.46,19.87,92.32,415.05,0.8666,-1,-1,-1
116,1,308.80,0.00,282.11,479.10,0.8949,-1,-1,-1
116,2,-0.93,-0.01,223.58,478.71,0.8794,-1,-1,-1
116,24,191.08,20.42,92.47,415.56,0.8595,-1,-1,-1
117,1,306.72,-0.00,282.16,479.06,0.8835,-1,-1,-1
117,2,-0.43,0.13,223.36,478.28,0.8703,-1,-1,-1
117,24,192.81,20.39,92.92,416.54,0.8547,-1,-1,-1
118,1,303.65,-0.00,281.47,478.42,0.8898,-1,-1,-1
118,2,0.14,0.30,223.61,478.60,0.8679,-1,-1,-1
118,24,193.55,20.19,93.15,417.57,0.8588,-1,-1,-1
119,1,301.91,-0.00,281.81,479.46,0.9113,-1,-1,-1
119,2,1.40,0.42,224.36,479.23,0.8854,-1,-1,-1
119,24,196.12,19.96,92.47,414.78,0.8164,-1,-1,-1
119,23,501.60,193.27,24.43,78.24,0.6998,-1,-1,-1
120,1,301.07,-0.00,281.89,479.85,0.9103,-1,-1,-1
120,2,2.69,0.54,225.12,479.36,0.8727,-1,-1,-1
120,24,198.35,20.86,91.50,412.18,0.8094,-1,-1,-1
120,23,500.79,193.18,25.56,78.79,0.7203,-1,-1,-1
121,1,301.78,0.37,281.67,479.63,0.8873,-1,-1,-1
121,2,4.34,0.49,226.28,479.53,0.8772,-1,-1,-1
121,24,198.59,21.14,91.65,414.45,0.8196,-1,-1,-1
121,23,500.37,192.91,26.47,79.40,0.6617,-1,-1,-1
122,1,305.27,0.30,281.02,478.30,0.8887,-1,-1,-1
122,2,6.16,0.30,227.68,479.76,0.8574,-1,-1,-1
122,24,198.71,21.79,91.23,416.62,0.8232,-1,-1,-1
122,23,500.31,193.71,26.68,78.42,0.6640,-1,-1,-1
123,1,303.23,0.72,281.41,478.79,0.8961,-1,-1,-1
123,2,7.56,0.93,228.95,479.14,0.8722,-1,-1,-1
123,24,199.23,21.46,90.33,415.25,0.8338,-1,-1,-1
123,23,500.59,194.04,27.10,78.02,0.6804,-1,-1,-1
124,1,303.25,0.38,281.36,479.14,0.9043,-1,-1,-1
124,2,8.49,0.92,230.34,478.49,0.8645,-1,-1,-1
124,24,200.07,22.24,88.64,410.31,0.8398,-1,-1,-1
124,23,500.73,194.21,27.39,77.84,0.6531,-1,-1,-1
124,32,0.28,75.85,38.72,401.80,0.5479,-1,-1,-1
125,1,303.21,0.56,280.87,478.97,0.9025,-1,-1,-1
125,2,8.86,0.85,231.95,478.18,0.8533,-1,-1,-1
125,24,200.48,22.65,87.34,407.00,0.8189,-1,-1,-1
125,23,501.05,193.87,27.49,77.70,0.6406,-1,-1,-1
125,32,1.49,76.51,38.90,402.95,0.5959,-1,-1,-1
126,1,303.17,0.56,280.45,479.09,0.8998,-1,-1,-1
126,2,10.75,0.76,230.14,469.25,0.7892,-1,-1,-1
126,24,200.91,22.65,86.52,406.24,0.7895,-1,-1,-1
126,23,501.16,194.02,27.55,77.79,0.6269,-1,-1,-1
126,32,2.27,76.67,38.86,401.31,0.4500,-1,-1,-1
127,1,304.24,0.45,280.14,479.28,0.8968,-1,-1,-1
127,2,9.28,0.91,233.54,473.07,0.8428,-1,-1,-1
127,24,201.88,22.76,85.71,406.02,0.8087,-1,-1,-1
127,23,502.01,193.40,27.44,77.72,0.5878,-1,-1,-1
127,32,3.29,77.66,39.17,401.82,0.4094,-1,-1,-1
128,1,304.58,0.54,279.71,479.02,0.9036,-1,-1,-1
128,2,9.47,0.78,235.49,473.10,0.8329,-1,-1,-1
128,24,202.31,22.75,85.20,406.43,0.7369,-1,-1,-1
128,23,502.47,193.86,27.08,76.94,0.6020,-1,-1,-1
128,32,4.02,77.58,39.58,402.39,0.5861,-1,-1,-1
129,1,304.98,0.34,279.13,478.77,0.8964,-1,-1,-1
129,2,8.84,0.83,237.35,473.53,0.8553,-1,-1,-1
129,24,202.46,22.94,84.76,407.02,0.7420,-1,-1,-1
129,23,502.64,193.98,27.02,77.01,0.5890,-1,-1,-1
129,32,4.28,79.40,39.86,400.72,0.6338,-1,-1,-1
130,1,305.02,0.31,278.92,478.86,0.9090,-1,-1,-1
130,2,7.93,0.82,238.09,472.87,0.8327,-1,-1,-1
130,24,202.65,23.66,84.21,406.89,0.7662,-1,-1,-1
130,23,503.49,193.72,26.93,76.94,0.6022,-1,-1,-1
130,32,4.59,80.26,40.31,399.89,0.6942,-1,-1,-1
131,1,304.79,0.44,278.57,478.78,0.8997,-1,-1,-1
131,2,11.13,0.89,237.14,471.06,0.8096,-1,-1,-1
131,24,202.73,23.39,83.55,405.19,0.7974,-1,-1,-1
131,23,502.71,193.64,27.18,77.44,0.6511,-1,-1,-1
131,32,9.56,80.39,30.70,284.56,0.3753,-1,-1,-1
132,1,304.43,0.21,278.22,479.09,0.8961,-1,-1,-1
132,2,11.02,0.70,237.10,471.28,0.7880,-1,-1,-1
132,24,201.67,23.07,83.47,405.50,0.8254,-1,-1,-1
132,23,502.45,192.98,27.28,77.68,0.6410,-1,-1,-1
132,30,297.04,177.70,24.63,81.23,0.5026,-1,-1,-1
133,1,304.55,0.06,276.84,477.27,0.8985,-1,-1,-1
133,2,9.16,0.60,238.15,473.82,0.8360,-1,-1,-1
133,24,201.00,22.81,83.56,406.30,0.8321,-1,-1,-1
133,23,502.29,192.91,27.53,78.25,0.5934,-1,-1,-1
133,30,296.61,177.83,25.60,80.96,0.5434,-1,-1,-1
134,1,303.40,0.20,275.92,476.59,0.9034,-1,-1,-1
134,2,8.12,0.70,238.82,476.28,0.8550,-1,-1,-1
134,24,200.24,22.81,83.93,409.69,0.8371,-1,-1,-1
134,23,501.75,192.71,27.92,79.03,0.6285,-1,-1,-1
134,30,296.66,178.22,26.22,80.45,0.5868,-1,-1,-1
135,1,302.99,0.07,276.40,478.77,0.8891,-1,-1,-1
135,2,6.28,0.80,238.91,477.43,0.8785,-1,-1,-1
135,24,200.48,22.82,83.96,411.52,0.8360,-1,-1,-1
135,23,501.09,192.83,27.88,78.90,0.6259,-1,-1,-1
135,30,296.40,177.71,27.00,81.30,0.5319,-1,-1,-1
136,1,302.53,0.08,276.13,479.53,0.8891,-1,-1,-1
136,2,3.71,0.89,238.19,477.47,0.8581,-1,-1,-1
136,24,199.90,23.51,83.75,410.69,0.8288,-1,-1,-1
136,23,500.74,192.62,28.09,79.32,0.6364,-1,-1,-1
136,30,297.02,178.20,26.88,80.85,0.4172,-1,-1,-1
137,1,302.58,0.02,275.68,479.88,0.8920,-1,-1,-1
137,2,1.62,0.83,237.20,478.05,0.8566,-1,-1,-1
137,24,197.99,23.16,84.09,409.74,0.8276,-1,-1,-1
137,23,500.87,193.04,28.01,78.90,0.6001,-1,-1,-1
137,30,297.48,178.10,26.85,80.77,0.5052,-1,-1,-1
138,1,302.45,-0.00,275.38,479.96,0.9059,-1,-1,-1
138,2,-0.56,0.55,236.24,479.17,0.8711,-1,-1,-1
138,24,195.82,23.34,85.14,411.39,0.8408,-1,-1,-1
138,23,501.51,192.93,27.99,78.90,0.5734,-1,-1,-1
138,30,296.23,178.35,27.75,80.87,0.6002,-1,-1,-1
139,1,303.21,-0.01,275.17,480.03,0.9105,-1,-1,-1
139,2,-1.84,0.44,235.14,479.59,0.8713,-1,-1,-1
139,24,194.50,22.76,85.81,410.63,0.8469,-1,-1,-1
139,23,501.84,193.39,27.76,78.25,0.5509,-1,-1,-1
139,30,295.08,178.23,28.68,81.09,0.6246,-1,-1,-1
140,1,304.48,0.41,274.75,479.34,0.9103,-1,-1,-1
140,2,-3.52,0.58,233.63,479.31,0.8797,-1,-1,-1
140,24,193.53,22.47,86.67,410.49,0.8525,-1,-1,-1
140,23,502.46,192.95,27.83,78.43,0.5436,-1,-1,-1
140,30,294.41,177.44,29.28,81.85,0.6005,-1,-1,-1
141,1,305.54,0.15,273.39,476.19,0.8997,-1,-1,-1
141,2,-4.70,0.71,231.94,478.87,0.8872,-1,-1,-1
141,24,192.24,21.45,87.89,411.75,0.8562,-1,-1,-1
141,23,502.19,192.90,27.75,78.31,0.5853,-1,-1,-1
141,30,294.44,178.11,29.26,80.74,0.4768,-1,-1,-1
142,1,305.25,0.26,274.73,478.15,0.9093,-1,-1,-1
142,2,-5.59,0.88,230.49,479.05,0.8836,-1,-1,-1
142,24,191.39,20.88,89.00,413.06,0.8585,-1,-1,-1
142,23,502.26,192.46,27.82,78.77,0.5656,-1,-1,-1
142,30,294.13,178.19,28.98,80.34,0.4528,-1,-1,-1
143,1,306.18,0.09,275.61,479.25,0.9058,-1,-1,-1
143,2,-5.91,0.96,229.16,479.10,0.8861,-1,-1,-1
143,24,190.16,20.42,90.15,413.88,0.8618,-1,-1,-1
143,23,502.71,192.11,27.41,78.50,0.5970,-1,-1,-1
143,30,293.46,178.20,29.60,81.04,0.5429,-1,-1,-1
144,1,307.20,0.03,276.48,479.77,0.9140,-1,-1,-1
144,2,-5.63,1.02,227.84,478.71,0.8927,-1,-1,-1
144,24,189.34,20.46,91.02,413.59,0.8556,-1,-1,-1
144,23,502.84,191.55,27.11,78.69,0.5340,-1,-1,-1
144,30,293.43,178.21,29.44,80.45,0.5565,-1,-1,-1
145,1,310.03,0.00,277.56,479.96,0.9005,-1,-1,-1
145,2,-5.56,1.06,226.51,478.35,0.9011,-1,-1,-1
145,24,187.92,20.24,92.05,413.24,0.8542,-1,-1,-1
145,23,503.72,191.95,26.53,78.10,0.5526,-1,-1,-1
145,30,293.67,178.37,29.26,80.04,0.5813,-1,-1,-1
146,1,311.57,-0.01,278.29,479.84,0.8601,-1,-1,-1
146,2,-5.10,1.21,225.23,477.76,0.8963,-1,-1,-1
146,24,187.22,20.25,92.93,412.69,0.8512,-1,-1,-1
146,30,294.34,178.21,29.03,80.21,0.6026,-1,-1,-1
147,1,321.49,-0.01,277.77,478.10,0.8399,-1,-1,-1
147,2,-4.24,1.35,224.08,477.06,0.8911,-1,-1,-1
147,24,186.88,20.36,93.65,412.62,0.8538,-1,-1,-1
147,30,294.17,177.58,29.12,82.11,0.3723,-1,-1,-1
148,1,322.86,-0.01,278.76,477.08,0.8729,-1,-1,-1
148,2,-3.04,1.13,223.71,477.78,0.8647,-1,-1,-1
148,24,187.56,20.34,94.03,412.51,0.8583,-1,-1,-1
148,30,295.26,177.80,28.86,83.05,0.3982,-1,-1,-1
149,1,323.58,-0.01,280.50,477.26,0.8849,-1,-1,-1
149,2,-0.64,0.72,224.00,478.93,0.8584,-1,-1,-1
149,24,188.92,20.64,93.92,411.62,0.8564,-1,-1,-1
149,30,296.74,178.35,28.50,84.12,0.4503,-1,-1,-1
150,1,323.51,-0.01,282.89,478.57,0.8775,-1,-1,-1
150,2,1.05,0.85,223.93,478.85,0.8666,-1,-1,-1
150,24,189.77,21.32,94.09,412.56,0.8526,-1,-1,-1
151,1,322.80,-0.01,284.41,479.27,0.8437,-1,-1,-1
151,2,3.01,0.79,224.02,478.92,0.8561,-1,-1,-1
151,24,190.91,21.76,94.01,413.89,0.8591,-1,-1,-1
152,1,320.36,-0.01,284.73,479.07,0.7839,-1,-1,-1
152,2,6.24,0.63,224.07,479.31,0.8586,-1,-1,-1
152,24,191.63,21.87,93.54,413.49,0.8665,-1,-1,-1
153,1,316.69,-0.00,284.48,477.33,0.8181,-1,-1,-1
153,2,8.89,0.64,223.25,476.96,0.8399,-1,-1,-1
153,24,191.91,21.68,93.00,412.56,0.8636,-1,-1,-1
154,1,310.78,0.41,285.53,478.63,0.8766,-1,-1,-1
154,2,8.88,0.62,223.22,475.66,0.8284,-1,-1,-1
154,24,191.90,21.57,92.99,413.57,0.8523,-1,-1,-1
154,23,502.65,188.76,26.84,79.47,0.6720,-1,-1,-1
155,1,306.71,0.45,285.77,479.24,0.8916,-1,-1,-1
155,2,9.33,0.63,223.76,476.31,0.8269,-1,-1,-1
155,24,191.63,21.85,92.87,414.27,0.8441,-1,-1,-1
155,23,501.74,191.42,26.42,77.46,0.6320,-1,-1,-1
156,1,303.77,0.17,285.52,479.77,0.9024,-1,-1,-1
156,2,8.77,0.68,224.64,477.42,0.8638,-1,-1,-1
156,24,191.28,21.80,92.57,414.11,0.8660,-1,-1,-1
156,23,500.76,193.84,26.15,75.60,0.5653,-1,-1,-1
157,1,295.93,0.06,283.31,479.96,0.9151,-1,-1,-1
157,2,8.77,0.50,224.23,475.95,0.8367,-1,-1,-1
157,24,190.25,21.19,92.51,415.39,0.8651,-1,-1,-1
157,23,499.65,194.34,26.78,76.36,0.5832,-1,-1,-1
158,1,286.38,0.02,278.39,480.03,0.9172,-1,-1,-1
158,2,7.17,0.27,224.85,477.26,0.8401,-1,-1,-1
158,24,189.66,19.99,92.72,417.92,0.8586,-1,-1,-1
158,23,499.31,195.54,26.92,75.55,0.5185,-1,-1,-1
159,1,277.41,0.00,272.69,480.05,0.9095,-1,-1,-1
159,2,5.56,0.25,225.36,477.93,0.8463,-1,-1,-1
159,24,189.98,19.16,92.71,418.20,0.8466,-1,-1,-1
159,23,497.54,187.98,29.91,83.98,0.7013,-1,-1,-1
160,1,273.20,0.39,263.88,476.18,0.9183,-1,-1,-1
160,2,2.88,0.75,225.73,478.08,0.8645,-1,-1,-1
160,24,189.47,18.90,92.79,419.33,0.8495,-1,-1,-1
160,23,497.01,185.81,30.86,86.27,0.7204,-1,-1,-1
161,1,269.17,0.14,259.56,478.60,0.9106,-1,-1,-1
161,2,1.69,0.78,226.28,478.85,0.8620,-1,-1,-1
161,24,188.64,18.33,92.88,420.32,0.8480,-1,-1,-1
161,23,496.52,185.77,31.08,86.42,0.6946,-1,-1,-1
162,1,268.61,0.44,253.83,475.88,0.9057,-1,-1,-1
162,2,1.44,0.60,226.47,478.56,0.8341,-1,-1,-1
162,24,188.53,16.39,93.31,421.58,0.8529,-1,-1,-1
162,23,496.73,184.53,31.65,87.86,0.7159,-1,-1,-1
163,1,269.05,0.44,249.76,475.35,0.9063,-1,-1,-1
163,2,1.47,0.48,225.58,476.02,0.8299,-1,-1,-1
163,24,187.70,15.60,94.01,425.03,0.8500,-1,-1,-1
163,23,497.21,183.79,32.08,88.50,0.7191,-1,-1,-1
164,1,270.71,0.64,245.81,474.64,0.9039,-1,-1,-1
164,2,0.38,0.62,225.19,475.30,0.8047,-1,-1,-1
164,24,186.65,14.17,94.49,427.59,0.8366,-1,-1,-1
164,23,496.25,182.82,32.51,89.65,0.7221,-1,-1,-1
165,1,273.76,0.23,243.61,478.06,0.9196,-1,-1,-1
165,2,-0.46,0.52,225.03,475.29,0.8194,-1,-1,-1
165,24,186.44,13.64,94.53,428.29,0.8456,-1,-1,-1
165,23,496.38,182.85,32.61,89.67,0.7144,-1,-1,-1
166,1,276.65,0.08,240.65,479.35,0.9216,-1,-1,-1
166,2,-1.12,0.23,225.18,476.19,0.8165,-1,-1,-1
166,24,185.65,12.40,94.96,430.33,0.8412,-1,-1,-1
166,23,496.47,182.57,32.72,89.84,0.7192,-1,-1,-1
167,1,278.23,0.02,237.67,479.84,0.9166,-1,-1,-1
167,2,-1.21,0.39,223.86,473.88,0.7956,-1,-1,-1
167,24,184.61,11.07,95.26,432.05,0.8182,-1,-1,-1
167,23,496.62,183.13,32.69,89.31,0.7212,-1,-1,-1
168,1,279.14,-0.00,234.88,480.02,0.9129,-1,-1,-1
168,2,-1.48,0.41,223.70,474.19,0.8193,-1,-1,-1
168,24,183.68,10.56,95.33,432.56,0.8436,-1,-1,-1
168,23,496.56,182.76,32.92,89.58,0.7227,-1,-1,-1
169,1,278.34,0.75,231.33,475.97,0.9026,-1,-1,-1
169,2,-1.50,0.35,223.39,474.15,0.7547,-1,-1,-1
169,24,183.29,10.34,95.60,433.58,0.8432,-1,-1,-1
169,23,496.66,183.39,32.92,89.40,0.7323,-1,-1,-1
170,1,276.40,0.84,229.69,474.54,0.8991,-1,-1,-1
170,2,-1.26,0.29,222.39,472.48,0.7600,-1,-1,-1
170,24,182.90,9.91,96.03,435.43,0.8438,-1,-1,-1
170,23,496.60,182.85,33.16,89.91,0.7139,-1,-1,-1
171,1,275.46,0.76,228.87,474.57,0.9022,-1,-1,-1
171,2,-1.61,0.10,222.42,473.31,0.7945,-1,-1,-1
171,24,182.46,9.69,96.45,437.13,0.8462,-1,-1,-1
172,1,276.07,0.81,228.19,475.18,0.8971,-1,-1,-1
172,2,-1.97,0.19,222.78,475.00,0.8448,-1,-1,-1
172,24,182.37,9.70,96.64,437.98,0.8467,-1,-1,-1
173,1,276.82,0.76,227.49,476.23,0.8991,-1,-1,-1
173,2,-2.10,0.14,222.93,476.31,0.8155,-1,-1,-1
173,24,182.12,9.77,96.68,437.50,0.8485,-1,-1,-1
174,1,277.14,0.87,226.62,476.76,0.9030,-1,-1,-1
174,2,-2.01,0.12,222.50,476.21,0.8274,-1,-1,-1
174,24,181.73,9.94,96.79,437.34,0.8488,-1,-1,-1
175,1,276.71,0.90,226.01,477.21,0.8518,-1,-1,-1
175,2,-1.99,0.08,222.36,476.80,0.8592,-1,-1,-1
175,24,180.98,10.49,97.84,441.18,0.8492,-1,-1,-1
176,1,277.68,0.32,225.52,478.51,0.8983,-1,-1,-1
176,2,-1.77,0.02,222.07,476.89,0.8271,-1,-1,-1
176,24,181.29,10.97,97.84,440.24,0.8400,-1,-1,-1
177,1,278.51,0.51,223.80,476.43,0.8925,-1,-1,-1
177,2,-1.34,-0.01,221.13,475.35,0.7940,-1,-1,-1
177,24,181.14,11.39,97.74,439.58,0.8551,-1,-1,-1
178,1,279.02,0.17,223.86,477.66,0.9043,-1,-1,-1
178,2,-1.61,0.06,221.42,476.78,0.8280,-1,-1,-1
178,24,181.11,11.17,97.63,437.97,0.8604,-1,-1,-1
178,23,496.53,183.39,33.25,89.48,0.7167,-1,-1,-1
179,1,273.62,0.45,224.63,477.24,0.8599,-1,-1,-1
179,2,-1.35,0.09,220.87,476.17,0.8366,-1,-1,-1
179,24,181.00,11.21,98.02,439.62,0.8657,-1,-1,-1
179,23,496.57,183.32,33.35,89.56,0.7313,-1,-1,-1
180,1,277.53,0.15,224.49,478.58,0.9031,-1,-1,-1
180,2,-1.41,0.14,221.02,477.13,0.8417,-1,-1,-1
180,24,180.90,11.30,97.92,438.63,0.8560,-1,-1,-1
180,23,496.41,183.29,33.32,89.48,0.7044,-1,-1,-1
181,1,278.68,0.04,224.43,479.51,0.9067,-1,-1,-1
181,2,-1.29,0.08,220.67,476.90,0.8206,-1,-1,-1
181,24,181.44,11.56,97.68,437.87,0.8607,-1,-1,-1
181,23,496.40,183.44,33.22,89.35,0.7025,-1,-1,-1
182,1,280.74,0.42,223.01,476.77,0.9032,-1,-1,-1
182,2,-0.94,0.19,219.72,475.17,0.8315,-1,-1,-1
182,24,181.34,11.28,97.35,436.35,0.8435,-1,-1,-1
182,23,496.44,183.63,32.97,88.78,0.7112,-1,-1,-1
183,1,281.84,0.51,222.60,476.19,0.9035,-1,-1,-1
183,2,-0.72,0.36,219.85,475.73,0.8451,-1,-1,-1
183,24,181.50,11.53,97.22,436.12,0.8514,-1,-1,-1
183,23,496.46,184.29,32.54,88.06,0.7189,-1,-1,-1
184,1,283.70,0.75,222.16,475.54,0.9052,-1,-1,-1
184,2,-0.46,0.45,219.48,475.12,0.8220,-1,-1,-1
184,24,181.29,11.57,97.12,435.56,0.8483,-1,-1,-1
184,23,496.61,184.21,32.32,88.34,0.7044,-1,-1,-1
184,36,524.38,187.72,24.26,69.42,0.5913,-1,-1,-1
185,1,286.29,0.79,221.62,474.96,0.8970,-1,-1,-1
185,2,-0.45,0.40,219.45,475.27,0.8311,-1,-1,-1
185,24,181.01,11.56,97.11,435.30,0.8490,-1,-1,-1
185,23,497.13,184.40,31.83,87.78,0.7017,-1,-1,-1
185,36,524.03,188.77,23.63,67.49,0.4258,-1,-1,-1
186,1,290.13,1.05,220.74,474.49,0.9137,-1,-1,-1
186,2,-0.54,0.39,219.69,476.06,0.8593,-1,-1,-1
186,24,181.12,11.49,97.19,435.66,0.8525,-1,-1,-1
186,23,497.46,185.18,31.11,86.51,0.6988,-1,-1,-1
186,36,522.43,188.11,23.88,68.34,0.5184,-1,-1,-1
187,1,291.88,1.08,220.26,474.57,0.9097,-1,-1,-1
187,2,-0.40,0.32,219.54,475.91,0.8708,-1,-1,-1
187,24,181.57,11.47,97.09,435.72,0.8491,-1,-1,-1
187,23,497.98,185.56,30.53,85.67,0.6706,-1,-1,-1
187,36,521.98,191.00,22.88,65.66,0.5338,-1,-1,-1
188,1,293.18,1.04,219.54,474.24,0.9124,-1,-1,-1
188,2,-0.35,0.38,219.45,475.89,0.8590,-1,-1,-1
188,24,181.32,11.39,97.09,435.60,0.8515,-1,-1,-1
188,23,498.45,185.38,30.41,86.11,0.6809,-1,-1,-1
188,36,520.91,192.05,23.10,66.81,0.4157,-1,-1,-1
189,1,293.99,0.96,218.80,473.90,0.9132,-1,-1,-1
189,2,-0.24,0.32,219.26,475.58,0.8383,-1,-1,-1
189,24,181.20,11.08,97.09,435.77,0.8536,-1,-1,-1
189,23,498.55,184.79,30.43,86.72,0.6820,-1,-1,-1
189,36,521.54,190.29,23.69,69.07,0.5306,-1,-1,-1
190,1,294.28,0.87,218.45,474.33,0.9129,-1,-1,-1
190,2,-0.22,0.32,219.12,475.41,0.8498,-1,-1,-1
190,24,181.40,11.06,96.87,435.01,0.8423,-1,-1,-1
190,23,498.63,185.33,30.10,86.07,0.6711,-1,-1,-1
190,36,521.37,189.44,23.91,70.40,0.5004,-1,-1,-1
191,1,294.48,0.93,217.96,474.45,0.9146,-1,-1,-1
191,2,-0.25,0.40,219.12,475.58,0.8552,-1,-1,-1
191,24,181.37,10.93,96.94,435.52,0.8468,-1,-1,-1
191,23,498.53,184.97,30.29,86.91,0.6865,-1,-1,-1
191,36,522.92,189.51,23.63,70.04,0.4338,-1,-1,-1
192,1,294.29,0.96,217.56,474.36,0.9103,-1,-1,-1
192,2,-0.26,0.40,219.04,475.56,0.8473,-1,-1,-1
192,24,181.16,11.03,97.02,435.64,0.8523,-1,-1,-1
192,23,498.55,184.65,30.22,86.95,0.6716,-1,-1,-1
193,1,293.88,0.81,217.36,474.45,0.9086,-1,-1,-1
193,2,-0.17,0.38,218.61,474.73,0.8335,-1,-1,-1
193,24,181.26,11.11,97.09,436.10,0.8511,-1,-1,-1
193,23,498.55,184.73,30.21,87.28,0.6919,-1,-1,-1
194,1,291.88,0.58,217.86,475.27,0.8972,-1,-1,-1
194,2,-0.44,0.37,218.76,475.44,0.8347,-1,-1,-1
194,24,180.76,11.02,97.25,436.58,0.8552,-1,-1,-1
194,23,498.69,184.66,30.17,87.55,0.6949,-1,-1,-1
195,1,289.14,0.48,218.62,475.82,0.8812,-1,-1,-1
195,2,-0.48,0.50,218.65,475.56,0.8490,-1,-1,-1
195,24,180.36,10.99,97.30,436.77,0.8556,-1,-1,-1
195,23,498.30,184.34,30.20,88.17,0.6763,-1,-1,-1
196,1,286.89,0.48,219.47,476.11,0.8901,-1,-1,-1
196,2,-0.31,0.45,218.09,474.61,0.7973,-1,-1,-1
196,24,179.82,10.96,97.46,436.85,0.8553,-1,-1,-1
196,23,498.72,183.86,30.26,88.83,0.6643,-1,-1,-1
197,1,285.53,0.49,220.50,476.50,0.8978,-1,-1,-1
197,2,-0.14,0.45,217.90,474.35,0.8443,-1,-1,-1
197,24,179.13,10.54,97.73,437.34,0.8517,-1,-1,-1
197,23,498.75,184.28,29.98,88.17,0.6447,-1,-1,-1
198,1,284.70,0.62,221.09,476.14,0.9113,-1,-1,-1
198,2,-0.36,0.50,217.82,474.53,0.8636,-1,-1,-1
198,24,178.10,10.45,97.99,438.15,0.8590,-1,-1,-1
198,23,499.13,184.59,29.90,87.85,0.6915,-1,-1,-1
199,1,283.42,0.66,222.04,476.48,0.9094,-1,-1,-1
199,2,-0.22,1.21,217.41,473.74,0.8072,-1,-1,-1
199,24,176.75,11.06,98.01,437.92,0.8502,-1,-1,-1
199,23,498.89,184.65,29.71,86.89,0.6871,-1,-1,-1
200,1,281.84,0.72,222.76,475.98,0.9050,-1,-1,-1
200,2,0.25,3.90,216.07,470.61,0.7861,-1,-1,-1
200,24,174.76,11.69,97.84,437.80,0.8485,-1,-1,-1
200,23,498.70,185.03,29.88,87.13,0.7191,-1,-1,-1
201,1,279.10,0.25,224.85,478.64,0.9075,-1,-1,-1
201,2,0.22,3.52,216.15,470.76,0.7750,-1,-1,-1
201,24,171.43,12.53,98.09,438.43,0.8344,-1,-1,-1
201,23,498.00,185.16,29.96,87.33,0.7009,-1,-1,-1
202,1,277.38,0.07,226.07,479.65,0.9087,-1,-1,-1
202,2,0.58,6.02,215.66,469.35,0.7269,-1,-1,-1
202,24,167.15,14.44,97.99,436.66,0.8103,-1,-1,-1
202,23,497.51,185.30,29.92,87.25,0.6884,-1,-1,-1
203,1,276.49,0.00,226.48,479.07,0.8960,-1,-1,-1
203,2,1.02,11.87,213.39,463.88,0.6432,-1,-1,-1
203,24,161.69,16.19,98.26,433.80,0.7759,-1,-1,-1
203,23,496.93,184.97,30.09,87.86,0.7030,-1,-1,-1
203,36,524.87,188.14,26.25,76.89,0.5196,-1,-1,-1
204,1,276.33,0.53,225.84,476.09,0.8902,-1,-1,-1
204,2,0.01,5.32,214.97,467.68,0.6962,-1,-1,-1
204,24,159.24,18.17,96.81,424.46,0.8094,-1,-1,-1
204,23,495.67,185.88,29.87,87.30,0.7610,-1,-1,-1
204,36,522.84,189.01,27.04,76.97,0.5677,-1,-1,-1
205,1,276.13,0.86,226.01,474.46,0.8818,-1,-1,-1
205,2,-0.44,2.55,215.43,469.08,0.6692,-1,-1,-1
205,24,156.27,20.23,95.25,416.17,0.8102,-1,-1,-1
205,23,495.71,186.33,29.49,86.40,0.7396,-1,-1,-1
205,36,522.87,188.22,27.81,78.19,0.5854,-1,-1,-1
206,1,274.74,0.80,226.89,474.07,0.8896,-1,-1,-1
206,2,-1.31,2.10,215.65,470.45,0.6222,-1,-1,-1
206,24,154.41,22.55,93.85,409.07,0.7806,-1,-1,-1
206,23,495.36,186.49,29.28,85.71,0.7051,-1,-1,-1
206,36,523.88,187.23,28.10,78.39,0.4710,-1,-1,-1
207,1,274.77,0.91,227.59,474.03,0.8838,-1,-1,-1
207,2,-1.45,2.08,215.03,469.86,0.5666,-1,-1,-1
207,24,155.42,24.53,91.77,399.49,0.7154,-1,-1,-1
207,23,494.98,186.19,29.30,86.01,0.7399,-1,-1,-1
207,36,521.75,186.05,28.88,79.64,0.5179,-1,-1,-1
208,1,271.47,0.72,229.35,474.62,0.8869,-1,-1,-1
208,2,-2.15,0.88,215.71,472.58,0.7748,-1,-1,-1
208,24,162.25,28.63,87.53,381.42,0.7922,-1,-1,-1
208,23,494.06,186.53,29.56,86.72,0.7037,-1,-1,-1
208,36,522.03,186.65,29.36,78.87,0.4415,-1,-1,-1
209,1,269.08,0.80,231.13,475.09,0.8913,-1,-1,-1
209,2,-2.91,0.46,215.57,473.83,0.7688,-1,-1,-1
209,24,166.53,32.53,84.36,368.78,0.7931,-1,-1,-1
209,23,494.08,186.19,29.52,86.74,0.7292,-1,-1,-1
209,36,522.41,186.06,30.53,81.03,0.4602,-1,-1,-1
210,1,265.31,0.79,233.19,476.00,0.8626,-1,-1,-1
210,2,-4.26,0.76,214.69,474.34,0.8731,-1,-1,-1
210,24,170.72,41.54,81.34,356.02,0.8382,-1,-1,-1
210,23,493.09,185.83,29.91,87.76,0.7283,-1,-1,-1
210,36,519.13,186.24,29.87,80.99,0.4350,-1,-1,-1
211,1,267.71,1.09,233.70,476.36,0.8113,-1,-1,-1
211,2,-5.54,1.14,213.78,475.31,0.8799,-1,-1,-1
211,24,173.08,46.90,80.24,349.20,0.8474,-1,-1,-1
211,23,492.29,184.33,30.46,89.10,0.7399,-1,-1,-1
211,36,521.31,185.36,29.31,80.84,0.4119,-1,-1,-1
212,1,267.12,1.11,234.38,476.45,0.8355,-1,-1,-1
212,2,-6.12,0.85,211.47,473.40,0.8260,-1,-1,-1
212,24,175.25,52.97,80.45,344.30,0.8593,-1,-1,-1
212,23,491.23,185.36,30.52,89.43,0.7197,-1,-1,-1
212,36,525.15,186.40,29.42,79.57,0.3879,-1,-1,-1
213,1,261.65,1.22,236.12,476.84,0.8697,-1,-1,-1
213,2,-8.64,1.89,209.36,473.67,0.7969,-1,-1,-1
213,24,177.17,54.54,82.22,342.49,0.8614,-1,-1,-1
213,23,490.00,184.94,30.42,89.48,0.6653,-1,-1,-1
213,36,520.86,186.11,29.07,80.10,0.4450,-1,-1,-1
214,1,259.17,0.96,236.97,476.80,0.8787,-1,-1,-1
214,2,-10.83,1.03,207.82,476.10,0.8096,-1,-1,-1
214,24,173.19,56.66,87.08,348.35,0.8709,-1,-1,-1
214,23,489.03,184.79,30.37,89.90,0.7140,-1,-1,-1
214,36,517.75,185.52,29.50,82.26,0.5564,-1,-1,-1
215,1,258.30,0.77,236.96,475.79,0.8978,-1,-1,-1
215,2,-10.90,0.45,205.55,476.39,0.7638,-1,-1,-1
215,24,174.79,57.48,89.21,344.91,0.8818,-1,-1,-1
215,23,487.20,184.94,30.56,89.64,0.7066,-1,-1,-1
215,36,515.56,184.80,29.53,83.31,0.5473,-1,-1,-1
216,1,256.91,0.45,237.29,476.09,0.8769,-1,-1,-1
216,2,-10.97,0.34,202.52,475.00,0.7176,-1,-1,-1
216,24,178.17,59.51,90.67,340.90,0.8860,-1,-1,-1
216,23,486.76,184.55,30.43,89.97,0.7329,-1,-1,-1
216,36,518.17,186.77,27.25,79.64,0.4099,-1,-1,-1
217,1,268.44,0.90,234.99,477.92,0.8183,-1,-1,-1
217,2,-10.71,0.22,200.86,476.54,0.8026,-1,-1,-1
217,24,180.68,61.93,92.36,338.44,0.8841,-1,-1,-1
217,23,485.83,183.08,30.90,91.22,0.7294,-1,-1,-1
217,36,518.63,185.58,26.50,79.81,0.5048,-1,-1,-1
218,1,262.86,1.00,234.46,478.67,0.7992,-1,-1,-1
218,2,-9.49,0.28,199.44,477.83,0.7906,-1,-1,-1
218,24,183.41,67.59,92.96,332.39,0.8689,-1,-1,-1
218,23,482.97,182.09,31.70,93.82,0.7213,-1,-1,-1
218,36,518.75,189.11,24.93,77.05,0.3865,-1,-1,-1
219,1,271.71,0.41,230.88,479.45,0.8272,-1,-1,-1
219,2,-7.79,0.31,197.51,476.82,0.8156,-1,-1,-1
219,24,188.13,73.42,93.14,326.46,0.8703,-1,-1,-1
219,23,481.30,180.92,31.78,94.32,0.7533,-1,-1,-1
220,1,276.11,6.60,224.14,472.33,0.7502,-1,-1,-1
220,2,-5.70,0.26,196.38,476.49,0.8105,-1,-1,-1
220,24,192.12,79.09,92.32,318.57,0.8613,-1,-1,-1
220,23,479.77,180.34,32.10,95.60,0.7701,-1,-1,-1
220,36,511.59,185.40,26.88,83.06,0.5773,-1,-1,-1
221,1,271.46,17.30,219.36,461.93,0.8683,-1,-1,-1
221,2,-2.87,0.71,195.89,475.96,0.7595,-1,-1,-1
221,24,196.20,86.25,90.10,305.22,0.8713,-1,-1,-1
221,23,480.43,181.11,31.17,94.48,0.7413,-1,-1,-1
221,36,508.61,184.59,27.49,84.29,0.6150,-1,-1,-1
222,1,277.50,25.32,215.17,454.01,0.9130,-1,-1,-1
222,2,-0.27,1.83,196.58,477.07,0.5482,-1,-1,-1
222,24,202.44,90.51,88.09,292.99,0.8688,-1,-1,-1
222,23,482.53,182.25,29.98,92.71,0.6505,-1,-1,-1
222,36,507.52,183.04,28.28,86.05,0.6739,-1,-1,-1
223,1,284.49,31.10,212.09,448.73,0.8906,-1,-1,-1
223,2,4.90,1.11,196.92,473.85,0.7694,-1,-1,-1
223,24,208.27,93.34,84.77,277.33,0.8623,-1,-1,-1
223,23,483.68,182.41,30.15,96.07,0.4524,-1,-1,-1
223,36,506.54,183.33,28.85,87.71,0.4495,-1,-1,-1
224,1,288.25,34.79,209.96,445.22,0.9124,-1,-1,-1
224,2,7.20,1.00,198.98,474.54,0.6642,-1,-1,-1
224,24,212.45,95.73,83.67,270.64,0.8636,-1,-1,-1
224,23,485.01,182.50,29.48,95.91,0.5208,-1,-1,-1
224,36,506.79,184.77,28.37,87.27,0.3165,-1,-1,-1
224,38,537.76,203.12,22.56,50.65,0.5157,-1,-1,-1
225,1,290.22,38.48,207.40,440.87,0.9179,-1,-1,-1
225,2,8.37,0.33,201.83,476.85,0.8392,-1,-1,-1
225,24,216.89,101.08,82.64,265.16,0.8740,-1,-1,-1
225,23,485.48,183.62,29.23,95.18,0.6243,-1,-1,-1
225,38,537.95,201.51,23.45,52.71,0.5121,-1,-1,-1
226,1,290.62,42.77,204.43,437.04,0.9127,-1,-1,-1
226,2,10.71,1.55,203.53,474.90,0.8229,-1,-1,-1
226,24,221.53,106.91,81.36,259.70,0.8761,-1,-1,-1
226,23,484.62,181.35,29.94,97.48,0.6673,-1,-1,-1
226,38,538.71,201.71,23.81,53.56,0.5074,-1,-1,-1
227,1,291.56,48.46,200.09,431.52,0.9026,-1,-1,-1
227,2,10.75,1.31,205.98,475.45,0.8159,-1,-1,-1
227,24,225.88,111.15,79.35,250.54,0.8699,-1,-1,-1
227,23,482.86,180.59,30.80,99.54,0.7179,-1,-1,-1
227,38,539.10,201.12,23.98,54.12,0.5437,-1,-1,-1
228,1,292.57,54.02,194.92,425.33,0.9124,-1,-1,-1
228,2,11.30,1.36,208.48,475.69,0.9135,-1,-1,-1
228,24,232.61,112.50,78.19,245.01,0.8428,-1,-1,-1
228,23,482.68,180.37,31.76,101.93,0.7388,-1,-1,-1
228,38,540.42,201.43,24.22,54.97,0.5633,-1,-1,-1
229,1,292.52,60.34,189.00,419.46,0.9038,-1,-1,-1
229,2,9.62,1.49,210.17,475.86,0.9023,-1,-1,-1
229,24,240.60,111.81,75.71,233.52,0.8608,-1,-1,-1
229,23,483.95,182.54,31.68,101.60,0.6981,-1,-1,-1
229,38,541.84,200.21,25.24,57.53,0.5926,-1,-1,-1
230,1,293.89,65.58,183.19,413.96,0.8855,-1,-1,-1
230,2,7.22,1.47,211.90,477.13,0.8908,-1,-1,-1
230,24,244.40,111.70,75.10,228.66,0.8486,-1,-1,-1
230,23,485.17,182.81,32.02,102.71,0.6962,-1,-1,-1
230,38,543.21,199.58,25.60,58.96,0.6460,-1,-1,-1
230,39,457.15,168.90,27.58,122.39,0.6901,-1,-1,-1
231,1,293.74,67.33,179.25,412.53,0.8866,-1,-1,-1
231,2,6.72,3.79,211.21,472.66,0.7200,-1,-1,-1
231,24,248.80,111.68,75.30,226.95,0.8647,-1,-1,-1
231,23,487.03,183.28,31.90,103.18,0.7233,-1,-1,-1
231,38,548.36,199.37,25.58,59.40,0.6640,-1,-1,-1
231,39,457.83,166.13,28.48,125.51,0.7728,-1,-1,-1
232,1,302.23,67.34,174.79,411.94,0.8691,-1,-1,-1
232,2,5.78,5.12,212.23,472.76,0.8021,-1,-1,-1
232,24,254.09,113.82,75.34,225.52,0.8517,-1,-1,-1
232,23,490.01,183.21,31.02,102.32,0.6563,-1,-1,-1
232,38,552.08,199.40,26.09,60.47,0.5282,-1,-1,-1
232,39,461.26,163.21,29.77,129.65,0.7573,-1,-1,-1
232,40,573.64,155.69,69.91,190.57,0.6592,-1,-1,-1
233,1,310.05,66.41,171.06,413.11,0.8699,-1,-1,-1
233,2,5.20,3.52,212.50,471.19,0.5810,-1,-1,-1
233,24,259.85,118.13,74.62,222.10,0.8270,-1,-1,-1
233,23,495.91,180.28,29.27,99.76,0.3929,-1,-1,-1
233,38,556.01,198.90,26.42,61.44,0.6117,-1,-1,-1
233,39,468.51,160.44,30.81,133.00,0.6889,-1,-1,-1
233,40,573.50,161.77,69.77,190.53,0.3391,-1,-1,-1
233,41,518.79,184.69,24.92,92.44,0.5433,-1,-1,-1
234,1,317.45,69.96,169.24,409.90,0.8999,-1,-1,-1
234,2,5.32,2.28,213.30,470.68,0.6604,-1,-1,-1
234,24,266.54,121.30,73.10,216.76,0.8079,-1,-1,-1
234,23,491.39,168.35,34.43,119.94,0.3091,-1,-1,-1
234,38,562.58,201.45,25.16,59.16,0.5038,-1,-1,-1
234,39,477.88,159.84,31.14,133.10,0.5218,-1,-1,-1
234,40,573.68,166.66,76.14,209.85,0.4554,-1,-1,-1
234,41,520.00,184.56,24.99,92.63,0.4931,-1,-1,-1
235,1,329.84,74.15,167.62,405.76,0.8958,-1,-1,-1
235,2,7.00,1.30,215.68,475.22,0.8443,-1,-1,-1
235,24,272.51,122.41,72.21,212.55,0.8104,-1,-1,-1
235,38,568.71,199.31,26.59,62.34,0.4993,-1,-1,-1
235,39,486.01,158.70,31.04,131.24,0.3937,-1,-1,-1
235,41,524.79,186.51,24.98,92.79,0.4074,-1,-1,-1
236,1,341.03,78.69,166.15,401.31,0.8977,-1,-1,-1
236,2,9.31,0.93,217.01,476.58,0.8866,-1,-1,-1
236,24,279.59,119.85,70.45,206.37,0.7916,-1,-1,-1
236,38,573.61,193.62,28.84,67.73,0.5551,-1,-1,-1
236,41,530.59,190.85,23.65,87.40,0.4800,-1,-1,-1
236,40,576.63,169.57,92.41,263.17,0.5690,-1,-1,-1
237,1,357.20,86.16,163.19,393.56,0.9058,-1,-1,-1
237,2,13.76,4.99,217.34,473.63,0.8752,-1,-1,-1
237,24,287.71,119.78,69.85,203.27,0.8394,-1,-1,-1
237,38,581.22,192.66,29.31,69.25,0.5668,-1,-1,-1
237,41,537.16,185.31,25.06,93.80,0.4478,-1,-1,-1
237,43,8.20,118.97,39.12,159.01,0.5859,-1,-1,-1
238,1,369.86,87.04,162.83,392.88,0.9026,-1,-1,-1
238,2,17.03,6.57,218.89,473.05,0.8706,-1,-1,-1
238,24,293.42,120.51,69.90,201.38,0.8212,-1,-1,-1
238,38,587.87,194.07,29.25,68.96,0.5369,-1,-1,-1
238,41,542.48,185.32,25.50,96.51,0.3524,-1,-1,-1
238,43,12.87,117.18,39.17,156.94,0.4626,-1,-1,-1
238,44,610.01,205.18,29.33,274.48,0.5991,-1,-1,-1
239,1,384.79,89.05,161.32,390.63,0.8984,-1,-1,-1
239,2,17.92,11.72,219.80,468.00,0.8337,-1,-1,-1
239,24,302.56,123.81,68.39,198.10,0.7860,-1,-1,-1
239,38,594.69,197.86,28.09,65.63,0.3590,-1,-1,-1
239,44,605.67,213.59,28.73,266.24,0.3971,-1,-1,-1
239,46,365.78,175.79,20.06,86.74,0.5241,-1,-1,-1
240,1,398.05,87.60,156.63,377.83,0.8860,-1,-1,-1
240,2,26.41,14.32,220.75,464.79,0.7606,-1,-1,-1
240,24,306.77,125.11,67.22,194.07,0.7561,-1,-1,-1
240,38,597.48,192.22,30.22,70.50,0.5210,-1,-1,-1
240,46,368.35,179.61,18.93,81.30,0.4230,-1,-1,-1
240,47,253.72,159.61,33.10,116.09,0.7075,-1,-1,-1
241,1,408.68,85.48,155.42,375.32,0.8927,-1,-1,-1
241,2,23.14,14.98,223.80,461.74,0.7141,-1,-1,-1
241,24,312.91,124.45,67.68,192.78,0.7989,-1,-1,-1
241,38,601.01,196.05,27.24,62.08,0.3109,-1,-1,-1
241,46,368.99,180.89,18.69,79.61,0.3866,-1,-1,-1
242,1,412.93,87.12,154.86,375.67,0.8769,-1,-1,-1
242,2,39.50,11.49,226.28,467.38,0.8343,-1,-1,-1
242,24,307.29,123.23,69.75,191.44,0.8221,-1,-1,-1
242,49,393.84,180.24,22.77,80.84,0.5069,-1,-1,-1
242,44,598.38,170.07,34.09,309.42,0.7150,-1,-1,-1
243,1,413.86,88.94,154.79,378.02,0.8920,-1,-1,-1
243,2,47.98,8.62,227.10,469.68,0.8378,-1,-1,-1
243,24,309.49,122.55,69.68,188.82,0.8472,-1,-1,-1
243,49,393.26,180.75,22.89,80.99,0.5727,-1,-1,-1
243,44,586.55,65.00,46.38,415.15,0.7338,-1,-1,-1
243,43,29.22,164.62,23.54,87.85,0.6016,-1,-1,-1
244,1,419.27,90.57,153.29,377.54,0.8873,-1,-1,-1
244,2,62.25,7.53,224.80,469.05,0.7835,-1,-1,-1
244,24,314.61,121.37,69.10,188.25,0.7005,-1,-1,-1
244,49,394.19,179.31,23.46,82.84,0.5854,-1,-1,-1
244,44,570.74,16.78,54.33,463.65,0.8332,-1,-1,-1
244,43,26.72,168.98,25.10,84.83,0.7447,-1,-1,-1
245,1,421.40,89.12,152.86,381.74,0.8594,-1,-1,-1
245,2,68.59,8.99,218.47,456.04,0.8552,-1,-1,-1
245,24,314.03,121.43,69.98,190.30,0.7877,-1,-1,-1
245,49,393.13,179.39,23.51,82.71,0.6204,-1,-1,-1
245,44,558.80,-4.93,60.29,484.59,0.7258,-1,-1,-1
246,1,422.25,87.79,149.40,381.19,0.8571,-1,-1,-1
246,2,70.89,9.07,221.06,463.68,0.9022,-1,-1,-1
246,24,311.74,121.32,70.23,189.50,0.8129,-1,-1,-1
246,49,390.48,176.05,24.57,85.93,0.5734,-1,-1,-1
246,44,553.71,-12.76,64.63,492.30,0.7496,-1,-1,-1
246,43,36.16,193.75,13.19,41.95,0.5091,-1,-1,-1
247,1,426.33,86.49,142.22,369.31,0.8353,-1,-1,-1
247,2,74.64,9.72,220.34,465.25,0.9034,-1,-1,-1
247,24,310.22,122.10,70.24,189.06,0.8134,-1,-1,-1
247,49,387.93,175.93,24.51,85.41,0.6345,-1,-1,-1
247,44,540.47,-14.26,70.33,493.13,0.8081,-1,-1,-1
247,51,-6.61,165.16,33.58,88.52,0.6918,-1,-1,-1
247,52,407.15,171.15,38.40,107.31,0.7496,-1,-1,-1
247,43,32.11,195.74,12.53,38.08,0.5784,-1,-1,-1
248,1,432.93,87.71,137.11,357.54,0.8476,-1,-1,-1
248,2,79.01,9.14,219.72,468.05,0.8323,-1,-1,-1
248,24,309.39,122.65,70.48,189.02,0.8410,-1,-1,-1
248,49,385.83,174.66,25.14,86.93,0.6754,-1,-1,-1
248,44,541.25,-13.68,74.11,493.46,0.8615,-1,-1,-1
248,52,405.90,171.79,38.46,107.72,0.7694,-1,-1,-1
248,43,30.39,195.74,12.86,37.56,0.6141,-1,-1,-1
249,1,439.22,87.22,135.86,358.06,0.7634,-1,-1,-1
249,2,86.12,7.83,218.56,470.45,0.8886,-1,-1,-1
249,24,312.66,122.22,69.98,186.83,0.8361,-1,-1,-1
249,49,386.80,173.89,25.70,87.97,0.6865,-1,-1,-1
249,44,530.94,-12.70,79.64,491.41,0.8527,-1,-1,-1
249,52,407.57,170.55,39.23,110.25,0.7719,-1,-1,-1
249,43,30.85,196.17,13.00,36.97,0.5671,-1,-1,-1
249,53,288.01,169.42,27.79,92.56,0.6555,-1,-1,-1
250,1,450.10,87.72,135.97,362.42,0.6550,-1,-1,-1
250,2,96.49,7.89,216.24,470.54,0.9175,-1,-1,-1
250,24,318.58,122.93,68.85,182.95,0.8530,-1,-1,-1
250,49,389.88,174.35,26.65,90.36,0.6790,-1,-1,-1
250,44,527.28,-11.50,84.67,491.19,0.8216,-1,-1,-1
250,52,410.77,171.48,39.95,112.80,0.7797,-1,-1,-1
250,43,33.92,197.38,13.78,38.09,0.5369,-1,-1,-1
250,53,293.13,172.09,27.46,91.84,0.5936,-1,-1,-1
251,2,106.60,9.38,213.52,470.18,0.9128,-1,-1,-1
251,24,323.16,123.73,68.30,181.79,0.8604,-1,-1,-1
251,49,393.02,174.61,26.97,91.41,0.6133,-1,-1,-1
251,44,527.79,-10.53,88.55,490.54,0.8438,-1,-1,-1
251,52,412.64,170.82,40.79,115.71,0.7772,-1,-1,-1
251,43,35.76,197.66,14.42,39.27,0.5071,-1,-1,-1
252,2,116.13,14.53,209.40,465.44,0.8903,-1,-1,-1
252,24,326.70,127.18,67.78,180.96,0.8593,-1,-1,-1
252,49,395.91,176.20,27.25,92.36,0.5378,-1,-1,-1
252,44,530.40,-7.49,90.51,483.77,0.8710,-1,-1,-1
252,52,413.97,173.34,41.02,117.15,0.7352,-1,-1,-1
252,43,37.45,199.28,14.71,39.73,0.4360,-1,-1,-1
252,54,72.51,179.21,41.75,90.26,0.6008,-1,-1,-1
253,2,127.59,23.83,203.58,456.19,0.8998,-1,-1,-1
253,24,332.39,129.76,67.92,181.37,0.8574,-1,-1,-1
253,49,399.24,174.65,27.90,94.78,0.5319,-1,-1,-1
253,44,532.58,-4.21,92.06,477.93,0.8819,-1,-1,-1
253,52,417.26,174.08,41.68,119.88,0.6896,-1,-1,-1
253,43,41.70,201.87,14.46,38.97,0.4388,-1,-1,-1
253,54,69.79,179.92,43.14,92.99,0.7021,-1,-1,-1
253,55,462.24,143.72,56.49,177.74,0.7376,-1,-1,-1
254,2,137.61,27.64,199.96,452.10,0.8914,-1,-1,-1
254,24,336.70,132.79,66.96,179.83,0.8497,-1,-1,-1
254,49,402.71,175.12,27.93,95.44,0.4111,-1,-1,-1
254,44,534.61,-3.25,94.06,479.23,0.8783,-1,-1,-1
254,52,419.19,172.43,42.43,122.97,0.6798,-1,-1,-1
254,43,44.15,203.21,14.41,38.78,0.3581,-1,-1,-1
254,54,68.68,180.00,43.38,93.41,0.6662,-1,-1,-1
254,55,460.08,141.96,57.45,180.85,0.7379,-1,-1,-1
255,2,138.84,35.06,198.32,444.87,0.8651,-1,-1,-1
255,24,339.85,136.13,65.87,178.51,0.8388,-1,-1,-1
255,44,534.46,-2.48,96.01,480.56,0.8989,-1,-1,-1
255,52,417.81,172.14,43.02,125.80,0.6404,-1,-1,-1
255,54,59.69,180.47,44.67,96.57,0.6410,-1,-1,-1
255,55,450.27,142.01,59.54,186.09,0.8488,-1,-1,-1
256,2,156.12,36.13,196.57,443.40,0.8960,-1,-1,-1
256,24,342.09,135.36,64.69,177.09,0.7647,-1,-1,-1
256,44,533.17,-3.83,98.02,481.98,0.9070,-1,-1,-1
256,52,414.39,169.51,43.73,129.64,0.5564,-1,-1,-1
256,54,43.77,178.86,46.30,99.96,0.6230,-1,-1,-1
256,55,441.13,141.50,61.77,190.14,0.8100,-1,-1,-1
256,23,498.40,168.28,40.38,134.23,0.5908,-1,-1,-1
257,2,164.01,36.75,194.90,441.84,0.8837,-1,-1,-1
257,24,342.16,134.03,63.16,176.01,0.7822,-1,-1,-1
257,44,531.68,-4.24,99.93,483.10,0.9039,-1,-1,-1
257,54,27.50,178.88,48.02,101.66,0.6379,-1,-1,-1
257,55,436.27,139.63,64.39,195.39,0.8734,-1,-1,-1
257,57,66.11,132.13,75.83,175.04,0.7949,-1,-1,-1
257,23,494.42,167.83,43.99,140.66,0.6823,-1,-1,-1
258,2,159.62,31.31,197.37,446.44,0.8612,-1,-1,-1
258,24,341.25,133.79,63.05,177.95,0.7985,-1,-1,-1
258,55,421.41,134.14,68.09,205.00,0.8205,-1,-1,-1
258,57,48.58,132.28,77.91,178.88,0.8589,-1,-1,-1
258,23,489.05,165.34,46.99,146.51,0.6868,-1,-1,-1
258,1,474.46,4.33,174.33,474.16,0.8379,-1,-1,-1
259,2,156.25,29.89,198.35,448.31,0.8737,-1,-1,-1
259,24,340.87,135.84,61.60,177.00,0.7992,-1,-1,-1
259,55,403.99,129.71,70.57,212.12,0.8711,-1,-1,-1
259,57,29.67,129.89,80.97,183.89,0.8813,-1,-1,-1
259,23,485.87,163.90,49.50,149.21,0.6150,-1,-1,-1
259,1,472.50,-0.95,175.62,481.21,0.8553,-1,-1,-1
260,2,148.76,28.61,199.20,450.78,0.9072,-1,-1,-1
260,24,336.29,139.72,60.05,174.48,0.7811,-1,-1,-1
260,55,391.81,127.54,73.81,222.35,0.7486,-1,-1,-1
260,57,11.65,127.72,84.87,191.08,0.8999,-1,-1,-1
260,23,477.18,149.37,55.74,168.35,0.6934,-1,-1,-1
260,1,481.78,-2.02,171.87,482.90,0.8915,-1,-1,-1
261,2,138.30,27.58,199.19,452.26,0.8995,-1,-1,-1
261,24,328.00,144.21,59.19,172.25,0.8075,-1,-1,-1
261,55,374.42,128.01,78.27,231.14,0.8355,-1,-1,-1
261,57,-3.05,124.89,86.45,195.45,0.8625,-1,-1,-1
261,23,466.95,147.00,56.67,176.07,0.6191,-1,-1,-1
261,1,482.65,-2.07,169.39,482.53,0.9111,-1,-1,-1
262,2,123.69,24.01,200.08,455.61,0.8415,-1,-1,-1
262,24,320.53,146.33,58.08,169.48,0.6457,-1,-1,-1
262,55,352.42,127.61,83.29,239.43,0.8337,-1,-1,-1
262,1,472.29,-1.62,170.36,480.80,0.8910,-1,-1,-1
263,2,111.36,15.98,202.83,463.94,0.8953,-1,-1,-1
263,55,331.57,122.76,89.14,253.50,0.8725,-1,-1,-1
263,1,461.41,-1.87,173.58,481.13,0.9250,-1,-1,-1
264,2,102.65,12.15,203.19,467.01,0.8477,-1,-1,-1
264,55,322.38,118.48,93.52,262.84,0.8487,-1,-1,-1
264,1,454.31,-1.97,177.06,481.93,0.9050,-1,-1,-1
265,2,86.41,9.10,206.01,470.37,0.8510,-1,-1,-1
265,55,290.07,110.81,96.64,276.48,0.7723,-1,-1,-1
265,1,448.53,-1.65,180.09,480.51,0.9102,-1,-1,-1
266,2,82.97,8.79,206.76,470.74,0.8523,-1,-1,-1
266,55,271.12,102.51,97.02,286.43,0.7699,-1,-1,-1
266,1,443.05,-1.42,183.48,479.38,0.8698,-1,-1,-1
266,58,370.89,156.98,47.99,159.11,0.7845,-1,-1,-1
266,24,329.41,147.74,52.89,158.58,0.7443,-1,-1,-1
267,2,71.46,7.07,209.31,471.76,0.8257,-1,-1,-1
267,55,252.01,92.59,98.12,293.92,0.7856,-1,-1,-1
267,1,439.22,-1.10,186.89,478.95,0.9143,-1,-1,-1
267,58,367.47,149.27,49.69,163.87,0.7855,-1,-1,-1
267,24,318.99,142.75,52.56,158.15,0.8247,-1,-1,-1
268,2,56.56,2.56,214.89,477.04,0.7727,-1,-1,-1
268,55,237.85,81.53,99.76,301.37,0.5002,-1,-1,-1
268,1,437.09,-1.04,189.80,478.43,0.9181,-1,-1,-1
268,58,363.89,142.25,50.88,166.32,0.7798,-1,-1,-1
268,24,312.02,136.89,53.29,160.09,0.8494,-1,-1,-1
269,2,52.20,0.32,220.48,479.56,0.8081,-1,-1,-1
269,1,434.31,-0.70,192.41,476.76,0.9117,-1,-1,-1
269,58,353.79,136.03,52.44,170.45,0.7764,-1,-1,-1
269,24,308.90,132.14,52.96,158.97,0.8000,-1,-1,-1
270,2,50.41,-0.04,223.99,479.90,0.8814,-1,-1,-1
270,1,426.73,-0.58,196.97,477.56,0.9088,-1,-1,-1
270,58,341.78,119.39,54.20,175.81,0.7991,-1,-1,-1
270,24,306.14,117.44,51.85,159.60,0.7387,-1,-1,-1
271,2,47.19,-0.22,226.27,477.15,0.8834,-1,-1,-1
271,1,420.68,-0.50,201.96,479.65,0.9133,-1,-1,-1
271,58,331.73,94.20,56.07,181.20,0.7889,-1,-1,-1
271,24,306.72,94.18,50.49,161.11,0.5844,-1,-1,-1
271,59,586.45,110.97,58.28,264.89,0.5437,-1,-1,-1
272,2,46.16,-0.14,218.76,453.88,0.7821,-1,-1,-1
272,1,415.90,-0.70,206.36,480.64,0.9158,-1,-1,-1
272,58,320.40,59.25,59.17,189.75,0.8086,-1,-1,-1
272,59,583.47,58.39,63.58,290.43,0.4047,-1,-1,-1
273,2,39.91,0.20,219.17,448.37,0.6985,-1,-1,-1
273,1,413.35,-0.71,210.00,480.89,0.9118,-1,-1,-1
273,58,313.19,42.23,61.06,194.80,0.7510,-1,-1,-1
274,2,51.40,-0.29,223.81,468.05,0.7080,-1,-1,-1
274,1,411.88,-0.45,211.55,476.59,0.9034,-1,-1,-1
274,58,307.94,45.20,62.90,199.19,0.7752,-1,-1,-1
274,60,254.09,76.86,59.76,143.37,0.7571,-1,-1,-1
275,2,36.94,-0.29,225.85,473.59,0.8454,-1,-1,-1
275,1,408.66,-0.41,214.36,476.27,0.8676,-1,-1,-1
275,58,298.91,58.98,64.34,203.33,0.7900,-1,-1,-1
275,60,255.42,95.26,58.11,140.31,0.6510,-1,-1,-1
275,59,584.85,5.58,69.20,322.72,0.5052,-1,-1,-1
276,2,33.89,0.02,222.80,469.63,0.8090,-1,-1,-1
276,1,410.61,-0.26,217.00,478.00,0.9043,-1,-1,-1
276,58,294.09,83.60,65.60,205.68,0.8094,-1,-1,-1
276,60,256.44,127.16,54.94,133.19,0.4930,-1,-1,-1
277,2,38.23,-0.24,211.59,447.66,0.8311,-1,-1,-1
277,1,411.03,-0.23,219.31,479.57,0.9186,-1,-1,-1
277,58,285.57,100.26,67.24,210.13,0.7238,-1,-1,-1
277,60,253.16,141.83,54.85,134.73,0.3699,-1,-1,-1
278,2,23.38,-0.31,219.42,467.51,0.8500,-1,-1,-1
278,1,404.42,-0.27,219.60,480.19,0.9041,-1,-1,-1
278,58,273.50,107.25,69.68,217.21,0.7791,-1,-1,-1
279,2,10.03,14.18,214.75,459.29,0.8796,-1,-1,-1
279,1,388.42,-0.34,219.46,480.00,0.8974,-1,-1,-1
279,58,259.02,120.46,71.83,223.14,0.7787,-1,-1,-1
279,62,321.30,145.24,45.13,144.03,0.6580,-1,-1,-1
279,59,576.89,52.02,67.18,315.58,0.8095,-1,-1,-1
280,2,-6.25,18.84,211.11,457.35,0.8899,-1,-1,-1
280,1,369.13,-0.37,219.34,479.03,0.8895,-1,-1,-1
280,58,239.21,124.10,73.54,228.16,0.7875,-1,-1,-1
280,62,306.78,148.47,45.88,145.91,0.8051,-1,-1,-1
280,64,175.13,144.51,66.19,200.50,0.8066,-1,-1,-1
280,59,570.97,57.85,67.61,314.63,0.8290,-1,-1,-1
281,2,-25.12,8.88,210.13,470.15,0.9054,-1,-1,-1
281,1,346.20,-0.03,220.96,479.65,0.9069,-1,-1,-1
281,58,206.49,112.07,77.30,239.85,0.7881,-1,-1,-1
281,62,278.37,140.96,45.90,145.43,0.8328,-1,-1,-1
281,64,151.23,135.32,66.41,200.70,0.8363,-1,-1,-1
281,59,557.31,58.03,67.98,309.27,0.8293,-1,-1,-1
282,2,-36.90,10.39,200.45,467.97,0.8910,-1,-1,-1
282,1,337.73,0.19,222.70,479.79,0.9030,-1,-1,-1
282,58,174.26,108.17,81.32,252.22,0.8023,-1,-1,-1
282,62,259.41,143.52,45.47,144.39,0.8065,-1,-1,-1
282,64,128.78,134.18,62.70,191.66,0.6079,-1,-1,-1
282,59,544.04,84.04,66.90,298.03,0.4127,-1,-1,-1
283,2,-37.31,17.84,189.65,460.13,0.8595,-1,-1,-1
283,1,346.78,-0.10,223.99,480.20,0.8830,-1,-1,-1
283,58,154.34,112.10,85.49,263.25,0.8316,-1,-1,-1
283,62,254.73,154.03,45.11,144.48,0.7235,-1,-1,-1
283,64,109.89,158.44,51.86,158.99,0.6085,-1,-1,-1
283,59,536.92,120.60,65.06,284.27,0.3848,-1,-1,-1
283,67,306.52,122.36,70.07,278.78,0.6678,-1,-1,-1
284,2,-33.25,17.77,184.07,461.19,0.8169,-1,-1,-1
284,1,368.27,0.26,224.12,479.87,0.8913,-1,-1,-1
284,58,147.69,112.29,88.74,271.51,0.8489,-1,-1,-1
284,64,110.29,164.71,49.03,151.19,0.7253,-1,-1,-1
284,67,319.48,127.79,72.36,287.09,0.7438,-1,-1,-1
284,68,292.85,85.94,74.34,223.88,0.5066,-1,-1,-1
285,2,-27.86,18.05,179.45,461.58,0.8868,-1,-1,-1
285,1,397.09,0.38,224.20,479.76,0.9175,-1,-1,-1
285,58,150.22,107.52,90.68,277.77,0.8549,-1,-1,-1
285,64,114.53,163.01,49.80,154.24,0.6721,-1,-1,-1
285,67,337.30,95.09,81.61,323.23,0.8513,-1,-1,-1
285,68,297.78,77.33,87.46,264.72,0.7349,-1,-1,-1
285,69,285.85,159.25,39.73,142.32,0.7029,-1,-1,-1
286,2,-21.07,25.79,173.38,454.36,0.9024,-1,-1,-1
286,1,420.15,0.48,221.42,479.20,0.9100,-1,-1,-1
286,58,155.06,105.63,92.65,283.98,0.8644,-1,-1,-1
286,64,119.88,165.21,50.09,156.93,0.6712,-1,-1,-1
286,67,356.72,79.11,89.91,354.20,0.8755,-1,-1,-1
286,68,306.05,72.81,93.27,283.75,0.6261,-1,-1,-1
287,2,-15.15,34.07,168.08,446.24,0.8947,-1,-1,-1
287,1,440.49,0.07,216.39,479.45,0.8892,-1,-1,-1
287,58,161.35,104.22,95.10,289.88,0.8161,-1,-1,-1
287,64,125.81,164.38,50.79,161.80,0.6259,-1,-1,-1
287,67,376.03,66.47,97.73,380.75,0.8855,-1,-1,-1
287,68,317.56,71.23,96.74,296.18,0.7646,-1,-1,-1
288,2,-10.92,38.51,164.88,441.82,0.8996,-1,-1,-1
288,1,461.07,-0.07,208.88,479.69,0.8587,-1,-1,-1
288,58,164.85,100.43,98.24,300.66,0.8313,-1,-1,-1
288,64,131.64,162.28,51.02,163.77,0.6094,-1,-1,-1
288,67,397.75,55.52,105.77,404.27,0.8844,-1,-1,-1
288,68,329.71,65.65,99.40,306.28,0.8195,-1,-1,-1
288,69,275.75,168.00,36.87,132.82,0.5886,-1,-1,-1
289,2,-4.40,47.95,161.29,432.16,0.9024,-1,-1,-1
289,1,492.05,3.86,194.84,474.47,0.8151,-1,-1,-1
289,58,173.71,100.40,101.97,313.23,0.8151,-1,-1,-1
289,64,143.18,160.28,53.61,170.78,0.6040,-1,-1,-1
289,67,420.60,48.69,113.21,423.81,0.8817,-1,-1,-1
289,68,345.22,60.92,102.04,317.00,0.7690,-1,-1,-1
289,69,262.64,160.81,46.03,166.10,0.6808,-1,-1,-1
289,59,513.95,80.43,78.56,357.51,0.5403,-1,-1,-1
290,2,3.14,56.70,159.57,423.29,0.8948,-1,-1,-1
290,58,184.82,98.94,105.55,325.29,0.8002,-1,-1,-1
290,67,446.55,37.85,121.30,443.14,0.8745,-1,-1,-1
290,68,361.99,53.56,107.20,336.48,0.8410,-1,-1,-1
290,71,288.56,162.31,42.86,169.72,0.5818,-1,-1,-1
290,62,155.19,156.77,54.32,176.73,0.6925,-1,-1,-1
291,2,8.42,57.86,160.95,422.29,0.8691,-1,-1,-1
291,58,197.66,93.70,109.93,340.97,0.8386,-1,-1,-1
291,67,470.94,25.56,128.56,455.44,0.8856,-1,-1,-1
291,68,382.53,44.79,111.92,352.29,0.8330,-1,-1,-1
291,71,303.70,161.91,44.19,174.54,0.6888,-1,-1,-1
291,72,571.03,57.84,78.07,390.30,0.6427,-1,-1,-1
291,64,159.22,153.98,55.18,177.57,0.7067,-1,-1,-1
292,2,15.28,56.42,163.04,423.35,0.8850,-1,-1,-1
292,58,210.53,89.61,115.29,358.94,0.8385,-1,-1,-1
292,67,488.63,12.65,135.39,470.16,0.8920,-1,-1,-1
292,68,400.32,38.02,117.28,370.37,0.8805,-1,-1,-1
292,71,324.24,165.64,44.73,175.05,0.7875,-1,-1,-1
292,64,167.82,155.68,55.17,177.17,0.7101,-1,-1,-1
293,2,17.99,49.96,166.97,430.07,0.9074,-1,-1,-1
293,58,220.47,80.82,118.53,371.62,0.8477,-1,-1,-1
293,67,499.12,0.30,140.26,483.43,0.8871,-1,-1,-1
293,68,414.02,28.22,125.12,396.23,0.8619,-1,-1,-1
293,71,339.61,167.99,45.32,174.56,0.8566,-1,-1,-1
293,64,170.15,152.09,57.14,181.71,0.5395,-1,-1,-1
294,2,25.76,48.06,168.68,432.05,0.8777,-1,-1,-1
294,58,229.51,71.85,123.60,389.79,0.8386,-1,-1,-1
294,67,511.73,-3.21,139.97,485.94,0.8183,-1,-1,-1
294,68,428.34,19.22,132.40,419.38,0.8433,-1,-1,-1
294,71,356.50,167.35,46.49,175.66,0.8115,-1,-1,-1
295,2,38.18,47.92,169.60,432.04,0.7477,-1,-1,-1
295,58,236.75,61.83,128.86,408.95,0.8833,-1,-1,-1
295,67,529.80,39.67,126.36,443.44,0.8526,-1,-1,-1
295,68,442.97,10.30,139.21,440.12,0.8817,-1,-1,-1
295,71,374.70,166.06,46.69,173.66,0.7780,-1,-1,-1
296,2,30.37,53.25,172.24,425.69,0.8221,-1,-1,-1
296,58,242.99,53.21,132.52,423.40,0.8884,-1,-1,-1
296,68,455.40,2.41,145.91,459.22,0.8690,-1,-1,-1
296,71,389.41,164.76,47.93,176.28,0.8128,-1,-1,-1
296,69,224.05,194.27,33.44,117.29,0.7645,-1,-1,-1
296,72,556.88,62.92,83.26,416.30,0.7014,-1,-1,-1
297,2,28.44,55.07,176.36,423.31,0.8672,-1,-1,-1
297,58,244.58,40.26,136.89,439.11,0.8809,-1,-1,-1
297,68,467.70,-1.45,150.77,469.77,0.8799,-1,-1,-1
297,71,398.84,162.94,49.30,176.47,0.8627,-1,-1,-1
297,74,2.05,126.72,68.55,206.77,0.7810,-1,-1,-1
297,69,224.15,196.06,32.41,111.60,0.4856,-1,-1,-1
298,2,46.62,55.45,177.26,423.31,0.7866,-1,-1,-1
298,58,240.44,24.56,142.54,457.15,0.8797,-1,-1,-1
298,68,477.05,-2.68,156.30,482.00,0.9150,-1,-1,-1
298,71,414.55,165.12,50.96,173.24,0.8573,-1,-1,-1
298,74,-3.17,122.47,65.35,197.74,0.8388,-1,-1,-1
299,2,59.32,54.71,177.68,423.59,0.8572,-1,-1,-1
299,58,237.56,12.24,146.06,470.77,0.8843,-1,-1,-1
299,68,481.72,-2.81,158.84,486.58,0.9084,-1,-1,-1
299,71,422.94,167.46,52.88,170.60,0.8671,-1,-1,-1
299,74,-6.71,117.88,65.82,200.46,0.8598,-1,-1,-1
300,2,70.27,52.34,177.68,427.09,0.8131,-1,-1,-1
300,58,229.10,2.20,148.70,479.92,0.8594,-1,-1,-1
300,68,488.41,-2.90,158.88,488.02,0.8959,-1,-1,-1
300,71,428.81,165.70,55.35,171.22,0.8894,-1,-1,-1
300,74,-4.61,131.08,64.95,198.54,0.8118,-1,-1,-1
300,75,371.68,168.23,41.84,136.38,0.7342,-1,-1,-1
