2,1,118.11,154.66,82.43,174.85,0.8474,-1,-1,-1
2,2,17.98,145.04,73.98,194.97,0.8564,-1,-1,-1
3,1,125.57,153.66,64.44,177.49,0.7125,-1,-1,-1
3,2,22.43,136.49,73.92,204.74,0.8289,-1,-1,-1
4,1,129.59,154.35,81.50,179.29,0.8467,-1,-1,-1
4,2,27.54,143.88,72.58,199.48,0.8197,-1,-1,-1
4,3,252.60,192.69,25.32,68.17,0.4797,-1,-1,-1
5,1,135.58,157.35,85.27,180.09,0.8143,-1,-1,-1
5,2,35.24,139.82,73.35,208.23,0.8697,-1,-1,-1
5,3,263.88,199.50,23.10,64.25,0.5432,-1,-1,-1
6,1,141.06,154.83,86.81,184.50,0.8338,-1,-1,-1
6,2,33.93,141.08,79.80,208.95,0.8531,-1,-1,-1
6,3,269.07,197.91,25.28,66.68,0.5848,-1,-1,-1
6,4,222.31,197.48,24.77,67.61,0.6154,-1,-1,-1
6,5,251.04,197.60,22.05,66.36,0.4303,-1,-1,-1
7,1,144.29,152.05,87.81,187.59,0.8595,-1,-1,-1
7,2,38.99,140.40,76.31,209.52,0.8357,-1,-1,-1
7,3,274.39,199.22,26.35,63.08,0.6744,-1,-1,-1
7,4,226.06,198.39,25.30,65.96,0.6563,-1,-1,-1
7,5,257.21,196.01,21.51,62.16,0.6028,-1,-1,-1
8,1,152.23,152.72,88.69,190.75,0.8705,-1,-1,-1
8,2,42.39,140.24,78.54,213.52,0.8246,-1,-1,-1
8,3,280.80,200.90,26.56,65.11,0.5862,-1,-1,-1
8,4,234.80,200.26,24.39,65.49,0.6827,-1,-1,-1
8,5,265.04,198.34,20.25,64.33,0.5556,-1,-1,-1
9,1,156.62,151.64,87.55,193.25,0.8672,-1,-1,-1
9,2,47.21,140.26,77.93,213.31,0.8304,-1,-1,-1
9,3,288.27,199.50,25.27,66.07,0.7195,-1,-1,-1
9,4,240.69,203.60,25.11,62.85,0.5636,-1,-1,-1
9,5,269.86,198.98,22.58,66.48,0.6477,-1,-1,-1
10,1,164.68,147.71,87.98,198.27,0.8699,-1,-1,-1
10,2,48.38,134.89,86.22,221.20,0.8570,-1,-1,-1
10,3,296.05,201.46,25.59,64.84,0.6351,-1,-1,-1
10,4,250.68,197.02,25.30,68.37,0.6476,-1,-1,-1
10,5,278.72,196.64,21.73,67.10,0.4569,-1,-1,-1
11,1,170.95,147.21,88.75,201.14,0.8611,-1,-1,-1
11,2,54.66,135.48,85.28,221.85,0.8677,-1,-1,-1
11,3,306.26,201.07,21.48,64.59,0.6469,-1,-1,-1
11,4,255.42,200.84,22.07,64.88,0.4890,-1,-1,-1
11,5,285.01,197.99,23.28,67.43,0.6966,-1,-1,-1
11,12,142.29,195.47,29.57,69.93,0.5637,-1,-1,-1
12,1,181.94,147.83,92.41,205.46,0.8704,-1,-1,-1
12,2,64.81,130.29,83.56,233.71,0.8809,-1,-1,-1
12,3,316.21,205.59,22.61,62.89,0.5016,-1,-1,-1
12,4,269.39,199.74,24.62,68.31,0.6251,-1,-1,-1
12,12,153.61,198.33,30.00,68.90,0.5749,-1,-1,-1
13,1,183.02,147.34,97.41,209.37,0.8587,-1,-1,-1
13,2,67.33,142.74,86.08,222.58,0.8563,-1,-1,-1
13,3,321.37,195.12,24.70,71.89,0.4617,-1,-1,-1
13,4,275.66,200.21,23.85,68.31,0.5106,-1,-1,-1
13,5,304.03,203.78,20.80,63.19,0.4761,-1,-1,-1
13,12,159.05,196.61,30.38,70.91,0.5691,-1,-1,-1
14,1,198.48,145.07,93.47,212.06,0.8290,-1,-1,-1
14,2,83.11,127.87,80.99,239.15,0.8715,-1,-1,-1
14,3,334.61,204.56,21.93,64.38,0.3741,-1,-1,-1
14,4,286.90,203.91,23.71,63.24,0.5899,-1,-1,-1
14,5,316.79,201.59,21.96,65.00,0.5775,-1,-1,-1
14,12,170.76,195.91,29.60,71.32,0.5988,-1,-1,-1
15,1,209.84,145.30,95.30,216.18,0.8599,-1,-1,-1
15,2,85.43,138.70,86.53,232.19,0.8602,-1,-1,-1
15,3,346.36,205.31,26.76,64.41,0.6195,-1,-1,-1
15,4,297.42,202.55,22.37,66.49,0.5773,-1,-1,-1
15,5,326.07,200.42,23.19,67.31,0.5191,-1,-1,-1
15,12,182.49,197.93,28.56,70.76,0.6604,-1,-1,-1
15,14,2.87,144.91,42.00,166.13,0.5379,-1,-1,-1
16,1,211.56,144.49,100.17,216.02,0.8458,-1,-1,-1
16,2,78.31,123.58,96.91,246.55,0.8776,-1,-1,-1
16,3,352.60,199.68,27.28,67.30,0.5434,-1,-1,-1
16,4,300.83,198.24,24.12,66.78,0.6868,-1,-1,-1
16,5,330.88,195.18,24.21,70.70,0.5508,-1,-1,-1
16,12,185.56,193.37,30.22,71.69,0.6426,-1,-1,-1
16,14,2.50,142.52,47.05,156.33,0.4308,-1,-1,-1
17,1,213.35,139.82,108.23,223.23,0.7738,-1,-1,-1
17,2,84.98,124.07,92.81,247.68,0.8982,-1,-1,-1
17,3,353.86,187.35,25.17,76.50,0.4913,-1,-1,-1
17,4,306.44,195.97,24.01,69.53,0.5980,-1,-1,-1
17,5,334.80,195.29,23.28,69.96,0.4471,-1,-1,-1
17,12,189.14,192.88,28.61,71.71,0.6422,-1,-1,-1
17,14,-2.84,140.74,64.64,149.04,0.3768,-1,-1,-1
18,1,215.76,137.63,111.28,230.24,0.8572,-1,-1,-1
18,2,83.52,124.54,97.06,252.57,0.9013,-1,-1,-1
18,4,312.04,195.13,21.91,71.16,0.7058,-1,-1,-1
18,12,193.68,194.84,27.55,70.09,0.5464,-1,-1,-1
18,14,4.26,140.88,47.87,156.05,0.4964,-1,-1,-1
19,1,217.39,132.75,112.84,234.99,0.8666,-1,-1,-1
19,2,81.27,118.64,98.10,257.49,0.9064,-1,-1,-1
19,4,311.09,192.40,25.52,71.16,0.6221,-1,-1,-1
19,12,193.94,192.76,29.02,70.09,0.5145,-1,-1,-1
19,14,2.89,137.74,44.36,156.67,0.3060,-1,-1,-1
20,1,214.29,128.42,113.97,241.06,0.8877,-1,-1,-1
20,2,76.63,113.01,99.09,265.26,0.9029,-1,-1,-1
20,12,192.31,187.48,28.75,72.64,0.5803,-1,-1,-1
21,1,213.93,126.40,116.70,247.75,0.8791,-1,-1,-1
21,2,72.84,107.17,102.21,275.05,0.8988,-1,-1,-1
21,12,192.27,186.29,27.91,74.43,0.6602,-1,-1,-1
21,14,0.03,132.14,37.78,164.98,0.5208,-1,-1,-1
21,16,42.92,186.45,24.72,69.57,0.5713,-1,-1,-1
22,1,214.47,122.69,117.92,253.70,0.8829,-1,-1,-1
22,2,68.31,103.46,105.81,280.98,0.8850,-1,-1,-1
22,12,194.22,185.62,27.15,73.76,0.3509,-1,-1,-1
22,14,0.84,131.14,36.57,211.94,0.3507,-1,-1,-1
22,16,41.92,183.14,28.45,70.92,0.4103,-1,-1,-1
23,1,215.15,123.46,118.34,261.24,0.8812,-1,-1,-1
23,2,68.15,104.67,106.86,289.96,0.8965,-1,-1,-1
23,12,198.39,190.52,25.89,73.31,0.5789,-1,-1,-1
23,14,1.10,134.10,38.77,226.51,0.3568,-1,-1,-1
23,16,49.83,191.06,22.60,67.81,0.3665,-1,-1,-1
24,1,221.31,121.41,114.79,265.53,0.7988,-1,-1,-1
24,2,65.12,104.23,111.96,294.79,0.8602,-1,-1,-1
24,14,-0.45,132.39,42.54,178.02,0.4349,-1,-1,-1
25,1,231.77,120.74,109.28,275.94,0.8810,-1,-1,-1
25,2,61.35,103.06,116.32,304.18,0.8911,-1,-1,-1
25,14,1.63,133.77,38.81,172.61,0.3614,-1,-1,-1
26,1,230.72,116.29,110.17,281.81,0.8712,-1,-1,-1
26,2,57.59,100.39,118.98,309.61,0.8826,-1,-1,-1
26,14,0.60,132.59,37.63,172.40,0.3655,-1,-1,-1
27,1,236.78,112.99,110.48,288.68,0.8809,-1,-1,-1
27,2,55.24,95.63,121.65,315.97,0.8972,-1,-1,-1
27,14,-0.26,130.23,38.47,170.64,0.4621,-1,-1,-1
28,1,240.81,111.13,110.17,294.87,0.8851,-1,-1,-1
28,2,54.31,94.27,123.39,323.27,0.9022,-1,-1,-1
28,14,0.25,129.90,39.25,170.60,0.3368,-1,-1,-1
29,1,232.71,105.10,124.43,303.28,0.8659,-1,-1,-1
29,2,51.46,85.94,127.90,338.91,0.8817,-1,-1,-1
30,1,234.39,103.21,124.33,310.29,0.8839,-1,-1,-1
30,2,47.80,83.85,132.22,345.74,0.8888,-1,-1,-1
30,14,0.78,125.30,36.68,178.80,0.3046,-1,-1,-1
31,1,246.11,98.33,119.41,321.43,0.8790,-1,-1,-1
31,2,42.34,80.19,140.05,353.66,0.8946,-1,-1,-1
31,20,392.95,176.03,20.77,34.75,0.3312,-1,-1,-1
32,1,254.42,96.55,120.02,332.43,0.8769,-1,-1,-1
32,2,44.88,77.69,139.65,364.63,0.8790,-1,-1,-1
32,3,408.26,190.80,25.92,75.50,0.6674,-1,-1,-1
32,21,147.43,80.07,47.44,176.83,0.5285,-1,-1,-1
33,1,259.25,89.75,127.60,339.09,0.8614,-1,-1,-1
33,2,53.76,70.31,137.08,374.50,0.8887,-1,-1,-1
33,3,418.41,188.91,26.62,75.18,0.6739,-1,-1,-1
33,4,360.95,186.77,26.99,75.25,0.6280,-1,-1,-1
33,21,153.78,76.82,46.43,182.33,0.3756,-1,-1,-1
34,1,270.21,88.94,130.56,352.02,0.8579,-1,-1,-1
34,2,60.16,70.62,140.44,381.33,0.8851,-1,-1,-1
34,3,425.98,187.65,26.99,78.82,0.6605,-1,-1,-1
34,4,368.34,187.06,29.74,76.84,0.6828,-1,-1,-1
34,5,402.22,180.44,24.32,82.93,0.4951,-1,-1,-1
34,21,158.56,75.42,54.83,180.41,0.5096,-1,-1,-1
35,1,269.77,88.42,147.55,360.91,0.8551,-1,-1,-1
35,2,65.88,70.73,139.91,387.11,0.9042,-1,-1,-1
35,3,434.94,190.51,28.40,78.38,0.6581,-1,-1,-1
35,4,377.29,189.65,28.12,76.98,0.7054,-1,-1,-1
35,5,410.06,188.65,24.90,77.42,0.4801,-1,-1,-1
35,23,2.00,119.12,37.00,104.33,0.6117,-1,-1,-1
36,1,270.57,80.83,163.24,370.20,0.8937,-1,-1,-1
36,2,71.90,62.18,145.90,400.40,0.8947,-1,-1,-1
36,3,447.65,189.71,28.33,78.01,0.6636,-1,-1,-1
36,4,387.59,189.24,27.65,76.09,0.5824,-1,-1,-1
36,5,420.87,181.96,26.03,82.70,0.4843,-1,-1,-1
36,21,174.72,71.48,55.59,182.95,0.5570,-1,-1,-1
37,1,271.57,78.07,167.83,378.73,0.8908,-1,-1,-1
37,2,72.19,61.20,148.36,405.59,0.9014,-1,-1,-1
37,3,452.26,190.29,26.82,78.49,0.6192,-1,-1,-1
37,4,391.55,189.42,28.39,76.20,0.6547,-1,-1,-1
37,5,424.84,187.36,24.24,79.19,0.3203,-1,-1,-1
37,21,177.59,70.93,53.75,185.82,0.4362,-1,-1,-1
38,1,278.77,76.49,176.56,388.71,0.8878,-1,-1,-1
38,2,70.83,58.88,153.25,416.17,0.8759,-1,-1,-1
38,3,456.86,189.70,28.98,80.78,0.7279,-1,-1,-1
38,4,397.90,194.52,29.26,73.28,0.4970,-1,-1,-1
38,5,430.12,189.74,27.07,78.73,0.5459,-1,-1,-1
38,21,181.00,70.71,57.13,194.86,0.4525,-1,-1,-1
39,1,284.48,70.36,178.45,398.14,0.8902,-1,-1,-1
39,2,69.37,53.49,158.10,424.65,0.8789,-1,-1,-1
39,3,460.17,187.40,33.21,81.98,0.6727,-1,-1,-1
39,4,403.50,195.66,26.87,70.36,0.5582,-1,-1,-1
39,5,434.67,186.90,26.17,78.10,0.5778,-1,-1,-1
39,21,182.59,64.00,57.48,195.86,0.5569,-1,-1,-1
40,1,285.43,65.89,187.13,412.80,0.8876,-1,-1,-1
40,2,67.70,52.85,162.46,427.28,0.8847,-1,-1,-1
40,3,465.04,188.44,31.36,83.34,0.7032,-1,-1,-1
40,4,409.58,199.84,23.36,69.75,0.4654,-1,-1,-1
40,5,439.00,186.28,27.83,81.93,0.5362,-1,-1,-1
40,21,185.35,63.12,55.86,200.37,0.6957,-1,-1,-1
41,1,289.58,63.12,191.45,416.71,0.8832,-1,-1,-1
41,2,64.04,48.80,166.28,431.33,0.8903,-1,-1,-1
41,3,467.02,187.27,33.78,50.65,0.6164,-1,-1,-1
41,5,439.94,188.35,27.04,79.86,0.5486,-1,-1,-1
41,14,7.31,114.39,49.61,154.57,0.3844,-1,-1,-1
41,21,183.10,63.05,57.66,198.96,0.7385,-1,-1,-1
42,1,283.01,56.15,199.34,423.91,0.8999,-1,-1,-1
42,2,50.11,41.69,173.69,438.33,0.8915,-1,-1,-1
42,3,464.74,187.08,34.74,39.53,0.5377,-1,-1,-1
42,21,177.60,55.56,60.05,208.54,0.6336,-1,-1,-1
43,1,281.45,53.26,206.12,426.83,0.9045,-1,-1,-1
43,2,46.76,36.02,174.29,443.95,0.8963,-1,-1,-1
43,12,265.84,186.82,24.77,76.70,0.3259,-1,-1,-1
43,20,463.97,190.26,30.47,31.73,0.5272,-1,-1,-1
43,21,175.22,51.22,58.79,207.31,0.6478,-1,-1,-1
44,1,280.33,50.49,210.77,429.59,0.9040,-1,-1,-1
44,2,43.07,30.77,178.21,448.74,0.8976,-1,-1,-1
44,12,266.59,186.86,25.96,77.63,0.3625,-1,-1,-1
44,21,174.80,48.35,59.73,212.19,0.6433,-1,-1,-1
45,1,283.88,46.72,213.85,432.73,0.8964,-1,-1,-1
45,2,41.69,27.66,178.94,450.70,0.8951,-1,-1,-1
45,12,267.58,185.80,28.00,77.84,0.4529,-1,-1,-1
45,21,175.94,47.09,61.61,215.54,0.6476,-1,-1,-1
46,1,277.23,42.85,224.96,437.21,0.9094,-1,-1,-1
46,2,35.54,19.89,185.22,459.60,0.8836,-1,-1,-1
46,21,174.42,45.18,62.83,218.38,0.6942,-1,-1,-1
46,26,0.92,97.61,37.10,329.47,0.4195,-1,-1,-1
47,1,284.00,38.04,222.69,442.00,0.9064,-1,-1,-1
47,2,32.59,14.99,187.02,464.06,0.8725,-1,-1,-1
47,12,269.58,183.40,27.33,79.25,0.3716,-1,-1,-1
47,21,174.05,41.42,61.86,217.26,0.6582,-1,-1,-1
47,26,1.88,94.08,36.96,334.17,0.3063,-1,-1,-1
48,1,289.84,29.70,222.76,449.63,0.8999,-1,-1,-1
48,2,29.54,11.83,193.48,468.17,0.8636,-1,-1,-1
48,21,176.69,38.32,63.84,222.95,0.6428,-1,-1,-1
48,26,3.16,92.83,39.77,340.53,0.3433,-1,-1,-1
49,1,286.54,29.05,230.52,450.93,0.8895,-1,-1,-1
49,2,26.55,9.99,200.95,466.97,0.8603,-1,-1,-1
49,21,176.25,36.59,65.93,226.70,0.6405,-1,-1,-1
50,1,285.28,22.93,233.40,456.17,0.8995,-1,-1,-1
50,2,20.36,3.07,204.94,475.50,0.8585,-1,-1,-1
50,14,-0.09,90.29,29.73,117.66,0.5213,-1,-1,-1
50,21,174.06,34.15,66.88,236.52,0.6500,-1,-1,-1
51,1,285.16,19.71,239.02,459.64,0.9086,-1,-1,-1
51,2,22.15,1.58,201.09,474.86,0.8588,-1,-1,-1
51,14,-0.73,89.45,30.71,117.36,0.4481,-1,-1,-1
51,21,174.10,33.36,70.98,238.40,0.7362,-1,-1,-1
52,1,290.76,16.17,238.07,462.55,0.9019,-1,-1,-1
52,2,17.28,0.54,204.83,477.21,0.8464,-1,-1,-1
52,21,173.53,30.29,71.19,240.29,0.5960,-1,-1,-1
52,26,5.55,88.28,31.58,165.99,0.4830,-1,-1,-1
53,1,287.69,14.33,248.93,464.68,0.9044,-1,-1,-1
53,2,12.95,0.26,211.48,479.20,0.8605,-1,-1,-1
53,14,-3.35,87.21,36.45,157.25,0.3691,-1,-1,-1
53,21,173.44,28.42,70.49,240.09,0.6318,-1,-1,-1
54,1,290.26,12.61,249.78,467.40,0.9116,-1,-1,-1
54,2,13.25,1.13,210.88,476.03,0.8424,-1,-1,-1
54,14,-4.84,86.83,38.72,123.86,0.4177,-1,-1,-1
54,21,173.17,28.38,71.43,241.23,0.5766,-1,-1,-1
55,1,293.93,8.21,256.99,469.28,0.8858,-1,-1,-1
55,2,11.52,1.05,214.08,478.09,0.8571,-1,-1,-1
55,14,-1.67,87.37,35.68,186.30,0.4524,-1,-1,-1
55,21,175.15,26.09,71.62,243.91,0.5491,-1,-1,-1
56,1,290.21,5.92,262.40,472.32,0.8457,-1,-1,-1
56,2,11.80,0.33,215.65,478.23,0.8620,-1,-1,-1
56,14,-3.86,84.68,37.78,171.99,0.4636,-1,-1,-1
56,21,175.99,24.69,71.46,246.93,0.5890,-1,-1,-1
57,1,300.81,2.87,262.13,476.58,0.9115,-1,-1,-1
57,2,8.03,1.24,220.01,475.59,0.8578,-1,-1,-1
57,14,-2.57,83.53,36.38,167.38,0.5690,-1,-1,-1
57,21,176.65,20.99,72.69,285.37,0.6122,-1,-1,-1
58,1,302.05,2.61,264.46,477.39,0.8997,-1,-1,-1
58,2,8.05,1.23,219.57,475.94,0.8594,-1,-1,-1
58,14,-1.11,83.34,34.96,166.83,0.4866,-1,-1,-1
58,21,177.40,12.57,73.61,364.61,0.4966,-1,-1,-1
59,1,302.94,1.53,273.83,477.86,0.9035,-1,-1,-1
59,2,6.00,1.26,222.89,476.00,0.8447,-1,-1,-1
59,14,-0.32,83.87,32.68,165.36,0.4017,-1,-1,-1
59,21,176.93,21.36,76.36,336.17,0.7051,-1,-1,-1
60,1,303.38,0.08,280.96,477.35,0.9006,-1,-1,-1
60,2,4.75,0.52,224.83,476.92,0.8185,-1,-1,-1
60,21,175.33,14.00,78.50,399.19,0.5711,-1,-1,-1
60,26,0.12,79.64,30.03,219.34,0.3765,-1,-1,-1
61,1,307.55,-0.07,284.32,479.10,0.8971,-1,-1,-1
61,2,2.04,1.34,225.88,475.36,0.8556,-1,-1,-1
61,21,175.03,17.39,79.05,404.13,0.6077,-1,-1,-1
61,26,-0.92,79.30,28.93,216.10,0.3827,-1,-1,-1
62,1,312.16,0.05,286.09,474.30,0.8307,-1,-1,-1
62,2,1.55,1.15,225.26,475.73,0.8611,-1,-1,-1
62,21,177.63,16.35,78.74,415.11,0.7277,-1,-1,-1
62,26,-2.90,77.64,31.15,225.63,0.4517,-1,-1,-1
63,1,313.14,0.02,286.18,479.83,0.8857,-1,-1,-1
63,2,0.44,1.41,225.61,475.78,0.7896,-1,-1,-1
63,21,176.83,15.54,80.75,419.79,0.7196,-1,-1,-1
63,26,-5.86,72.13,35.78,330.54,0.3731,-1,-1,-1
64,1,317.48,-0.03,286.53,480.03,0.8757,-1,-1,-1
64,2,0.67,2.17,227.98,476.18,0.8099,-1,-1,-1
64,14,-2.85,78.77,27.35,171.90,0.3066,-1,-1,-1
64,21,175.96,17.01,83.77,414.79,0.5741,-1,-1,-1
64,26,-4.54,71.50,33.94,371.95,0.3595,-1,-1,-1
65,1,317.04,-0.05,288.12,480.02,0.8766,-1,-1,-1
65,2,-1.03,1.72,236.08,474.68,0.7657,-1,-1,-1
65,21,176.38,21.81,85.53,360.03,0.5247,-1,-1,-1
65,26,-5.57,75.07,35.01,360.66,0.3505,-1,-1,-1
65,29,501.67,192.99,26.22,76.48,0.6443,-1,-1,-1
66,1,312.50,0.20,293.51,479.78,0.8839,-1,-1,-1
66,2,0.45,1.48,230.67,472.89,0.8418,-1,-1,-1
66,14,-2.33,78.49,22.85,134.01,0.3763,-1,-1,-1
66,21,176.86,16.37,86.25,332.74,0.6341,-1,-1,-1
66,26,-6.00,74.35,33.68,375.12,0.3673,-1,-1,-1
66,29,502.25,192.06,26.48,76.76,0.6824,-1,-1,-1
67,1,310.64,-0.00,300.08,479.82,0.8852,-1,-1,-1
67,2,1.11,1.12,226.16,476.70,0.8087,-1,-1,-1
67,21,180.14,9.45,82.84,410.76,0.7479,-1,-1,-1
67,26,-4.74,75.23,32.10,380.86,0.5338,-1,-1,-1
67,29,503.60,192.61,24.56,76.43,0.6490,-1,-1,-1
68,1,316.67,0.49,294.82,479.52,0.8942,-1,-1,-1
68,2,0.48,2.75,225.60,474.81,0.7487,-1,-1,-1
68,21,179.31,9.57,84.78,431.66,0.6779,-1,-1,-1
68,26,-4.87,78.15,33.07,349.17,0.3680,-1,-1,-1
68,29,505.92,192.81,23.10,76.83,0.6037,-1,-1,-1
69,1,317.90,0.64,292.42,479.36,0.8915,-1,-1,-1
69,2,-0.15,2.83,225.27,475.42,0.7380,-1,-1,-1
69,12,293.90,176.04,28.67,86.46,0.5637,-1,-1,-1
69,14,-1.71,77.64,22.34,129.68,0.3680,-1,-1,-1
69,20,576.60,198.04,22.59,50.91,0.3169,-1,-1,-1
69,21,178.90,10.25,85.77,435.41,0.6036,-1,-1,-1
69,26,-5.75,74.52,34.14,360.55,0.3943,-1,-1,-1
69,29,505.83,193.47,22.16,75.53,0.6365,-1,-1,-1
70,1,317.60,0.54,292.55,479.48,0.8924,-1,-1,-1
70,2,0.06,1.34,223.12,478.51,0.8235,-1,-1,-1
70,4,577.29,194.19,23.98,53.04,0.3070,-1,-1,-1
70,12,295.43,176.82,26.74,85.35,0.5253,-1,-1,-1
70,14,-1.46,77.52,22.56,128.23,0.3834,-1,-1,-1
70,21,183.01,9.77,83.77,424.51,0.8348,-1,-1,-1
70,26,-5.81,74.94,34.61,358.74,0.4031,-1,-1,-1
70,29,506.32,193.10,22.86,75.93,0.6172,-1,-1,-1
71,1,317.53,0.02,291.07,480.01,0.8761,-1,-1,-1
71,2,0.02,1.37,222.45,478.65,0.8286,-1,-1,-1
71,12,292.89,176.65,28.64,84.73,0.5884,-1,-1,-1
71,14,-1.22,78.00,22.55,126.05,0.4387,-1,-1,-1
71,21,183.87,8.57,84.62,425.32,0.8365,-1,-1,-1
71,26,-5.17,73.98,33.89,367.86,0.3847,-1,-1,-1
71,29,506.51,193.24,22.55,74.84,0.5617,-1,-1,-1
72,1,315.74,0.49,294.34,479.53,0.8827,-1,-1,-1
72,2,-0.02,1.30,223.07,478.75,0.8600,-1,-1,-1
72,12,290.39,176.76,31.78,85.13,0.6204,-1,-1,-1
72,14,-0.92,78.26,22.76,126.27,0.4064,-1,-1,-1
72,20,586.41,196.44,22.68,50.77,0.5855,-1,-1,-1
72,21,184.59,8.12,85.08,426.02,0.8375,-1,-1,-1
72,26,-3.86,75.33,33.23,369.92,0.4914,-1,-1,-1
72,29,506.71,192.87,22.63,76.16,0.5834,-1,-1,-1
73,1,313.21,0.42,297.57,479.59,0.8920,-1,-1,-1
73,2,-0.09,1.36,223.15,478.66,0.8543,-1,-1,-1
73,12,289.81,177.12,30.94,82.74,0.6042,-1,-1,-1
73,14,-0.91,78.10,22.43,127.76,0.4076,-1,-1,-1
73,20,586.26,196.23,23.18,51.99,0.5500,-1,-1,-1
73,21,184.81,10.72,87.65,423.01,0.8394,-1,-1,-1
73,26,-4.09,75.16,34.06,364.35,0.3447,-1,-1,-1
73,29,505.60,192.26,23.04,77.86,0.5062,-1,-1,-1
74,1,312.74,0.04,294.97,479.98,0.8500,-1,-1,-1
74,2,-0.08,1.37,223.38,477.62,0.8477,-1,-1,-1
74,12,290.18,177.04,30.33,82.30,0.5464,-1,-1,-1
74,14,-1.21,78.16,22.61,126.12,0.4138,-1,-1,-1
74,21,185.16,9.40,88.93,423.60,0.8486,-1,-1,-1
74,26,-4.03,74.56,34.06,356.23,0.3463,-1,-1,-1
74,29,505.13,193.18,22.71,75.96,0.5653,-1,-1,-1
75,1,306.83,0.53,295.07,479.45,0.8711,-1,-1,-1
75,2,0.79,0.89,222.12,478.28,0.8279,-1,-1,-1
75,12,290.13,177.34,31.25,82.02,0.6049,-1,-1,-1
75,14,-1.27,77.60,22.89,125.34,0.3664,-1,-1,-1
75,21,186.82,9.91,88.80,422.49,0.8458,-1,-1,-1
76,1,305.40,-0.01,297.45,478.60,0.8883,-1,-1,-1
76,2,0.97,0.86,221.89,478.11,0.8184,-1,-1,-1
76,12,290.36,176.90,30.26,81.47,0.6551,-1,-1,-1
76,14,-1.45,78.22,22.55,127.72,0.3271,-1,-1,-1
76,21,186.99,10.22,89.30,422.64,0.8553,-1,-1,-1
77,1,303.74,-0.02,295.24,477.41,0.8744,-1,-1,-1
77,2,1.20,0.93,222.33,476.75,0.8269,-1,-1,-1
77,12,289.87,176.72,32.22,81.35,0.6553,-1,-1,-1
77,14,-1.81,78.61,23.00,119.48,0.3556,-1,-1,-1
77,21,187.49,9.94,89.08,421.63,0.8452,-1,-1,-1
78,1,301.74,-0.00,297.52,476.73,0.8931,-1,-1,-1
78,2,0.93,1.14,223.16,478.76,0.8335,-1,-1,-1
78,12,289.39,177.27,30.96,80.98,0.4946,-1,-1,-1
78,14,-1.70,78.83,22.86,112.61,0.4589,-1,-1,-1
78,21,189.06,9.24,86.49,422.07,0.8443,-1,-1,-1
79,1,305.55,-0.08,287.86,479.95,0.8717,-1,-1,-1
79,2,1.14,0.76,222.88,478.17,0.8325,-1,-1,-1
79,12,288.65,177.80,33.35,80.55,0.4671,-1,-1,-1
79,14,-2.05,79.36,22.66,122.26,0.3723,-1,-1,-1
79,21,188.70,10.22,84.93,422.28,0.8373,-1,-1,-1
80,1,314.89,-0.01,272.26,480.00,0.8759,-1,-1,-1
80,2,0.67,1.28,224.23,478.68,0.8516,-1,-1,-1
80,14,-2.60,79.58,23.17,118.95,0.3803,-1,-1,-1
80,21,188.64,11.20,85.03,423.17,0.8294,-1,-1,-1
80,26,-4.32,76.30,32.31,352.52,0.3045,-1,-1,-1
81,1,312.85,-0.03,276.05,480.00,0.8798,-1,-1,-1
81,2,0.58,1.32,226.92,478.33,0.8432,-1,-1,-1
81,14,-2.46,79.52,23.77,118.77,0.3807,-1,-1,-1
81,21,188.99,11.51,84.15,418.19,0.7937,-1,-1,-1
81,26,-3.23,75.51,32.71,368.69,0.4099,-1,-1,-1
82,1,318.50,0.01,268.02,480.00,0.8624,-1,-1,-1
82,2,0.21,1.43,230.95,476.44,0.8403,-1,-1,-1
82,14,-2.03,79.61,23.10,115.31,0.4136,-1,-1,-1
82,21,189.00,12.27,83.99,418.80,0.7392,-1,-1,-1
82,26,-3.05,76.21,33.23,360.61,0.3528,-1,-1,-1
83,1,308.99,0.11,278.10,475.65,0.8782,-1,-1,-1
83,2,1.26,1.48,225.19,477.73,0.8173,-1,-1,-1
83,14,-1.50,79.28,22.61,118.95,0.4516,-1,-1,-1
83,21,187.75,13.40,83.99,423.39,0.8172,-1,-1,-1
83,26,-2.55,73.83,32.96,375.87,0.3457,-1,-1,-1
84,1,307.30,-0.05,274.97,479.46,0.9028,-1,-1,-1
84,2,0.21,1.59,224.69,476.30,0.7691,-1,-1,-1
84,14,-1.84,79.16,21.20,122.46,0.4579,-1,-1,-1
84,21,183.52,12.01,86.54,426.71,0.7983,-1,-1,-1
85,1,308.44,0.08,279.58,478.31,0.8923,-1,-1,-1
85,2,-1.12,1.71,231.38,474.84,0.7584,-1,-1,-1
85,14,-2.44,79.11,21.90,124.25,0.3620,-1,-1,-1
85,20,614.15,192.98,25.65,56.50,0.5777,-1,-1,-1
85,21,182.06,14.94,84.17,423.05,0.7471,-1,-1,-1
86,1,307.72,0.16,279.92,476.19,0.8679,-1,-1,-1
86,2,0.23,1.76,228.95,476.30,0.7405,-1,-1,-1
86,14,-3.02,79.86,22.31,125.71,0.3754,-1,-1,-1
86,20,615.90,193.47,23.92,56.67,0.4649,-1,-1,-1
86,21,178.10,17.26,84.86,422.50,0.7507,-1,-1,-1
86,26,-4.98,73.99,33.52,371.89,0.3084,-1,-1,-1
87,1,310.76,0.01,276.50,479.87,0.8880,-1,-1,-1
87,2,-1.04,1.78,232.78,475.15,0.7021,-1,-1,-1
87,14,-3.31,79.83,21.29,123.21,0.3263,-1,-1,-1
87,20,615.16,193.25,24.66,56.20,0.4894,-1,-1,-1
87,21,174.18,18.14,85.23,410.63,0.6689,-1,-1,-1
87,26,-4.45,74.83,32.78,367.49,0.4767,-1,-1,-1
87,29,503.71,193.11,23.71,75.82,0.6588,-1,-1,-1
88,1,306.68,0.92,280.98,479.09,0.8988,-1,-1,-1
88,2,0.79,1.86,226.37,475.88,0.8129,-1,-1,-1
88,14,-2.80,80.81,21.97,123.39,0.4351,-1,-1,-1
88,21,174.37,21.87,82.13,410.51,0.7451,-1,-1,-1
88,26,-3.65,73.55,33.14,379.55,0.3262,-1,-1,-1
88,29,505.39,193.20,23.20,77.14,0.5258,-1,-1,-1
89,1,312.21,0.48,275.46,479.52,0.8955,-1,-1,-1
89,2,0.40,1.73,226.26,476.74,0.8042,-1,-1,-1
89,14,-2.42,81.09,21.95,123.48,0.3758,-1,-1,-1
89,21,171.88,23.50,84.16,404.67,0.7138,-1,-1,-1
89,26,-2.87,76.87,32.58,352.23,0.3430,-1,-1,-1
89,29,506.11,192.69,21.89,77.10,0.5054,-1,-1,-1
90,1,308.48,0.67,279.41,479.33,0.8977,-1,-1,-1
90,2,0.46,1.52,223.33,477.49,0.7954,-1,-1,-1
90,21,168.80,23.72,87.71,402.65,0.7513,-1,-1,-1
90,26,-2.45,77.17,32.03,366.52,0.4337,-1,-1,-1
90,29,506.04,192.93,21.00,77.09,0.4277,-1,-1,-1
91,1,308.59,0.94,280.50,479.05,0.8943,-1,-1,-1
91,2,0.32,1.42,222.70,477.41,0.7909,-1,-1,-1
91,14,-2.38,83.60,21.86,129.65,0.4233,-1,-1,-1
91,21,167.48,23.80,90.26,402.73,0.7204,-1,-1,-1
91,26,-1.86,78.06,31.93,377.01,0.4672,-1,-1,-1
91,29,505.41,192.15,21.13,76.59,0.3014,-1,-1,-1
92,1,304.81,0.56,283.51,478.88,0.9045,-1,-1,-1
92,2,-1.59,1.64,233.79,475.81,0.7655,-1,-1,-1
92,21,166.58,24.53,93.92,400.09,0.6925,-1,-1,-1
92,26,-1.88,80.80,32.81,363.28,0.4237,-1,-1,-1
92,29,506.77,192.84,20.60,76.79,0.3287,-1,-1,-1
93,1,306.07,0.37,279.09,478.75,0.8917,-1,-1,-1
93,2,0.87,1.45,223.05,474.83,0.8433,-1,-1,-1
93,14,-1.91,84.68,21.66,126.54,0.3357,-1,-1,-1
93,21,166.95,23.31,104.51,409.83,0.7883,-1,-1,-1
93,26,-1.67,80.11,33.01,360.15,0.3017,-1,-1,-1
93,34,552.28,171.20,70.49,92.36,0.4666,-1,-1,-1
93,35,299.26,180.79,25.73,77.30,0.4503,-1,-1,-1
94,1,306.65,-0.01,278.04,479.94,0.9028,-1,-1,-1
94,2,0.26,1.48,223.66,475.08,0.8469,-1,-1,-1
94,21,168.11,23.62,105.61,410.07,0.7889,-1,-1,-1
94,26,-1.06,79.20,32.86,365.50,0.3167,-1,-1,-1
94,35,299.73,179.06,25.75,79.05,0.4521,-1,-1,-1
94,36,266.74,190.80,17.61,57.65,0.4865,-1,-1,-1
95,1,307.61,0.02,276.29,477.38,0.9010,-1,-1,-1
95,2,0.57,1.46,222.95,475.14,0.8603,-1,-1,-1
95,21,171.01,21.63,103.58,413.08,0.7886,-1,-1,-1
95,26,-0.50,78.56,33.77,371.01,0.4191,-1,-1,-1
95,35,301.35,178.78,23.77,81.11,0.5122,-1,-1,-1
95,36,266.44,193.26,15.90,55.40,0.5569,-1,-1,-1
96,1,307.10,-0.04,275.78,479.98,0.8999,-1,-1,-1
96,2,0.35,1.63,222.65,474.35,0.8357,-1,-1,-1
96,12,282.18,179.87,28.37,77.85,0.3064,-1,-1,-1
96,21,172.96,21.72,100.91,411.15,0.7914,-1,-1,-1
96,26,-0.96,82.40,34.43,364.89,0.4157,-1,-1,-1
96,35,301.81,177.69,22.51,81.03,0.5020,-1,-1,-1
96,36,265.52,191.97,16.70,56.72,0.5346,-1,-1,-1
97,1,307.53,0.10,276.18,476.90,0.9031,-1,-1,-1
97,2,0.47,1.50,222.44,472.14,0.8640,-1,-1,-1
97,12,282.84,179.87,25.07,78.29,0.3714,-1,-1,-1
97,21,176.09,20.51,97.12,412.46,0.8179,-1,-1,-1
97,26,-0.66,86.54,33.85,321.85,0.3742,-1,-1,-1
97,29,504.91,192.43,23.53,81.00,0.3291,-1,-1,-1
97,35,301.78,178.92,23.21,81.01,0.5721,-1,-1,-1
97,36,262.29,192.05,16.82,58.57,0.5794,-1,-1,-1
98,1,308.90,-0.01,275.16,478.12,0.9064,-1,-1,-1
98,2,0.66,1.21,222.62,473.00,0.8745,-1,-1,-1
98,21,182.71,20.05,91.02,412.58,0.8351,-1,-1,-1
98,26,0.55,82.39,32.81,344.86,0.5054,-1,-1,-1
98,29,506.54,192.28,21.66,77.24,0.5041,-1,-1,-1
98,35,302.11,178.00,22.83,82.81,0.5933,-1,-1,-1
99,1,309.24,0.01,274.89,478.11,0.9089,-1,-1,-1
99,2,0.64,1.02,222.48,474.63,0.8855,-1,-1,-1
99,12,279.66,179.68,26.21,79.27,0.3549,-1,-1,-1
99,21,185.52,20.87,90.31,411.25,0.8484,-1,-1,-1
99,26,-0.15,77.90,34.95,367.82,0.4600,-1,-1,-1
99,29,506.85,192.31,21.97,76.87,0.3765,-1,-1,-1
99,35,300.87,177.55,24.31,80.84,0.5364,-1,-1,-1
100,1,309.85,0.01,273.61,477.47,0.9027,-1,-1,-1
100,2,0.64,0.99,221.46,475.51,0.8820,-1,-1,-1
100,12,279.36,178.33,26.34,80.38,0.5712,-1,-1,-1
100,21,187.66,18.16,89.81,413.73,0.8406,-1,-1,-1
100,26,-0.09,82.23,34.80,342.80,0.4245,-1,-1,-1
100,29,505.78,192.48,22.10,75.87,0.5333,-1,-1,-1
100,35,300.75,178.37,25.65,79.88,0.5874,-1,-1,-1
101,1,310.25,-0.02,274.23,479.98,0.9086,-1,-1,-1
101,2,0.64,0.91,221.70,475.19,0.8767,-1,-1,-1
101,12,279.42,178.94,26.42,79.80,0.4007,-1,-1,-1
101,20,557.11,201.64,17.27,42.94,0.3069,-1,-1,-1
101,21,189.86,16.99,92.09,413.66,0.8511,-1,-1,-1
101,26,0.95,80.94,33.78,355.52,0.4260,-1,-1,-1
101,29,507.24,192.74,21.69,76.17,0.3761,-1,-1,-1
101,35,300.71,178.11,24.00,81.49,0.4528,-1,-1,-1
102,1,312.38,0.08,271.48,477.98,0.9022,-1,-1,-1
102,2,0.49,0.83,221.78,475.65,0.8734,-1,-1,-1
102,21,189.60,15.88,94.36,413.01,0.8479,-1,-1,-1
102,26,0.97,81.86,33.93,347.96,0.4412,-1,-1,-1
103,1,313.57,-0.01,271.69,479.99,0.9122,-1,-1,-1
103,2,0.42,1.01,221.83,476.55,0.8702,-1,-1,-1
103,20,540.86,202.52,12.06,37.37,0.4241,-1,-1,-1
103,21,191.11,17.16,93.34,414.74,0.8402,-1,-1,-1
103,26,1.28,83.29,33.89,325.75,0.3833,-1,-1,-1
103,29,508.59,192.95,18.34,75.39,0.3142,-1,-1,-1
104,1,314.40,0.00,274.29,480.00,0.9108,-1,-1,-1
104,2,0.19,0.86,222.68,476.85,0.8893,-1,-1,-1
104,20,541.03,202.56,11.07,36.37,0.3313,-1,-1,-1
104,21,192.21,17.76,89.79,414.82,0.8419,-1,-1,-1
104,26,1.55,80.26,33.83,338.29,0.3355,-1,-1,-1
104,29,507.68,193.14,19.69,75.02,0.3212,-1,-1,-1
105,1,314.07,0.00,274.92,480.00,0.9087,-1,-1,-1
105,2,0.06,0.63,223.01,476.62,0.8627,-1,-1,-1
105,14,0.76,84.06,24.33,119.85,0.3026,-1,-1,-1
105,20,540.99,203.82,12.05,35.58,0.4041,-1,-1,-1
105,21,191.80,17.23,89.00,410.21,0.8375,-1,-1,-1
105,26,2.12,82.24,31.81,350.71,0.3764,-1,-1,-1
106,1,314.04,0.01,276.75,479.10,0.9044,-1,-1,-1
106,2,0.17,0.43,223.39,477.81,0.8800,-1,-1,-1
106,12,279.26,178.82,25.48,81.40,0.5835,-1,-1,-1
106,20,540.73,203.97,12.25,35.79,0.4060,-1,-1,-1
106,21,192.45,16.47,85.94,415.08,0.8269,-1,-1,-1
106,26,1.69,81.99,32.68,360.45,0.4081,-1,-1,-1
106,35,300.87,178.72,23.94,82.21,0.6317,-1,-1,-1
107,1,313.50,0.35,279.87,478.53,0.8953,-1,-1,-1
107,2,0.04,0.29,224.81,478.17,0.8803,-1,-1,-1
107,12,279.73,179.38,25.62,79.49,0.5654,-1,-1,-1
107,20,541.48,204.34,11.73,35.42,0.3816,-1,-1,-1
107,21,192.28,16.81,86.22,414.80,0.8186,-1,-1,-1
107,26,1.84,82.40,31.81,362.48,0.3576,-1,-1,-1
107,35,301.00,178.49,24.42,82.14,0.5889,-1,-1,-1
108,1,312.01,0.02,284.58,477.08,0.8996,-1,-1,-1
108,2,-0.17,0.11,225.65,477.52,0.8742,-1,-1,-1
108,12,279.46,180.97,24.94,77.59,0.5106,-1,-1,-1
108,20,541.16,202.21,12.02,37.60,0.4677,-1,-1,-1
108,21,191.66,16.16,86.22,415.44,0.8234,-1,-1,-1
108,29,511.10,196.38,16.30,72.07,0.3205,-1,-1,-1
108,35,301.16,178.75,24.25,81.26,0.6020,-1,-1,-1
109,1,312.59,0.02,285.06,475.20,0.8313,-1,-1,-1
109,2,-0.04,-0.02,224.38,478.86,0.8857,-1,-1,-1
109,12,279.20,180.50,25.95,78.13,0.5028,-1,-1,-1
109,21,189.32,16.92,88.53,413.60,0.8310,-1,-1,-1
109,35,301.21,178.35,23.85,82.29,0.5538,-1,-1,-1
110,1,312.62,-0.30,288.35,477.95,0.7599,-1,-1,-1
110,2,-0.02,0.16,223.30,478.30,0.9072,-1,-1,-1
110,21,187.92,16.93,91.45,413.69,0.8395,-1,-1,-1
110,35,300.63,178.16,24.65,82.25,0.4505,-1,-1,-1
111,1,310.86,0.05,291.23,476.92,0.7984,-1,-1,-1
111,2,-0.01,0.10,222.62,479.16,0.8961,-1,-1,-1
111,21,187.82,17.29,93.00,414.27,0.8444,-1,-1,-1
112,1,330.22,-0.04,273.59,479.58,0.7949,-1,-1,-1
112,2,-0.09,0.13,222.80,479.27,0.9072,-1,-1,-1
112,21,187.62,16.94,96.02,416.01,0.8493,-1,-1,-1
112,35,298.24,177.46,27.14,83.27,0.3507,-1,-1,-1
113,1,311.31,0.20,285.10,479.42,0.8647,-1,-1,-1
113,2,-0.03,0.12,222.70,478.80,0.9028,-1,-1,-1
113,21,187.84,18.06,94.16,416.82,0.8531,-1,-1,-1
114,1,308.74,0.01,288.91,479.33,0.8970,-1,-1,-1
114,2,0.07,0.01,222.10,478.48,0.8955,-1,-1,-1
114,21,187.43,19.62,94.83,413.13,0.8538,-1,-1,-1
115,1,308.87,0.04,284.17,477.33,0.8815,-1,-1,-1
115,2,-0.04,0.03,222.32,479.04,0.8898,-1,-1,-1
115,21,188.35,20.17,94.80,415.35,0.8666,-1,-1,-1
116,1,305.49,-0.05,286.42,479.66,0.8949,-1,-1,-1
116,2,0.10,-0.03,221.54,478.50,0.8794,-1,-1,-1
116,21,191.52,20.54,92.90,415.75,0.8595,-1,-1,-1
117,1,305.57,-0.03,282.77,479.01,0.8835,-1,-1,-1
117,2,-0.34,0.10,223.02,478.02,0.8703,-1,-1,-1
117,21,192.33,20.16,95.16,416.94,0.8547,-1,-1,-1
118,1,303.84,0.00,278.23,478.07,0.8898,-1,-1,-1
118,2,-0.30,0.33,224.64,478.73,0.8679,-1,-1,-1
118,20,562.43,200.36,14.49,40.96,0.3045,-1,-1,-1
118,21,193.60,19.95,93.30,417.94,0.8588,-1,-1,-1
119,1,302.70,-0.01,279.53,479.99,0.9113,-1,-1,-1
119,2,-0.18,0.47,228.79,479.50,0.8854,-1,-1,-1
119,14,-0.40,80.19,22.99,105.53,0.3717,-1,-1,-1
119,21,197.28,19.94,91.60,413.32,0.8164,-1,-1,-1
119,26,-2.27,79.99,30.40,342.35,0.4008,-1,-1,-1
119,29,498.83,193.29,29.85,78.24,0.6998,-1,-1,-1
120,1,301.86,0.00,280.49,480.00,0.9103,-1,-1,-1
120,2,0.01,0.62,231.77,479.36,0.8727,-1,-1,-1
120,14,0.24,79.48,23.19,110.98,0.3264,-1,-1,-1
120,21,200.84,21.24,87.51,410.91,0.8094,-1,-1,-1
120,29,498.77,193.14,29.55,78.97,0.7203,-1,-1,-1
121,1,303.03,0.54,280.77,479.45,0.8873,-1,-1,-1
121,2,0.12,0.47,236.48,479.55,0.8772,-1,-1,-1
121,21,200.05,21.06,88.53,415.60,0.8196,-1,-1,-1
121,29,498.71,192.78,30.06,79.60,0.6617,-1,-1,-1
122,1,306.85,0.28,281.80,477.58,0.8887,-1,-1,-1
122,2,0.82,0.23,240.00,479.80,0.8574,-1,-1,-1
122,21,202.53,21.91,82.93,417.69,0.8232,-1,-1,-1
122,26,-0.70,74.34,35.02,396.80,0.3786,-1,-1,-1
122,29,499.03,194.02,29.46,78.00,0.6640,-1,-1,-1
123,1,302.01,0.87,282.42,479.06,0.8961,-1,-1,-1
123,2,0.86,1.22,243.60,478.75,0.8722,-1,-1,-1
123,21,201.91,21.28,84.45,414.50,0.8338,-1,-1,-1
123,26,-0.64,75.31,38.35,402.81,0.5531,-1,-1,-1
123,29,499.25,194.15,30.45,77.81,0.6804,-1,-1,-1
124,1,304.63,0.19,279.09,479.31,0.9043,-1,-1,-1
124,2,0.93,0.91,246.23,478.14,0.8645,-1,-1,-1
124,12,295.37,177.86,30.83,80.93,0.3166,-1,-1,-1
124,20,560.31,200.93,16.60,39.46,0.4120,-1,-1,-1
124,21,202.96,22.60,82.35,407.89,0.8398,-1,-1,-1
124,26,0.05,75.81,38.88,402.48,0.5479,-1,-1,-1
124,29,499.75,194.23,29.72,77.77,0.6531,-1,-1,-1
125,1,305.20,0.64,277.08,478.87,0.9025,-1,-1,-1
125,2,0.77,0.83,248.57,478.02,0.8533,-1,-1,-1
125,12,297.39,178.37,27.51,79.52,0.3564,-1,-1,-1
125,20,535.05,197.87,16.29,43.41,0.3234,-1,-1,-1
125,21,203.10,22.81,81.45,405.61,0.8189,-1,-1,-1
125,26,-0.32,76.67,42.03,403.76,0.5959,-1,-1,-1
125,29,500.73,193.64,28.53,77.66,0.6406,-1,-1,-1
126,1,305.64,0.55,275.70,479.14,0.8998,-1,-1,-1
126,2,-0.04,1.36,251.84,465.17,0.7892,-1,-1,-1
126,12,286.98,179.92,26.18,78.58,0.3457,-1,-1,-1
126,20,561.07,201.98,16.65,38.29,0.4963,-1,-1,-1
126,21,203.81,22.54,80.29,406.19,0.7895,-1,-1,-1
126,26,-0.30,77.05,43.12,402.17,0.4500,-1,-1,-1
126,29,501.10,194.06,27.78,77.83,0.6269,-1,-1,-1
127,1,306.89,0.38,276.16,479.36,0.8968,-1,-1,-1
127,2,1.29,0.78,249.24,475.25,0.8428,-1,-1,-1
127,20,562.60,203.08,15.15,37.15,0.5211,-1,-1,-1
127,21,205.50,22.71,78.57,406.29,0.8087,-1,-1,-1
127,26,-0.56,77.98,45.59,402.89,0.4094,-1,-1,-1
127,29,502.72,193.05,26.79,77.72,0.5878,-1,-1,-1
128,1,306.16,0.59,276.93,478.87,0.9036,-1,-1,-1
128,2,0.21,0.79,253.90,473.41,0.8329,-1,-1,-1
128,12,294.45,178.35,30.84,79.65,0.3225,-1,-1,-1
128,20,562.08,203.46,15.95,37.50,0.4789,-1,-1,-1
128,21,205.00,22.66,79.61,406.92,0.7369,-1,-1,-1
128,26,-0.79,77.65,47.30,403.04,0.5861,-1,-1,-1
128,29,502.93,194.03,26.33,76.69,0.6020,-1,-1,-1
128,41,534.13,202.97,14.06,40.19,0.3203,-1,-1,-1
129,1,307.25,0.25,274.94,478.64,0.8964,-1,-1,-1
129,2,0.65,0.86,253.22,473.94,0.8553,-1,-1,-1
129,12,287.34,186.52,22.42,72.50,0.3244,-1,-1,-1
129,20,561.20,203.96,16.43,37.08,0.4410,-1,-1,-1
129,21,204.85,22.91,79.52,407.56,0.7420,-1,-1,-1
129,26,-0.65,79.89,47.80,400.58,0.6338,-1,-1,-1
129,29,502.98,194.04,26.33,77.04,0.5890,-1,-1,-1
130,1,306.31,0.29,276.48,478.91,0.9090,-1,-1,-1
130,2,2.52,0.88,248.12,472.72,0.8327,-1,-1,-1
130,12,288.83,189.54,20.63,68.84,0.3439,-1,-1,-1
130,20,561.29,203.04,16.26,37.91,0.4589,-1,-1,-1
130,21,204.89,23.87,79.29,407.06,0.7662,-1,-1,-1
130,26,-0.59,80.45,48.89,399.89,0.6942,-1,-1,-1
130,29,504.10,193.57,26.38,76.96,0.6022,-1,-1,-1
131,1,306.15,0.50,275.59,478.75,0.8997,-1,-1,-1
131,2,11.51,1.00,236.42,470.38,0.8096,-1,-1,-1
131,12,288.47,191.22,20.61,66.99,0.3437,-1,-1,-1
131,20,559.83,203.40,17.51,36.98,0.4561,-1,-1,-1
131,21,203.96,23.29,80.51,404.61,0.7974,-1,-1,-1
131,26,-2.74,91.68,53.22,272.93,0.3753,-1,-1,-1
131,29,501.91,193.61,27.91,77.67,0.6511,-1,-1,-1
131,41,530.22,198.91,17.39,46.12,0.3021,-1,-1,-1
132,1,306.77,0.10,273.19,479.25,0.8961,-1,-1,-1
132,2,11.47,0.67,235.81,471.57,0.7880,-1,-1,-1
132,12,282.33,189.70,20.98,67.29,0.3154,-1,-1,-1
132,21,201.73,22.85,82.13,405.89,0.8254,-1,-1,-1
132,29,502.19,192.66,27.45,77.80,0.6410,-1,-1,-1
132,35,295.84,177.68,26.99,81.24,0.5026,-1,-1,-1
133,1,306.17,0.04,273.23,476.35,0.8985,-1,-1,-1
133,2,9.22,0.46,236.70,475.25,0.8360,-1,-1,-1
133,12,280.08,187.62,22.00,67.99,0.3829,-1,-1,-1
133,21,200.91,22.60,82.97,406.91,0.8321,-1,-1,-1
133,26,2.89,84.10,39.66,225.95,0.3324,-1,-1,-1
133,29,501.97,192.93,28.06,78.46,0.5934,-1,-1,-1
133,35,294.62,177.89,29.76,80.89,0.5434,-1,-1,-1
134,1,305.31,0.28,270.75,476.34,0.9034,-1,-1,-1
134,2,9.95,0.70,234.06,477.56,0.8550,-1,-1,-1
134,12,280.02,187.97,20.63,66.46,0.3152,-1,-1,-1
134,20,557.86,200.36,19.35,40.12,0.4410,-1,-1,-1
134,21,201.28,22.66,81.22,411.50,0.8371,-1,-1,-1
134,26,-0.16,78.63,45.92,373.45,0.4216,-1,-1,-1
134,29,500.98,192.67,29.03,79.32,0.6285,-1,-1,-1
134,35,295.08,178.39,29.89,80.28,0.5868,-1,-1,-1
135,1,306.47,-0.04,269.64,479.96,0.8891,-1,-1,-1
135,2,7.64,0.86,234.46,477.93,0.8785,-1,-1,-1
135,20,537.39,193.92,18.42,52.90,0.5086,-1,-1,-1
135,21,202.09,22.78,80.90,412.41,0.8360,-1,-1,-1
135,26,0.32,77.85,44.27,394.75,0.4010,-1,-1,-1
135,29,500.67,192.91,28.00,78.82,0.6259,-1,-1,-1
135,35,295.08,177.58,29.85,81.55,0.5319,-1,-1,-1
136,1,305.72,0.09,269.55,479.91,0.8891,-1,-1,-1
136,2,6.23,0.94,231.06,477.36,0.8581,-1,-1,-1
136,20,535.07,191.27,20.66,57.30,0.3690,-1,-1,-1
136,21,199.85,23.81,83.23,410.19,0.8288,-1,-1,-1
136,26,-0.11,77.55,44.19,397.29,0.4053,-1,-1,-1
136,29,500.34,192.57,28.69,79.44,0.6364,-1,-1,-1
136,35,297.20,178.35,27.11,80.80,0.4172,-1,-1,-1
137,1,305.75,0.01,269.58,480.00,0.8920,-1,-1,-1
137,2,6.83,0.78,225.04,478.21,0.8566,-1,-1,-1
137,20,534.18,190.99,22.11,58.17,0.4986,-1,-1,-1
137,21,194.79,23.01,89.03,409.20,0.8276,-1,-1,-1
137,26,0.56,79.23,42.00,394.35,0.4105,-1,-1,-1
137,29,500.68,193.23,28.55,78.72,0.6001,-1,-1,-1
137,35,297.71,178.05,26.80,80.75,0.5052,-1,-1,-1
138,1,304.15,-0.00,272.05,479.93,0.9059,-1,-1,-1
138,2,5.62,0.40,222.01,479.58,0.8711,-1,-1,-1
138,20,533.15,189.89,24.32,58.49,0.4706,-1,-1,-1
138,21,191.66,23.29,92.07,412.15,0.8408,-1,-1,-1
138,29,501.94,192.89,27.83,78.85,0.5734,-1,-1,-1
138,35,292.77,178.48,33.82,80.93,0.6002,-1,-1,-1
139,1,304.95,-0.00,272.70,480.00,0.9105,-1,-1,-1
139,2,3.84,0.40,222.78,479.61,0.8713,-1,-1,-1
139,20,555.39,199.41,19.23,44.59,0.3997,-1,-1,-1
139,21,190.34,22.50,93.55,410.18,0.8469,-1,-1,-1
139,29,502.00,193.57,27.66,78.01,0.5509,-1,-1,-1
139,35,291.55,178.16,35.07,81.18,0.6246,-1,-1,-1
140,1,305.41,0.63,274.25,478.94,0.9103,-1,-1,-1
140,2,2.53,0.67,220.32,478.98,0.8797,-1,-1,-1
140,20,556.09,202.79,17.09,39.70,0.3277,-1,-1,-1
140,21,189.25,22.32,95.13,410.36,0.8525,-1,-1,-1
140,29,502.73,192.76,27.91,78.46,0.5436,-1,-1,-1
140,35,292.92,177.10,32.00,82.12,0.6005,-1,-1,-1
141,1,304.13,0.07,276.68,474.59,0.8997,-1,-1,-1
141,2,1.92,0.80,217.71,478.49,0.8872,-1,-1,-1
141,20,554.69,203.87,15.83,38.28,0.3268,-1,-1,-1
141,21,187.54,20.98,97.07,412.33,0.8562,-1,-1,-1
141,29,502.18,192.88,27.37,78.26,0.5853,-1,-1,-1
141,35,293.03,178.29,32.21,80.48,0.4768,-1,-1,-1
142,1,304.14,0.27,277.40,479.27,0.9093,-1,-1,-1
142,2,1.48,0.97,215.82,479.02,0.8836,-1,-1,-1
142,20,555.94,203.41,17.87,38.94,0.3902,-1,-1,-1
142,21,187.46,20.64,97.00,413.61,0.8585,-1,-1,-1
142,29,502.67,192.29,27.03,78.91,0.5656,-1,-1,-1
142,35,294.51,178.22,27.89,80.19,0.4528,-1,-1,-1
143,1,305.56,-0.00,278.24,479.85,0.9058,-1,-1,-1
143,2,0.49,1.00,216.32,479.01,0.8861,-1,-1,-1
143,20,555.28,206.64,14.33,36.23,0.3286,-1,-1,-1
143,21,185.39,20.28,99.55,414.13,0.8618,-1,-1,-1
143,29,504.28,191.95,24.45,78.40,0.5970,-1,-1,-1
143,35,291.77,178.27,32.79,81.27,0.5429,-1,-1,-1
144,1,305.07,-0.00,282.08,480.00,0.9140,-1,-1,-1
144,2,0.08,1.05,216.84,478.41,0.8927,-1,-1,-1
144,20,554.21,203.12,16.67,38.92,0.4357,-1,-1,-1
144,21,185.01,20.57,99.76,413.26,0.8556,-1,-1,-1
144,29,504.53,191.34,23.62,78.73,0.5340,-1,-1,-1
144,35,293.24,178.15,29.89,80.29,0.5565,-1,-1,-1
145,1,306.97,0.02,286.77,480.01,0.9005,-1,-1,-1
145,2,0.11,1.05,215.38,478.10,0.9011,-1,-1,-1
145,20,555.98,203.40,19.74,55.80,0.4485,-1,-1,-1
145,21,182.46,20.24,102.54,412.91,0.8542,-1,-1,-1
145,29,505.78,192.17,22.92,77.91,0.5526,-1,-1,-1
145,35,293.98,178.43,28.94,79.91,0.5813,-1,-1,-1
146,1,308.49,0.03,285.77,479.73,0.8601,-1,-1,-1
146,2,0.03,1.28,215.58,477.43,0.8963,-1,-1,-1
146,21,182.66,20.34,102.29,412.30,0.8512,-1,-1,-1
146,35,295.97,178.14,26.46,80.29,0.6026,-1,-1,-1
147,1,323.72,0.04,281.86,477.22,0.8399,-1,-1,-1
147,2,0.19,1.39,216.11,476.69,0.8911,-1,-1,-1
147,21,183.61,20.47,100.69,412.50,0.8538,-1,-1,-1
147,35,296.75,177.56,23.96,82.45,0.3723,-1,-1,-1
148,1,315.62,0.01,293.54,476.60,0.8729,-1,-1,-1
148,2,0.91,1.00,217.18,478.15,0.8647,-1,-1,-1
148,21,186.32,20.41,97.81,412.38,0.8583,-1,-1,-1
148,35,298.50,177.99,23.43,83.30,0.3982,-1,-1,-1
149,1,315.71,-0.03,296.10,477.45,0.8849,-1,-1,-1
149,2,1.37,0.48,221.87,479.48,0.8584,-1,-1,-1
149,21,189.29,20.84,94.74,411.14,0.8564,-1,-1,-1
149,35,300.67,178.69,21.95,84.39,0.4503,-1,-1,-1
149,46,289.27,200.33,19.40,59.78,0.4409,-1,-1,-1
150,1,315.35,-0.02,298.61,479.31,0.8775,-1,-1,-1
150,2,2.01,0.95,223.47,478.75,0.8666,-1,-1,-1
150,21,190.44,21.64,93.80,413.00,0.8526,-1,-1,-1
151,1,316.65,-0.01,295.13,479.62,0.8437,-1,-1,-1
151,2,3.38,0.79,224.53,478.90,0.8561,-1,-1,-1
151,21,193.19,21.95,90.49,414.51,0.8591,-1,-1,-1
152,1,316.58,-0.09,288.81,478.94,0.7839,-1,-1,-1
152,2,7.60,0.53,222.95,479.43,0.8586,-1,-1,-1
152,21,193.68,21.89,89.81,413.19,0.8665,-1,-1,-1
153,1,310.89,-0.00,291.38,476.47,0.8181,-1,-1,-1
153,2,8.35,0.73,225.27,475.75,0.8399,-1,-1,-1
153,21,193.44,21.57,89.83,412.02,0.8636,-1,-1,-1
154,1,306.31,0.55,288.59,479.33,0.8766,-1,-1,-1
154,2,6.04,0.61,228.41,475.08,0.8284,-1,-1,-1
154,21,192.88,21.45,90.77,414.03,0.8523,-1,-1,-1
154,29,502.98,188.68,26.00,79.51,0.6720,-1,-1,-1
154,47,-0.72,79.47,45.24,386.04,0.3527,-1,-1,-1
155,1,305.32,0.48,284.64,479.55,0.8916,-1,-1,-1
155,2,7.97,0.61,226.12,476.73,0.8269,-1,-1,-1
155,21,192.69,21.98,90.29,414.55,0.8441,-1,-1,-1
155,29,500.60,192.56,27.73,76.81,0.6320,-1,-1,-1
155,47,-0.74,78.86,43.94,387.29,0.3324,-1,-1,-1
155,48,553.94,204.89,16.32,37.46,0.3844,-1,-1,-1
156,1,305.10,0.03,280.26,480.00,0.9024,-1,-1,-1
156,2,6.46,0.68,228.40,478.05,0.8638,-1,-1,-1
156,21,192.20,21.78,90.10,413.93,0.8660,-1,-1,-1
156,29,499.20,194.91,28.30,74.96,0.5653,-1,-1,-1
156,48,552.54,208.00,15.68,34.88,0.3116,-1,-1,-1
156,49,-1.10,80.29,36.31,122.50,0.3455,-1,-1,-1
157,1,302.89,0.00,261.18,480.00,0.9151,-1,-1,-1
157,2,7.21,0.49,226.57,475.28,0.8367,-1,-1,-1
157,21,191.32,20.87,89.34,415.93,0.8651,-1,-1,-1
157,29,498.04,194.58,29.45,76.62,0.5832,-1,-1,-1
157,48,554.97,210.13,14.23,32.83,0.3182,-1,-1,-1
157,49,-0.76,80.28,34.94,170.40,0.3268,-1,-1,-1
158,1,304.73,-0.00,231.26,480.00,0.9172,-1,-1,-1
158,2,6.40,0.08,225.17,477.95,0.8401,-1,-1,-1
158,21,191.01,19.39,89.53,419.03,0.8586,-1,-1,-1
158,29,497.81,195.90,29.94,75.42,0.5185,-1,-1,-1
158,48,552.46,209.15,16.71,34.00,0.4272,-1,-1,-1
158,49,-2.47,79.30,36.62,133.36,0.3698,-1,-1,-1
158,50,589.42,0.62,50.41,255.39,0.4965,-1,-1,-1
159,1,300.01,0.01,218.40,480.00,0.9095,-1,-1,-1
159,2,4.05,0.25,227.31,478.28,0.8463,-1,-1,-1
159,21,190.48,18.88,92.05,418.10,0.8466,-1,-1,-1
159,29,496.92,184.43,31.16,87.54,0.7013,-1,-1,-1
159,47,-1.94,76.38,39.69,394.18,0.4543,-1,-1,-1
159,48,549.52,205.67,17.14,38.10,0.3318,-1,-1,-1
159,50,587.57,0.73,52.21,252.23,0.3510,-1,-1,-1
159,51,527.28,195.25,20.48,56.12,0.4933,-1,-1,-1
160,1,302.55,0.64,200.26,474.17,0.9183,-1,-1,-1
160,2,0.50,1.00,228.60,478.13,0.8645,-1,-1,-1
160,12,282.43,183.11,22.97,75.16,0.3029,-1,-1,-1
160,21,190.06,18.87,91.21,419.64,0.8495,-1,-1,-1
160,29,496.44,184.82,32.27,87.25,0.7204,-1,-1,-1
160,47,-2.31,76.50,39.99,394.17,0.4342,-1,-1,-1
161,1,294.86,-0.04,206.27,479.96,0.9106,-1,-1,-1
161,2,0.25,0.76,228.21,479.20,0.8620,-1,-1,-1
161,21,188.91,18.17,91.70,420.54,0.8480,-1,-1,-1
161,29,495.82,186.04,32.34,86.17,0.6946,-1,-1,-1
161,47,-1.25,76.24,36.87,392.84,0.4413,-1,-1,-1
161,50,585.71,0.87,54.08,249.83,0.3898,-1,-1,-1
162,1,289.66,0.64,212.86,474.53,0.9057,-1,-1,-1
162,2,0.19,0.54,229.48,478.37,0.8341,-1,-1,-1
162,21,187.96,15.64,94.85,421.90,0.8529,-1,-1,-1
162,29,496.88,184.25,32.20,88.11,0.7159,-1,-1,-1
162,47,0.41,73.94,35.52,390.33,0.3495,-1,-1,-1
162,50,588.77,0.82,51.18,248.41,0.3289,-1,-1,-1
162,51,524.89,193.26,19.57,59.00,0.4749,-1,-1,-1
163,1,288.44,0.42,213.78,475.23,0.9063,-1,-1,-1
163,2,0.23,0.58,227.94,474.75,0.8299,-1,-1,-1
163,21,187.73,15.36,93.67,426.39,0.8500,-1,-1,-1
163,29,496.86,183.75,33.75,88.39,0.7191,-1,-1,-1
163,47,-0.04,72.68,35.28,376.73,0.3299,-1,-1,-1
163,50,589.60,0.86,50.23,248.18,0.3877,-1,-1,-1
164,1,289.64,0.71,211.73,474.45,0.9039,-1,-1,-1
164,2,0.37,0.59,224.60,475.01,0.8047,-1,-1,-1
164,21,186.63,13.70,93.91,428.39,0.8366,-1,-1,-1
164,29,495.85,182.68,32.63,89.77,0.7221,-1,-1,-1
164,47,-0.01,72.54,33.23,366.34,0.3528,-1,-1,-1
165,1,295.00,-0.02,206.79,479.97,0.9196,-1,-1,-1
165,2,0.20,0.47,223.55,475.40,0.8194,-1,-1,-1
165,21,187.07,13.68,93.33,428.08,0.8456,-1,-1,-1
165,29,496.22,183.21,33.30,89.29,0.7144,-1,-1,-1
165,47,1.10,77.45,30.12,349.94,0.3294,-1,-1,-1
166,1,296.01,-0.01,206.52,480.00,0.9216,-1,-1,-1
166,2,0.32,0.01,222.77,476.72,0.8165,-1,-1,-1
166,21,185.62,12.06,94.90,430.78,0.8412,-1,-1,-1
166,29,496.45,182.74,33.06,89.54,0.7192,-1,-1,-1
167,1,294.82,0.01,207.18,480.00,0.9166,-1,-1,-1
167,2,-0.07,0.67,221.20,472.87,0.7956,-1,-1,-1
167,21,184.65,10.81,94.58,432.30,0.8182,-1,-1,-1
167,29,496.12,183.69,33.95,88.73,0.7212,-1,-1,-1
167,48,547.69,202.62,20.42,42.83,0.3510,-1,-1,-1
168,1,293.71,-0.01,207.59,480.00,0.9129,-1,-1,-1
168,2,-0.14,0.39,220.85,474.47,0.8193,-1,-1,-1
168,21,183.66,10.65,94.86,432.20,0.8436,-1,-1,-1
168,29,496.05,182.83,34.11,89.38,0.7227,-1,-1,-1
168,48,547.57,201.00,20.55,44.75,0.3971,-1,-1,-1
168,51,525.31,189.69,19.14,62.32,0.3093,-1,-1,-1
169,1,286.04,1.19,215.47,473.83,0.9026,-1,-1,-1
169,2,-0.02,0.45,220.68,474.25,0.7547,-1,-1,-1
169,21,183.16,10.57,96.02,433.49,0.8432,-1,-1,-1
169,29,496.53,183.93,33.35,89.05,0.7323,-1,-1,-1
169,48,548.04,202.49,20.50,42.86,0.3257,-1,-1,-1
170,1,280.67,0.87,220.50,473.94,0.8991,-1,-1,-1
170,2,-0.37,0.31,220.10,471.88,0.7600,-1,-1,-1
170,21,182.81,9.99,96.30,435.76,0.8438,-1,-1,-1
170,29,496.42,182.79,33.65,89.90,0.7139,-1,-1,-1
170,51,526.70,188.79,17.72,63.83,0.3592,-1,-1,-1
171,1,279.78,0.69,221.07,474.77,0.9022,-1,-1,-1
171,2,-0.18,0.00,219.23,473.85,0.7945,-1,-1,-1
171,21,182.28,9.89,96.89,437.36,0.8462,-1,-1,-1
172,1,281.79,0.78,219.11,475.65,0.8971,-1,-1,-1
172,2,-0.01,0.19,219.04,475.94,0.8448,-1,-1,-1
172,21,182.55,9.97,96.63,437.77,0.8467,-1,-1,-1
173,1,283.49,0.67,216.39,476.86,0.8991,-1,-1,-1
173,2,0.19,0.18,218.86,476.95,0.8155,-1,-1,-1
173,21,181.59,10.11,97.92,436.65,0.8485,-1,-1,-1
174,1,283.11,0.89,216.21,477.08,0.9030,-1,-1,-1
174,2,-0.12,0.17,218.70,476.13,0.8274,-1,-1,-1
174,21,181.10,10.24,97.99,436.72,0.8488,-1,-1,-1
175,1,280.93,0.88,218.29,477.43,0.8518,-1,-1,-1
175,2,0.04,0.11,218.52,477.04,0.8592,-1,-1,-1
175,21,179.89,10.82,100.11,442.58,0.8492,-1,-1,-1
176,1,283.78,-0.00,215.40,479.15,0.8983,-1,-1,-1
176,2,0.09,0.01,218.90,476.88,0.8271,-1,-1,-1
176,21,180.71,11.42,99.62,439.21,0.8400,-1,-1,-1
177,1,282.84,0.64,216.24,475.32,0.8925,-1,-1,-1
177,2,-0.23,-0.06,218.72,474.60,0.7940,-1,-1,-1
177,21,181.02,11.65,97.98,438.76,0.8551,-1,-1,-1
178,1,282.08,-0.03,219.30,478.31,0.9043,-1,-1,-1
178,2,0.06,-0.11,218.16,477.48,0.8280,-1,-1,-1
178,21,180.14,11.15,99.71,436.76,0.8604,-1,-1,-1
178,29,495.85,183.46,34.64,89.45,0.7167,-1,-1,-1
178,48,547.42,202.92,18.88,42.95,0.5523,-1,-1,-1
179,1,267.09,0.61,233.77,477.02,0.8599,-1,-1,-1
179,2,0.17,0.15,218.16,475.83,0.8366,-1,-1,-1
179,21,181.01,11.24,98.32,440.13,0.8657,-1,-1,-1
179,29,496.40,183.29,33.78,89.63,0.7313,-1,-1,-1
179,48,548.60,204.32,18.14,41.35,0.4060,-1,-1,-1
180,1,283.54,-0.01,217.52,479.24,0.9031,-1,-1,-1
180,2,0.24,0.12,218.41,477.57,0.8417,-1,-1,-1
180,21,180.51,11.45,98.90,437.82,0.8560,-1,-1,-1
180,29,496.34,183.27,33.29,89.49,0.7044,-1,-1,-1
180,48,549.74,206.17,17.25,40.23,0.3466,-1,-1,-1
181,1,281.87,0.00,219.98,479.90,0.9067,-1,-1,-1
181,2,0.25,0.12,218.23,476.74,0.8206,-1,-1,-1
181,21,182.14,11.77,96.90,437.25,0.8607,-1,-1,-1
181,29,496.57,183.50,32.84,89.33,0.7025,-1,-1,-1
181,48,549.77,206.58,17.28,40.07,0.3743,-1,-1,-1
182,1,282.70,0.66,220.99,475.28,0.9032,-1,-1,-1
182,2,0.17,0.28,217.89,474.29,0.8315,-1,-1,-1
182,21,181.39,11.22,97.25,435.43,0.8435,-1,-1,-1
182,29,496.60,183.69,32.62,88.58,0.7112,-1,-1,-1
183,1,283.12,0.56,221.27,475.93,0.9035,-1,-1,-1
183,2,0.04,0.39,218.82,476.03,0.8451,-1,-1,-1
183,21,182.05,11.66,96.39,435.92,0.8514,-1,-1,-1
183,29,497.06,184.57,31.19,87.81,0.7189,-1,-1,-1
183,48,548.73,205.81,16.01,40.47,0.3510,-1,-1,-1
183,51,523.25,188.65,23.88,68.39,0.5396,-1,-1,-1
184,1,285.32,0.86,220.77,475.28,0.9052,-1,-1,-1
184,2,0.40,0.53,218.46,474.86,0.8220,-1,-1,-1
184,21,181.23,11.64,97.25,435.24,0.8483,-1,-1,-1
184,29,497.95,184.15,29.73,88.51,0.7044,-1,-1,-1
184,51,524.09,187.54,25.48,69.59,0.5913,-1,-1,-1
185,1,288.76,0.81,219.00,474.77,0.8970,-1,-1,-1
185,2,0.31,0.39,218.49,475.38,0.8311,-1,-1,-1
185,21,180.78,11.61,97.54,435.15,0.8490,-1,-1,-1
185,29,498.51,184.43,29.39,87.63,0.7017,-1,-1,-1
185,48,546.90,202.95,18.16,43.81,0.3309,-1,-1,-1
185,51,522.75,188.78,25.80,67.54,0.4258,-1,-1,-1
186,1,294.81,1.16,214.53,474.37,0.9137,-1,-1,-1
186,2,0.16,0.37,218.73,476.48,0.8593,-1,-1,-1
186,21,181.27,11.48,97.23,435.83,0.8525,-1,-1,-1
186,29,498.63,185.47,28.76,86.07,0.6988,-1,-1,-1
186,48,548.35,204.82,18.26,42.60,0.3171,-1,-1,-1
186,51,522.74,187.88,22.65,68.66,0.5184,-1,-1,-1
187,1,294.76,1.08,215.41,474.75,0.9097,-1,-1,-1
187,2,0.10,0.32,218.69,475.84,0.8708,-1,-1,-1
187,21,182.34,11.50,96.01,435.74,0.8491,-1,-1,-1
187,29,499.37,185.65,27.99,85.43,0.6706,-1,-1,-1
187,51,522.81,191.65,21.10,65.39,0.5338,-1,-1,-1
188,1,295.98,1.00,214.19,474.18,0.9124,-1,-1,-1
188,2,0.08,0.40,218.69,475.88,0.8590,-1,-1,-1
188,21,181.14,11.38,97.33,435.51,0.8515,-1,-1,-1
188,29,499.80,185.24,28.11,86.41,0.6809,-1,-1,-1
188,48,549.41,206.46,16.50,40.82,0.3245,-1,-1,-1
188,51,522.69,192.29,19.45,67.12,0.4157,-1,-1,-1
189,1,296.59,0.89,213.30,473.85,0.9132,-1,-1,-1
189,2,0.08,0.29,218.72,475.44,0.8383,-1,-1,-1
189,21,181.34,10.95,96.77,435.84,0.8536,-1,-1,-1
189,29,499.41,184.46,28.77,87.11,0.6820,-1,-1,-1
189,51,523.92,189.40,20.40,69.80,0.5306,-1,-1,-1
189,52,293.79,177.85,23.34,76.16,0.3287,-1,-1,-1
190,1,296.48,0.80,213.47,474.68,0.9129,-1,-1,-1
190,2,0.07,0.31,218.54,475.35,0.8498,-1,-1,-1
190,21,181.74,11.10,96.32,434.63,0.8423,-1,-1,-1
190,29,499.05,185.51,29.09,85.92,0.6711,-1,-1,-1
190,51,523.41,188.94,20.23,70.83,0.5004,-1,-1,-1
190,52,293.72,178.30,23.16,78.23,0.4623,-1,-1,-1
191,1,296.65,0.96,212.91,474.60,0.9146,-1,-1,-1
191,2,0.06,0.43,218.40,475.69,0.8552,-1,-1,-1
191,21,181.55,10.89,96.62,435.78,0.8468,-1,-1,-1
191,29,498.91,184.79,29.46,87.33,0.6865,-1,-1,-1
191,51,524.95,189.33,21.27,70.02,0.4338,-1,-1,-1
191,52,294.65,177.98,22.97,78.33,0.5033,-1,-1,-1
192,1,295.50,0.97,214.18,474.39,0.9103,-1,-1,-1
192,2,0.02,0.41,218.37,475.57,0.8473,-1,-1,-1
192,21,180.85,11.11,97.53,435.70,0.8523,-1,-1,-1
192,29,498.88,184.45,29.50,87.06,0.6716,-1,-1,-1
192,52,294.31,178.29,23.10,77.71,0.4818,-1,-1,-1
193,1,294.43,0.72,215.28,474.56,0.9086,-1,-1,-1
193,2,0.06,0.41,217.92,474.34,0.8335,-1,-1,-1
193,21,181.46,11.17,96.81,436.31,0.8511,-1,-1,-1
193,29,499.08,184.76,29.09,87.47,0.6919,-1,-1,-1
193,51,525.12,189.05,24.73,71.87,0.3441,-1,-1,-1
193,52,293.19,177.26,23.91,77.81,0.3567,-1,-1,-1
194,1,290.16,0.45,219.21,475.74,0.8972,-1,-1,-1
194,2,0.17,0.32,217.31,475.82,0.8347,-1,-1,-1
194,21,180.33,11.00,97.77,436.78,0.8552,-1,-1,-1
194,29,499.32,184.62,29.01,87.69,0.6949,-1,-1,-1
194,51,523.20,188.83,26.86,72.90,0.3116,-1,-1,-1
195,1,285.38,0.43,223.67,476.11,0.8812,-1,-1,-1
195,2,0.08,0.53,217.11,475.64,0.8490,-1,-1,-1
195,21,180.12,10.99,97.40,436.81,0.8556,-1,-1,-1
195,29,498.91,184.20,28.54,88.44,0.6763,-1,-1,-1
196,1,282.57,0.49,226.39,476.22,0.8901,-1,-1,-1
196,2,0.21,0.53,216.75,474.16,0.7973,-1,-1,-1
196,21,178.97,10.97,98.82,436.83,0.8553,-1,-1,-1
196,29,499.68,183.65,28.82,89.09,0.6643,-1,-1,-1
196,51,526.46,189.86,28.72,72.26,0.3361,-1,-1,-1
197,1,281.16,0.50,228.74,476.66,0.8978,-1,-1,-1
197,2,0.23,0.49,217.17,474.26,0.8443,-1,-1,-1
197,21,178.18,10.39,99.29,437.52,0.8517,-1,-1,-1
197,29,498.99,184.45,29.34,87.89,0.6447,-1,-1,-1
197,51,526.52,189.69,26.85,73.16,0.3969,-1,-1,-1
198,1,281.08,0.70,228.14,475.90,0.9113,-1,-1,-1
198,2,0.20,0.51,216.32,474.68,0.8636,-1,-1,-1
198,21,177.32,10.43,98.84,438.46,0.8590,-1,-1,-1
198,29,499.17,184.75,30.11,87.68,0.6915,-1,-1,-1
198,51,527.72,188.33,36.16,74.74,0.3527,-1,-1,-1
199,1,279.37,0.67,229.73,476.62,0.9094,-1,-1,-1
199,2,-0.28,1.55,216.75,473.41,0.8072,-1,-1,-1
199,21,175.92,11.39,98.58,437.70,0.8502,-1,-1,-1
199,29,498.14,184.63,30.80,86.49,0.6871,-1,-1,-1
199,51,524.64,186.63,27.36,76.29,0.4133,-1,-1,-1
200,1,276.99,0.76,231.67,475.67,0.9050,-1,-1,-1
200,2,-0.18,5.03,216.37,469.23,0.7861,-1,-1,-1
200,21,174.66,11.99,96.53,437.64,0.8485,-1,-1,-1
200,29,498.19,185.23,30.75,87.25,0.7191,-1,-1,-1
200,51,529.20,185.52,35.97,74.84,0.4081,-1,-1,-1
201,1,274.17,-0.02,233.53,479.97,0.9075,-1,-1,-1
201,2,-0.20,3.40,216.38,470.97,0.7750,-1,-1,-1
201,21,169.75,12.87,99.14,438.65,0.8344,-1,-1,-1
201,29,497.58,185.20,30.12,87.45,0.7009,-1,-1,-1
202,1,273.47,0.01,233.40,480.00,0.9087,-1,-1,-1
202,2,-0.59,6.78,216.85,468.93,0.7269,-1,-1,-1
202,21,164.36,15.28,100.62,435.74,0.8103,-1,-1,-1
202,29,497.31,185.32,29.86,87.24,0.6884,-1,-1,-1
202,51,524.80,189.07,26.93,75.66,0.3470,-1,-1,-1
203,1,273.34,0.03,232.80,478.59,0.8960,-1,-1,-1
203,2,0.05,13.40,214.89,462.02,0.6432,-1,-1,-1
203,21,156.06,16.94,106.53,432.47,0.7759,-1,-1,-1
203,29,496.92,184.80,29.74,88.13,0.7030,-1,-1,-1
203,51,524.12,188.13,27.93,76.90,0.5196,-1,-1,-1
204,1,273.12,0.88,232.45,474.44,0.8902,-1,-1,-1
204,2,0.01,3.45,214.15,469.48,0.6962,-1,-1,-1
204,21,155.81,19.24,102.08,420.22,0.8094,-1,-1,-1
204,29,495.17,186.30,29.61,87.04,0.7610,-1,-1,-1
204,51,519.69,189.41,31.56,76.85,0.5677,-1,-1,-1
205,1,272.12,1.02,234.59,473.68,0.8818,-1,-1,-1
205,2,-0.08,1.28,214.16,470.05,0.6692,-1,-1,-1
205,21,154.29,20.95,97.67,412.87,0.8102,-1,-1,-1
205,29,496.21,186.48,28.65,86.02,0.7396,-1,-1,-1
205,48,546.58,207.69,15.29,42.53,0.3068,-1,-1,-1
205,51,521.87,187.87,30.19,78.47,0.5854,-1,-1,-1
206,1,269.53,0.74,236.97,473.98,0.8896,-1,-1,-1
206,2,0.33,1.58,212.14,471.15,0.6222,-1,-1,-1
206,21,153.35,23.27,95.38,406.75,0.7806,-1,-1,-1
206,29,495.21,186.47,29.39,85.46,0.7051,-1,-1,-1
206,48,548.98,204.73,13.28,45.18,0.3129,-1,-1,-1
206,51,523.64,186.69,29.70,78.37,0.4710,-1,-1,-1
207,1,271.81,0.94,234.49,474.14,0.8838,-1,-1,-1
207,2,0.04,2.13,211.58,469.79,0.5666,-1,-1,-1
207,21,155.45,25.33,92.25,396.57,0.7154,-1,-1,-1
207,29,495.28,185.98,28.62,86.20,0.7399,-1,-1,-1
207,48,548.20,202.42,13.79,47.79,0.3131,-1,-1,-1
207,51,519.51,185.60,31.37,79.89,0.5179,-1,-1,-1
208,1,263.44,0.59,243.60,475.03,0.8869,-1,-1,-1
208,2,0.14,0.34,210.89,473.91,0.7748,-1,-1,-1
208,21,165.63,30.25,85.23,374.93,0.7922,-1,-1,-1
208,29,493.68,186.67,29.83,87.08,0.7037,-1,-1,-1
208,51,519.44,186.85,35.09,78.61,0.4415,-1,-1,-1
209,1,261.21,0.82,246.10,475.40,0.8913,-1,-1,-1
209,2,0.43,0.24,209.17,474.41,0.7688,-1,-1,-1
209,21,169.71,33.60,81.09,365.44,0.7931,-1,-1,-1
209,29,494.48,185.95,29.08,86.79,0.7292,-1,-1,-1
209,51,521.28,186.06,33.74,81.45,0.4602,-1,-1,-1
210,1,256.59,0.76,248.80,476.49,0.8626,-1,-1,-1
210,2,0.58,1.01,204.16,474.47,0.8731,-1,-1,-1
210,21,172.91,44.54,79.68,353.07,0.8382,-1,-1,-1
210,29,492.54,185.64,30.52,88.22,0.7283,-1,-1,-1
210,51,519.76,186.32,24.66,80.92,0.4350,-1,-1,-1
211,1,267.64,1.17,237.09,476.53,0.8113,-1,-1,-1
211,2,0.47,1.39,201.06,475.65,0.8799,-1,-1,-1
211,21,171.79,48.05,84.56,349.24,0.8474,-1,-1,-1
211,29,491.66,183.59,31.54,89.68,0.7399,-1,-1,-1
211,51,524.62,184.95,24.87,80.69,0.4119,-1,-1,-1
212,1,264.31,1.21,240.47,476.44,0.8355,-1,-1,-1
212,2,0.69,1.12,197.32,472.31,0.8260,-1,-1,-1
212,21,169.70,54.30,93.38,345.24,0.8593,-1,-1,-1
212,29,491.14,185.94,30.04,89.51,0.7197,-1,-1,-1
212,51,524.90,186.80,33.93,79.16,0.3879,-1,-1,-1
213,1,252.32,1.24,250.90,476.99,0.8697,-1,-1,-1
213,2,1.64,2.35,188.24,473.68,0.7969,-1,-1,-1
213,21,167.46,53.74,103.69,344.73,0.8614,-1,-1,-1
213,29,490.14,184.72,29.28,89.41,0.6653,-1,-1,-1
213,51,520.76,186.09,24.42,80.07,0.4450,-1,-1,-1
214,1,254.52,0.86,245.18,476.72,0.8787,-1,-1,-1
214,2,1.08,0.83,183.43,477.15,0.8096,-1,-1,-1
214,21,154.90,56.07,121.76,353.90,0.8709,-1,-1,-1
214,29,489.69,184.75,28.57,89.98,0.7140,-1,-1,-1
214,51,517.80,185.44,26.52,82.87,0.5564,-1,-1,-1
215,1,256.23,0.70,241.36,475.24,0.8978,-1,-1,-1
215,2,0.49,0.44,182.74,476.40,0.7638,-1,-1,-1
215,21,161.46,56.47,117.88,345.52,0.8818,-1,-1,-1
215,29,485.35,185.03,33.05,89.44,0.7066,-1,-1,-1
215,48,539.15,198.56,20.18,54.30,0.4529,-1,-1,-1
215,51,516.16,184.54,26.49,83.58,0.5473,-1,-1,-1
216,1,255.93,0.26,239.12,476.27,0.8769,-1,-1,-1
216,2,0.46,0.07,179.26,474.33,0.7176,-1,-1,-1
216,21,167.88,59.09,114.38,341.10,0.8860,-1,-1,-1
216,29,487.98,184.38,28.20,90.04,0.7329,-1,-1,-1
216,48,536.83,197.57,20.90,53.56,0.4393,-1,-1,-1
216,51,523.70,187.22,18.33,78.85,0.4099,-1,-1,-1
217,1,288.65,0.91,204.95,478.80,0.8183,-1,-1,-1
217,2,0.46,-0.00,179.02,477.17,0.8026,-1,-1,-1
217,21,170.45,61.75,114.99,339.35,0.8841,-1,-1,-1
217,29,485.52,182.41,31.53,91.69,0.7294,-1,-1,-1
217,48,538.25,196.37,19.27,54.47,0.4278,-1,-1,-1
217,51,522.63,185.10,18.99,79.71,0.5048,-1,-1,-1
218,1,264.74,1.21,226.04,478.99,0.7992,-1,-1,-1
218,2,-0.14,0.33,181.12,478.32,0.7906,-1,-1,-1
218,21,173.69,68.98,114.00,331.52,0.8689,-1,-1,-1
218,29,482.26,181.79,31.29,94.84,0.7213,-1,-1,-1
218,51,521.69,190.46,18.74,76.51,0.3865,-1,-1,-1
219,1,293.85,0.23,193.47,479.74,0.8272,-1,-1,-1
219,2,0.25,0.38,182.89,476.18,0.8156,-1,-1,-1
219,21,181.09,74.72,110.25,325.73,0.8703,-1,-1,-1
219,29,481.35,180.45,30.89,94.36,0.7533,-1,-1,-1
219,48,535.03,198.24,21.77,54.21,0.3230,-1,-1,-1
219,51,506.90,185.47,29.50,82.24,0.4128,-1,-1,-1
220,1,293.31,9.26,191.44,469.11,0.7502,-1,-1,-1
220,2,0.52,0.43,186.85,476.20,0.8105,-1,-1,-1
220,21,186.45,80.23,105.41,317.02,0.8613,-1,-1,-1
220,29,480.04,180.28,31.15,95.95,0.7701,-1,-1,-1
220,48,537.05,197.09,21.96,54.84,0.3200,-1,-1,-1
220,51,509.86,184.43,27.38,84.53,0.5773,-1,-1,-1
221,1,268.40,22.10,218.55,457.08,0.8683,-1,-1,-1
221,2,-0.13,1.23,193.16,475.62,0.7595,-1,-1,-1
221,21,189.51,87.94,104.36,301.34,0.8713,-1,-1,-1
221,29,483.79,181.68,25.72,93.71,0.7413,-1,-1,-1
221,48,537.65,199.74,21.46,52.75,0.3590,-1,-1,-1
221,51,506.76,184.31,29.45,84.63,0.6150,-1,-1,-1
222,1,282.39,28.35,209.61,450.89,0.9130,-1,-1,-1
222,2,0.43,1.39,198.90,477.26,0.5482,-1,-1,-1
222,21,196.74,90.62,102.25,290.15,0.8688,-1,-1,-1
222,29,486.72,182.84,24.08,91.79,0.6505,-1,-1,-1
222,48,538.40,203.75,21.26,49.89,0.4664,-1,-1,-1
222,51,506.71,182.44,30.40,86.48,0.6739,-1,-1,-1
223,1,290.13,32.65,206.06,447.28,0.8906,-1,-1,-1
223,2,-0.97,0.71,212.00,472.31,0.7694,-1,-1,-1
223,21,203.11,92.81,96.57,273.39,0.8623,-1,-1,-1
223,29,488.90,182.97,21.61,96.59,0.4524,-1,-1,-1
223,48,537.78,203.85,22.16,49.77,0.5080,-1,-1,-1
223,51,506.63,183.70,29.16,87.99,0.4495,-1,-1,-1
224,1,291.57,35.21,205.34,444.79,0.9124,-1,-1,-1
224,2,-0.44,0.44,215.97,474.73,0.6642,-1,-1,-1
224,21,208.26,95.05,92.79,271.10,0.8636,-1,-1,-1
224,29,488.79,182.51,23.44,95.77,0.5208,-1,-1,-1
224,48,538.09,203.03,21.99,50.70,0.5157,-1,-1,-1
224,51,508.80,185.38,25.54,87.11,0.3165,-1,-1,-1
225,1,292.70,38.84,202.27,440.08,0.9179,-1,-1,-1
225,2,0.22,-0.02,220.16,477.99,0.8392,-1,-1,-1
225,21,214.08,101.77,89.20,266.17,0.8740,-1,-1,-1
225,29,486.04,184.14,28.81,94.70,0.6243,-1,-1,-1
225,48,538.70,201.21,22.34,52.94,0.5121,-1,-1,-1
225,56,561.16,204.56,15.74,39.04,0.3295,-1,-1,-1
226,1,295.29,43.36,193.18,436.61,0.9127,-1,-1,-1
226,2,-0.27,2.16,227.10,473.90,0.8229,-1,-1,-1
226,21,219.82,107.74,85.63,260.59,0.8761,-1,-1,-1
226,29,484.35,180.33,30.18,98.22,0.6673,-1,-1,-1
226,48,539.20,202.02,23.23,53.48,0.5074,-1,-1,-1
226,51,510.86,189.39,21.48,83.08,0.4362,-1,-1,-1
227,1,299.19,49.69,182.96,430.32,0.9026,-1,-1,-1
227,2,0.25,1.31,227.07,475.69,0.8159,-1,-1,-1
227,21,222.01,111.20,87.23,249.68,0.8699,-1,-1,-1
227,29,481.10,180.34,33.17,100.25,0.7179,-1,-1,-1
227,48,540.09,201.08,21.94,53.97,0.5437,-1,-1,-1
227,51,510.31,188.68,21.45,83.80,0.4042,-1,-1,-1
228,1,302.78,55.04,172.54,423.95,0.9124,-1,-1,-1
228,2,0.01,1.38,231.36,475.80,0.9135,-1,-1,-1
228,21,230.93,111.30,84.06,245.81,0.8428,-1,-1,-1
228,29,481.87,180.44,34.09,102.73,0.7388,-1,-1,-1
228,48,542.26,201.77,21.25,54.90,0.5633,-1,-1,-1
228,51,510.75,185.73,21.77,86.42,0.3751,-1,-1,-1
229,1,306.47,61.63,158.02,418.39,0.9038,-1,-1,-1
229,2,1.30,1.61,225.51,475.91,0.9023,-1,-1,-1
229,21,236.77,109.87,86.21,231.65,0.8608,-1,-1,-1
229,29,484.71,183.75,31.79,101.15,0.6981,-1,-1,-1
229,48,543.20,199.99,23.58,57.96,0.5926,-1,-1,-1
229,56,564.75,202.74,17.46,44.39,0.3109,-1,-1,-1
230,1,309.13,66.17,151.39,413.20,0.8855,-1,-1,-1
230,2,0.56,1.48,223.27,477.72,0.8908,-1,-1,-1
230,21,239.41,110.28,84.63,229.84,0.8486,-1,-1,-1
230,29,485.96,183.01,32.03,102.80,0.6962,-1,-1,-1
230,48,545.68,199.51,21.22,59.05,0.6460,-1,-1,-1
230,58,454.14,169.06,33.34,123.10,0.6901,-1,-1,-1
231,1,308.36,66.16,148.29,413.80,0.8866,-1,-1,-1
231,2,0.37,4.85,222.58,470.64,0.7200,-1,-1,-1
231,21,244.96,110.44,83.40,229.43,0.8647,-1,-1,-1
231,29,489.25,183.47,29.34,103.02,0.7233,-1,-1,-1
231,48,552.02,199.47,22.34,59.07,0.6640,-1,-1,-1
231,51,515.38,184.65,22.72,88.82,0.4094,-1,-1,-1
231,58,453.15,165.31,38.53,126.42,0.7728,-1,-1,-1
232,1,325.07,65.50,135.50,413.49,0.8691,-1,-1,-1
232,2,0.82,5.42,221.58,472.90,0.8021,-1,-1,-1
232,21,251.81,113.67,81.06,227.87,0.8517,-1,-1,-1
232,29,494.20,183.06,25.09,101.67,0.6563,-1,-1,-1
232,48,552.97,199.68,26.66,60.35,0.5282,-1,-1,-1
232,51,514.73,184.17,24.90,92.36,0.5437,-1,-1,-1
232,58,456.24,162.74,41.98,130.42,0.7573,-1,-1,-1
232,60,575.21,156.76,64.56,200.67,0.6592,-1,-1,-1
233,1,332.55,64.28,131.68,415.35,0.8699,-1,-1,-1
233,2,3.03,2.86,221.53,470.93,0.5810,-1,-1,-1
233,21,258.25,118.95,79.02,223.27,0.8270,-1,-1,-1
233,29,502.85,178.57,20.09,99.08,0.3929,-1,-1,-1
233,48,557.65,198.85,25.37,61.36,0.6117,-1,-1,-1
233,51,522.02,184.76,20.48,92.50,0.5433,-1,-1,-1
233,58,467.01,160.13,38.11,133.33,0.6889,-1,-1,-1
233,60,575.89,162.38,64.89,195.69,0.3391,-1,-1,-1
234,1,322.55,70.20,164.60,409.75,0.8999,-1,-1,-1
234,2,2.71,1.33,223.07,470.69,0.6604,-1,-1,-1
234,21,265.98,121.52,75.73,216.91,0.8079,-1,-1,-1
234,29,493.62,166.11,27.39,122.62,0.3091,-1,-1,-1
234,48,566.41,202.55,21.40,58.19,0.5038,-1,-1,-1
234,51,519.91,184.46,25.95,92.80,0.4931,-1,-1,-1
234,58,477.19,160.15,37.38,132.64,0.5218,-1,-1,-1
234,60,585.91,167.62,53.91,214.62,0.4554,-1,-1,-1
235,1,334.42,74.73,168.31,405.18,0.8958,-1,-1,-1
235,2,6.53,0.60,219.95,477.62,0.8443,-1,-1,-1
235,21,270.43,121.73,77.34,213.14,0.8104,-1,-1,-1
235,48,570.24,198.70,27.67,62.83,0.4993,-1,-1,-1
235,51,526.81,186.91,23.33,92.98,0.4074,-1,-1,-1
235,58,484.45,158.72,36.99,130.58,0.3937,-1,-1,-1
236,1,343.21,79.36,169.46,400.63,0.8977,-1,-1,-1
236,2,7.24,0.77,224.04,477.22,0.8866,-1,-1,-1
236,21,278.76,117.67,73.61,206.05,0.7916,-1,-1,-1
236,29,505.63,172.53,28.85,116.27,0.3169,-1,-1,-1
236,48,575.12,191.18,28.93,69.27,0.5551,-1,-1,-1
236,51,530.20,191.38,26.38,86.84,0.4800,-1,-1,-1
236,61,4.33,116.44,43.73,188.06,0.5003,-1,-1,-1
237,1,361.90,88.24,164.71,391.36,0.9058,-1,-1,-1
237,2,8.49,7.05,232.43,472.06,0.8752,-1,-1,-1
237,21,286.77,118.96,74.54,204.30,0.8394,-1,-1,-1
237,29,492.77,167.00,41.93,147.94,0.3028,-1,-1,-1
237,48,584.63,192.57,27.53,69.48,0.5668,-1,-1,-1
237,51,541.67,183.91,18.89,94.86,0.4478,-1,-1,-1
237,60,610.29,202.45,29.64,275.62,0.6431,-1,-1,-1
237,61,3.51,119.94,56.51,153.27,0.5859,-1,-1,-1
238,1,373.60,85.69,162.74,394.32,0.9026,-1,-1,-1
238,2,9.94,7.23,235.95,472.77,0.8706,-1,-1,-1
238,21,290.10,120.13,77.04,202.84,0.8212,-1,-1,-1
238,48,589.18,195.10,29.61,68.37,0.5369,-1,-1,-1
238,51,545.65,185.37,20.37,97.09,0.3524,-1,-1,-1
238,60,609.40,205.82,30.56,275.98,0.5991,-1,-1,-1
238,61,1.89,117.08,65.84,154.53,0.4626,-1,-1,-1
238,63,241.88,170.42,30.07,102.78,0.5701,-1,-1,-1
239,1,391.51,88.34,156.17,391.18,0.8984,-1,-1,-1
239,2,4.17,14.01,249.30,465.60,0.8337,-1,-1,-1
239,21,305.69,124.61,65.04,198.75,0.7860,-1,-1,-1
239,48,594.74,199.39,30.21,64.57,0.3590,-1,-1,-1
239,60,598.66,214.25,41.34,269.57,0.3971,-1,-1,-1
239,61,2.42,118.80,76.38,322.80,0.4056,-1,-1,-1
239,63,248.16,163.85,32.61,114.37,0.5147,-1,-1,-1
239,64,364.99,175.67,23.39,86.75,0.5241,-1,-1,-1
240,1,398.24,85.36,160.39,373.23,0.8860,-1,-1,-1
240,2,16.51,14.99,243.42,463.47,0.7606,-1,-1,-1
240,21,304.81,124.86,69.39,194.30,0.7561,-1,-1,-1
240,48,596.77,190.00,31.13,71.54,0.5210,-1,-1,-1
240,56,0.10,166.40,45.16,96.57,0.5318,-1,-1,-1
240,63,252.63,158.63,38.16,116.42,0.7075,-1,-1,-1
240,64,366.01,180.24,24.88,80.49,0.4230,-1,-1,-1
241,1,410.55,83.18,154.26,376.14,0.8927,-1,-1,-1
241,2,2.36,14.78,265.85,460.83,0.7141,-1,-1,-1
241,21,308.78,123.41,76.74,194.17,0.7989,-1,-1,-1
241,48,596.91,196.35,32.91,61.06,0.3109,-1,-1,-1
241,64,366.23,180.94,24.03,79.52,0.3866,-1,-1,-1
242,1,414.06,86.81,149.08,377.81,0.8769,-1,-1,-1
242,2,44.09,9.36,225.43,470.59,0.8343,-1,-1,-1
242,21,290.15,122.04,94.47,192.71,0.8221,-1,-1,-1
242,66,392.54,180.79,25.25,80.39,0.5069,-1,-1,-1
242,67,2.50,114.57,105.01,324.92,0.4648,-1,-1,-1
243,1,415.05,88.78,146.20,380.92,0.8920,-1,-1,-1
243,2,50.65,7.04,224.96,471.08,0.8378,-1,-1,-1
243,21,304.13,121.74,78.26,189.36,0.8472,-1,-1,-1
243,66,391.21,180.94,26.69,80.95,0.5727,-1,-1,-1
243,67,6.63,115.58,101.70,325.83,0.3915,-1,-1,-1
243,68,575.91,20.91,63.91,459.03,0.7338,-1,-1,-1
244,1,424.30,90.39,141.43,378.74,0.8873,-1,-1,-1
244,2,73.35,7.37,205.76,468.81,0.7835,-1,-1,-1
244,21,316.46,120.65,66.00,189.41,0.7005,-1,-1,-1
244,66,393.76,178.98,25.14,83.14,0.5854,-1,-1,-1
244,68,543.42,1.80,96.37,478.08,0.8332,-1,-1,-1
244,70,536.09,134.23,36.37,90.34,0.3441,-1,-1,-1
244,71,10.34,168.58,57.29,85.90,0.7447,-1,-1,-1
245,1,428.80,87.43,133.78,384.99,0.8594,-1,-1,-1
245,2,69.62,10.06,214.51,449.75,0.8552,-1,-1,-1
245,21,310.96,121.20,72.02,192.65,0.7877,-1,-1,-1
245,66,391.60,179.49,25.62,82.50,0.6204,-1,-1,-1
245,68,530.70,-2.76,109.19,480.18,0.7258,-1,-1,-1
245,72,413.48,172.80,30.99,106.55,0.4902,-1,-1,-1
246,1,434.10,86.30,119.04,381.85,0.8571,-1,-1,-1
246,2,74.13,8.87,212.84,468.07,0.9022,-1,-1,-1
246,21,306.12,121.01,75.70,190.39,0.8129,-1,-1,-1
246,66,387.98,175.12,28.02,86.50,0.5734,-1,-1,-1
246,68,532.97,-2.12,106.75,480.09,0.7496,-1,-1,-1
246,72,411.47,169.27,39.15,109.38,0.7345,-1,-1,-1
247,1,436.78,85.38,116.76,364.46,0.8353,-1,-1,-1
247,2,80.49,10.03,206.90,466.34,0.9034,-1,-1,-1
247,21,307.06,122.27,72.14,189.95,0.8134,-1,-1,-1
247,66,386.29,176.20,26.02,84.90,0.6345,-1,-1,-1
247,68,504.22,-0.20,135.45,477.84,0.8081,-1,-1,-1
247,71,1.07,165.82,15.98,87.90,0.6918,-1,-1,-1
247,72,408.73,171.54,32.92,106.91,0.7496,-1,-1,-1
247,74,28.51,195.37,18.75,38.46,0.5784,-1,-1,-1
248,1,436.18,87.84,130.11,353.31,0.8476,-1,-1,-1
248,2,87.25,8.70,201.92,469.58,0.8323,-1,-1,-1
248,21,306.42,122.68,73.30,190.04,0.8410,-1,-1,-1
248,66,383.87,174.53,28.33,87.13,0.6754,-1,-1,-1
248,68,524.70,0.70,114.99,479.21,0.8615,-1,-1,-1
248,72,407.68,171.98,34.19,107.83,0.7694,-1,-1,-1
248,74,27.22,194.72,18.77,38.92,0.6141,-1,-1,-1
248,75,285.43,168.78,28.09,93.40,0.5163,-1,-1,-1
249,1,446.35,86.53,122.80,359.68,0.7634,-1,-1,-1
249,2,97.63,7.12,197.31,471.65,0.8886,-1,-1,-1
249,21,311.67,121.78,72.90,186.73,0.8361,-1,-1,-1
249,66,386.05,173.95,29.48,88.03,0.6865,-1,-1,-1
249,68,497.87,0.61,141.92,477.31,0.8527,-1,-1,-1
249,72,410.47,170.17,34.91,110.82,0.7719,-1,-1,-1
249,74,29.33,195.36,17.16,38.22,0.5671,-1,-1,-1
249,75,290.31,169.57,24.43,92.39,0.6555,-1,-1,-1
250,1,459.78,87.79,122.50,365.43,0.6550,-1,-1,-1
250,2,109.92,7.98,193.75,470.44,0.9175,-1,-1,-1
250,21,318.82,123.12,71.53,182.04,0.8530,-1,-1,-1
250,66,390.22,175.11,30.23,90.91,0.6790,-1,-1,-1
250,68,502.65,0.68,137.18,479.57,0.8216,-1,-1,-1
250,72,414.21,171.94,35.23,113.25,0.7797,-1,-1,-1
250,74,33.01,197.13,18.32,39.42,0.5369,-1,-1,-1
250,75,297.50,172.87,21.61,91.67,0.5936,-1,-1,-1
250,76,77.91,175.91,37.44,87.61,0.4467,-1,-1,-1
251,2,120.50,10.08,189.09,469.88,0.9128,-1,-1,-1
251,21,324.52,123.92,67.33,182.25,0.8604,-1,-1,-1
251,66,394.70,175.07,27.13,91.47,0.6133,-1,-1,-1
251,68,511.15,0.25,128.62,479.87,0.8438,-1,-1,-1
251,72,414.91,170.58,36.96,116.20,0.7772,-1,-1,-1
251,74,35.09,197.05,17.08,40.50,0.5071,-1,-1,-1
251,76,73.19,178.61,27.16,84.61,0.3684,-1,-1,-1
252,2,126.79,17.05,189.80,462.99,0.8903,-1,-1,-1
252,21,327.88,128.65,65.93,181.56,0.8593,-1,-1,-1
252,66,397.35,177.33,27.18,92.33,0.5378,-1,-1,-1
252,68,518.99,3.39,120.70,470.97,0.8710,-1,-1,-1
252,72,416.43,174.48,35.95,117.00,0.7352,-1,-1,-1
252,74,36.97,199.27,16.30,40.64,0.4360,-1,-1,-1
252,77,66.72,179.68,50.89,90.37,0.6008,-1,-1,-1
253,2,137.78,28.10,186.03,451.73,0.8998,-1,-1,-1
253,21,333.70,130.65,68.25,182.47,0.8574,-1,-1,-1
253,29,460.98,142.31,57.72,179.11,0.7376,-1,-1,-1
253,66,401.13,174.26,27.30,95.13,0.5319,-1,-1,-1
253,68,523.29,5.24,116.57,467.06,0.8819,-1,-1,-1
253,72,420.58,174.32,36.95,120.15,0.6896,-1,-1,-1
253,74,42.93,202.22,14.97,39.42,0.4388,-1,-1,-1
253,77,66.03,180.23,49.87,93.66,0.7021,-1,-1,-1
253,78,501.01,145.69,49.62,162.96,0.3226,-1,-1,-1
254,2,147.36,28.77,182.30,450.71,0.8914,-1,-1,-1
254,21,338.88,133.77,63.31,179.89,0.8497,-1,-1,-1
254,29,459.92,141.43,56.72,181.80,0.7379,-1,-1,-1
254,66,404.92,175.42,26.12,95.39,0.4111,-1,-1,-1
254,68,529.00,3.90,110.53,473.24,0.8783,-1,-1,-1
254,72,421.63,171.52,37.91,123.40,0.6798,-1,-1,-1
254,74,44.29,202.99,14.77,39.25,0.3581,-1,-1,-1
254,77,67.82,179.88,44.82,93.31,0.6662,-1,-1,-1
255,2,129.50,37.78,211.81,442.17,0.8651,-1,-1,-1
255,21,342.41,137.20,60.13,178.66,0.8388,-1,-1,-1
255,29,440.52,142.31,74.24,187.19,0.8488,-1,-1,-1
255,68,527.84,4.03,111.65,475.25,0.8989,-1,-1,-1
255,72,418.82,172.03,37.92,126.08,0.6404,-1,-1,-1
255,77,59.88,180.67,40.32,97.10,0.6410,-1,-1,-1
255,80,113.12,143.11,54.12,160.79,0.7455,-1,-1,-1
256,2,165.88,35.44,186.30,443.77,0.8960,-1,-1,-1
256,21,344.41,134.31,58.53,177.18,0.7647,-1,-1,-1
256,29,427.47,141.48,86.07,190.56,0.8100,-1,-1,-1
256,68,525.62,0.80,114.10,477.29,0.9070,-1,-1,-1
256,72,415.76,168.32,36.24,130.18,0.5564,-1,-1,-1
256,77,39.35,178.12,47.93,100.56,0.6230,-1,-1,-1
256,80,83.12,134.83,72.85,168.76,0.6308,-1,-1,-1
256,81,495.40,167.98,46.34,134.76,0.5908,-1,-1,-1
257,2,168.57,35.87,185.82,442.16,0.8837,-1,-1,-1
257,21,345.70,132.80,52.42,176.25,0.7822,-1,-1,-1
257,29,426.95,139.08,84.24,196.18,0.8734,-1,-1,-1
257,68,524.20,0.32,115.45,478.79,0.9039,-1,-1,-1
257,77,15.39,178.81,64.86,101.65,0.6379,-1,-1,-1
257,80,58.27,131.53,84.83,176.46,0.7949,-1,-1,-1
257,81,489.34,167.78,51.55,143.14,0.6823,-1,-1,-1
258,2,152.07,27.76,202.93,449.67,0.8612,-1,-1,-1
258,21,343.08,133.22,55.81,179.53,0.7985,-1,-1,-1
258,29,412.48,132.17,78.51,207.46,0.8205,-1,-1,-1
258,68,483.71,0.47,156.28,479.48,0.8379,-1,-1,-1
258,77,2.30,182.38,53.25,97.59,0.3842,-1,-1,-1
258,80,32.80,132.28,99.11,180.12,0.8589,-1,-1,-1
258,81,483.59,164.16,53.46,148.95,0.6868,-1,-1,-1
259,2,150.70,28.48,200.55,449.95,0.8737,-1,-1,-1
259,21,344.47,136.42,51.01,177.15,0.7992,-1,-1,-1
259,29,397.92,128.40,72.94,213.24,0.8711,-1,-1,-1
259,68,472.62,0.06,167.19,480.06,0.8553,-1,-1,-1
259,77,-3.31,176.33,43.57,99.01,0.4509,-1,-1,-1
259,80,11.26,129.14,111.36,184.90,0.8813,-1,-1,-1
259,81,480.27,163.25,58.69,150.14,0.6150,-1,-1,-1
260,2,143.40,27.51,197.75,452.52,0.9072,-1,-1,-1
260,21,335.95,141.13,53.45,173.86,0.7811,-1,-1,-1
260,29,391.12,127.62,72.06,224.56,0.7486,-1,-1,-1
260,68,498.32,1.27,141.20,478.83,0.8915,-1,-1,-1
260,80,-0.53,127.26,104.65,192.59,0.8999,-1,-1,-1
260,81,473.33,142.77,57.77,176.31,0.6934,-1,-1,-1
261,2,134.12,26.76,193.27,453.31,0.8995,-1,-1,-1
261,21,323.73,145.79,58.05,171.80,0.8075,-1,-1,-1
261,29,360.01,129.40,99.64,232.62,0.8355,-1,-1,-1
261,68,488.71,1.49,151.07,477.68,0.9111,-1,-1,-1
261,80,-1.53,124.25,79.02,195.56,0.8625,-1,-1,-1
261,81,466.45,146.11,46.97,179.29,0.6191,-1,-1,-1
262,2,118.19,22.14,195.28,457.40,0.8415,-1,-1,-1
262,21,317.30,146.56,56.42,168.89,0.6457,-1,-1,-1
262,29,332.53,128.38,111.75,240.47,0.8337,-1,-1,-1
262,56,-0.38,157.70,40.44,162.81,0.3262,-1,-1,-1
262,68,459.25,1.73,180.52,475.68,0.8910,-1,-1,-1
263,2,109.05,11.93,196.06,468.11,0.8953,-1,-1,-1
263,29,320.76,121.06,102.32,257.51,0.8725,-1,-1,-1
263,68,442.95,0.77,196.79,477.58,0.9250,-1,-1,-1
264,2,103.37,10.49,194.34,468.13,0.8477,-1,-1,-1
264,29,318.07,117.18,106.55,264.00,0.8487,-1,-1,-1
264,68,437.71,0.46,201.99,478.99,0.9050,-1,-1,-1
265,2,73.61,8.09,219.38,471.48,0.8510,-1,-1,-1
265,29,288.50,108.08,78.34,279.56,0.7723,-1,-1,-1
265,68,431.25,0.87,208.36,476.71,0.9102,-1,-1,-1
265,72,374.51,160.71,47.21,156.47,0.8162,-1,-1,-1
266,2,79.53,9.00,212.15,470.26,0.8523,-1,-1,-1
266,21,336.19,147.34,41.74,157.47,0.7443,-1,-1,-1
266,29,284.06,99.49,63.81,287.52,0.7699,-1,-1,-1
266,68,424.83,0.67,214.87,476.14,0.8698,-1,-1,-1
266,72,370.67,156.08,46.84,159.74,0.7845,-1,-1,-1
267,2,58.87,6.24,229.15,471.64,0.8257,-1,-1,-1
267,21,315.36,140.43,51.11,158.29,0.8247,-1,-1,-1
267,29,256.68,88.80,82.69,293.57,0.7856,-1,-1,-1
267,68,422.70,0.75,217.14,476.41,0.9143,-1,-1,-1
267,72,360.01,146.98,63.01,165.21,0.7855,-1,-1,-1
268,2,39.05,0.54,246.59,478.89,0.7727,-1,-1,-1
268,21,308.85,134.07,54.42,161.39,0.8494,-1,-1,-1
268,29,242.41,78.30,90.71,301.02,0.5002,-1,-1,-1
268,68,423.27,0.55,216.49,476.11,0.9181,-1,-1,-1
268,72,355.62,141.16,66.37,166.48,0.7798,-1,-1,-1
269,2,31.71,-0.53,262.92,480.08,0.8081,-1,-1,-1
269,21,308.06,130.08,53.20,158.74,0.8000,-1,-1,-1
269,68,419.35,0.89,220.66,474.12,0.9117,-1,-1,-1
269,72,347.34,135.57,60.24,171.04,0.7764,-1,-1,-1
269,84,276.18,146.20,34.35,128.92,0.3927,-1,-1,-1
270,2,36.40,-0.23,255.40,479.19,0.8814,-1,-1,-1
270,21,310.98,110.76,40.87,160.09,0.7387,-1,-1,-1
270,68,405.02,0.23,234.99,476.46,0.9088,-1,-1,-1
270,72,337.57,114.79,56.95,176.75,0.7991,-1,-1,-1
270,85,589.62,178.65,50.25,229.00,0.6833,-1,-1,-1
271,2,31.89,-0.80,258.94,474.96,0.8834,-1,-1,-1
271,21,315.63,83.76,34.66,161.77,0.5844,-1,-1,-1
271,66,298.56,110.85,23.62,122.61,0.3437,-1,-1,-1
271,68,400.31,-0.10,239.64,479.33,0.9133,-1,-1,-1
271,72,328.26,86.33,59.99,182.03,0.7889,-1,-1,-1
271,85,591.70,97.53,48.13,270.83,0.5437,-1,-1,-1
272,2,31.66,-2.24,246.05,442.89,0.7821,-1,-1,-1
272,66,272.56,69.66,37.19,135.74,0.4070,-1,-1,-1
272,68,396.84,-0.37,242.69,479.83,0.9158,-1,-1,-1
272,72,314.71,48.02,67.29,191.89,0.8086,-1,-1,-1
272,85,590.45,40.83,48.90,298.36,0.4047,-1,-1,-1
273,2,26.78,1.00,246.87,445.94,0.6985,-1,-1,-1
273,66,252.66,61.31,61.14,146.80,0.7548,-1,-1,-1
273,68,397.48,0.34,242.15,479.76,0.9118,-1,-1,-1
273,72,311.26,41.30,65.65,195.09,0.7510,-1,-1,-1
273,85,582.98,107.62,59.90,209.13,0.3695,-1,-1,-1
273,86,16.68,4.63,102.50,373.20,0.3712,-1,-1,-1
274,2,76.22,3.09,179.85,476.35,0.7080,-1,-1,-1
274,66,258.48,80.60,51.25,142.77,0.7571,-1,-1,-1
274,68,396.94,1.21,241.85,473.24,0.9034,-1,-1,-1
274,72,306.15,54.83,69.14,199.02,0.7752,-1,-1,-1
274,85,586.20,64.89,53.58,259.39,0.4814,-1,-1,-1
274,86,11.92,11.65,69.17,272.62,0.4690,-1,-1,-1
275,2,35.57,1.94,221.19,476.21,0.8454,-1,-1,-1
275,66,264.91,100.37,39.05,139.97,0.6510,-1,-1,-1
275,68,394.72,1.52,241.47,475.26,0.8676,-1,-1,-1
275,72,297.21,73.15,65.97,203.05,0.7900,-1,-1,-1
275,85,599.38,16.63,40.42,316.37,0.5052,-1,-1,-1
275,86,0.81,80.46,53.31,236.03,0.6450,-1,-1,-1
276,2,40.33,4.11,210.67,467.23,0.8090,-1,-1,-1
276,56,-0.02,169.28,28.52,99.94,0.4693,-1,-1,-1
276,66,259.96,132.57,47.68,133.46,0.4930,-1,-1,-1
276,68,404.10,1.22,234.51,478.18,0.9043,-1,-1,-1
276,72,292.55,102.03,71.45,204.57,0.8094,-1,-1,-1
276,85,602.99,99.18,38.59,250.46,0.4004,-1,-1,-1
277,2,45.14,2.06,199.15,436.80,0.8311,-1,-1,-1
277,66,248.29,142.78,38.30,131.43,0.4886,-1,-1,-1
277,68,404.61,0.55,234.42,479.66,0.9186,-1,-1,-1
277,72,283.77,112.31,69.73,210.05,0.7238,-1,-1,-1
277,85,596.93,51.05,42.88,316.13,0.4076,-1,-1,-1
278,2,25.89,-0.38,208.89,477.15,0.8500,-1,-1,-1
278,21,325.84,132.27,44.77,143.31,0.5719,-1,-1,-1
278,66,238.63,147.76,37.34,127.87,0.5447,-1,-1,-1
278,68,401.34,0.14,219.56,479.77,0.9041,-1,-1,-1
278,72,270.01,112.98,72.09,218.43,0.7791,-1,-1,-1
278,85,589.28,87.73,51.51,273.62,0.4631,-1,-1,-1
279,2,8.91,22.40,205.09,454.88,0.8796,-1,-1,-1
279,21,315.33,148.56,54.59,143.97,0.6580,-1,-1,-1
279,68,381.14,0.47,218.58,479.20,0.8974,-1,-1,-1
279,72,253.92,129.07,74.75,223.76,0.7787,-1,-1,-1
279,85,578.58,63.22,61.24,313.68,0.8095,-1,-1,-1
279,89,188.34,143.17,64.21,194.83,0.7392,-1,-1,-1
280,2,-0.27,20.66,184.84,456.54,0.8899,-1,-1,-1
280,21,298.43,149.45,54.10,146.36,0.8051,-1,-1,-1
280,68,359.19,-0.07,222.00,477.97,0.8895,-1,-1,-1
280,72,232.38,126.58,74.59,228.31,0.7875,-1,-1,-1
280,85,565.24,60.42,74.67,315.17,0.8290,-1,-1,-1
280,89,168.86,144.86,72.46,201.81,0.8066,-1,-1,-1
281,2,-2.03,2.97,146.83,476.78,0.9054,-1,-1,-1
281,21,269.15,138.31,51.51,145.06,0.8328,-1,-1,-1
281,68,330.81,0.15,233.50,479.52,0.9069,-1,-1,-1
281,72,193.98,105.94,78.25,243.28,0.7881,-1,-1,-1
281,85,543.35,57.76,83.93,307.91,0.8293,-1,-1,-1
281,89,140.03,132.50,74.17,200.87,0.8363,-1,-1,-1
281,90,317.33,101.87,57.77,219.92,0.6757,-1,-1,-1
282,2,-1.03,11.05,117.48,466.52,0.8910,-1,-1,-1
282,21,259.33,145.11,42.85,143.99,0.8065,-1,-1,-1
282,66,113.18,155.53,33.07,150.97,0.6130,-1,-1,-1
282,68,329.06,1.09,238.46,479.50,0.9030,-1,-1,-1
282,72,162.83,107.04,82.82,256.01,0.8023,-1,-1,-1
282,85,531.44,89.27,81.66,300.39,0.4127,-1,-1,-1
282,89,137.82,135.30,38.36,190.72,0.6079,-1,-1,-1
282,90,292.24,77.45,73.28,292.93,0.5355,-1,-1,-1
283,2,3.03,21.47,117.94,456.04,0.8595,-1,-1,-1
283,21,263.35,158.25,36.83,144.52,0.7235,-1,-1,-1
283,66,110.39,166.47,44.88,150.57,0.6085,-1,-1,-1
283,68,349.85,0.70,234.37,480.08,0.8830,-1,-1,-1
283,72,148.23,115.36,92.65,266.05,0.8316,-1,-1,-1
283,85,529.96,128.62,78.07,286.01,0.3848,-1,-1,-1
283,90,306.82,128.84,74.76,278.27,0.6678,-1,-1,-1
284,2,6.61,17.12,127.10,461.77,0.8169,-1,-1,-1
284,21,274.70,160.30,40.29,144.49,0.7296,-1,-1,-1
284,66,117.65,164.89,43.52,152.44,0.7253,-1,-1,-1
284,68,380.54,0.76,226.60,479.37,0.8913,-1,-1,-1
284,72,149.61,113.09,94.70,272.54,0.8489,-1,-1,-1
284,90,317.99,129.22,83.11,289.96,0.7438,-1,-1,-1
284,91,297.93,85.61,68.60,231.00,0.5066,-1,-1,-1
285,2,3.90,17.53,134.29,461.85,0.8868,-1,-1,-1
285,21,290.13,158.85,36.90,141.87,0.7029,-1,-1,-1
285,66,122.33,160.71,46.99,158.46,0.6721,-1,-1,-1
285,68,412.31,0.42,225.35,479.36,0.9175,-1,-1,-1
285,72,160.01,105.46,89.58,277.54,0.8549,-1,-1,-1
285,81,338.22,84.79,88.87,332.59,0.8513,-1,-1,-1
285,91,311.42,74.26,68.84,278.49,0.7349,-1,-1,-1
286,2,2.55,29.19,141.40,450.79,0.9024,-1,-1,-1
286,66,129.99,164.56,41.90,160.95,0.6712,-1,-1,-1
286,68,442.60,0.70,197.34,478.63,0.9100,-1,-1,-1
286,72,164.99,105.38,92.07,283.73,0.8644,-1,-1,-1
286,81,354.01,77.39,104.00,359.77,0.8755,-1,-1,-1
286,91,316.92,73.19,77.63,286.69,0.6261,-1,-1,-1
286,92,252.06,173.14,34.23,129.34,0.4763,-1,-1,-1
287,2,2.20,37.37,146.12,442.65,0.8947,-1,-1,-1
287,66,136.65,162.86,39.55,165.85,0.6259,-1,-1,-1
287,68,472.14,-0.02,167.67,479.33,0.8892,-1,-1,-1
287,72,168.47,104.31,99.99,289.48,0.8161,-1,-1,-1
287,81,367.64,66.72,121.25,383.24,0.8855,-1,-1,-1
287,91,328.66,72.39,80.27,294.38,0.7646,-1,-1,-1
287,92,265.44,173.01,33.70,128.39,0.4458,-1,-1,-1
288,2,1.27,39.48,149.87,440.48,0.8996,-1,-1,-1
288,66,138.08,160.05,46.39,166.54,0.6094,-1,-1,-1
288,68,503.10,-0.11,136.73,479.61,0.8587,-1,-1,-1
288,72,173.79,99.14,95.15,302.85,0.8313,-1,-1,-1
288,81,383.56,56.57,142.35,404.83,0.8844,-1,-1,-1
288,91,339.30,64.82,85.07,303.51,0.8195,-1,-1,-1
288,92,277.78,168.64,31.49,132.03,0.5886,-1,-1,-1
289,2,1.61,51.27,160.17,428.42,0.9024,-1,-1,-1
289,66,146.54,158.84,59.91,174.62,0.6040,-1,-1,-1
289,68,556.82,5.78,83.06,471.81,0.8151,-1,-1,-1
289,72,184.95,101.22,99.28,316.22,0.8151,-1,-1,-1
289,81,406.28,51.84,150.10,422.18,0.8817,-1,-1,-1
289,91,356.82,60.76,86.39,314.97,0.7690,-1,-1,-1
289,92,294.34,169.82,33.55,132.93,0.5497,-1,-1,-1
289,93,260.37,157.99,47.30,176.90,0.6808,-1,-1,-1
290,2,2.02,59.26,173.51,420.38,0.8948,-1,-1,-1
290,66,159.11,156.42,47.32,177.87,0.6925,-1,-1,-1
290,72,196.53,98.95,103.03,327.77,0.8002,-1,-1,-1
290,81,431.04,38.53,163.35,441.51,0.8745,-1,-1,-1
290,89,288.66,160.38,41.95,178.93,0.5818,-1,-1,-1
290,91,375.29,51.80,89.95,338.90,0.8410,-1,-1,-1
290,92,316.66,172.49,32.65,126.70,0.4800,-1,-1,-1
290,94,559.16,65.75,72.30,362.31,0.5660,-1,-1,-1
291,2,4.57,56.35,178.15,423.50,0.8691,-1,-1,-1
291,66,166.40,151.60,49.77,179.87,0.7067,-1,-1,-1
291,72,210.95,91.53,104.41,345.27,0.8386,-1,-1,-1
291,81,449.59,25.47,178.91,450.19,0.8856,-1,-1,-1
291,89,306.99,161.61,50.38,176.60,0.6888,-1,-1,-1
291,91,390.89,42.54,107.44,352.75,0.8330,-1,-1,-1
291,94,587.47,56.17,52.51,395.62,0.6427,-1,-1,-1
292,2,11.05,53.95,180.03,425.47,0.8850,-1,-1,-1
292,66,170.44,156.32,56.24,176.97,0.7101,-1,-1,-1
292,72,221.81,88.30,112.69,364.22,0.8385,-1,-1,-1
292,81,471.87,12.30,168.01,466.77,0.8920,-1,-1,-1
292,89,322.65,166.99,58.30,174.59,0.7875,-1,-1,-1
292,91,406.89,37.06,112.52,371.94,0.8805,-1,-1,-1
292,92,359.00,182.22,24.87,117.34,0.3406,-1,-1,-1
293,2,12.71,45.17,181.72,434.77,0.9074,-1,-1,-1
293,66,167.37,150.33,63.30,183.11,0.5395,-1,-1,-1
293,72,231.10,77.02,111.15,373.62,0.8477,-1,-1,-1
293,81,488.41,0.15,151.61,479.60,0.8871,-1,-1,-1
293,89,332.25,168.43,63.62,173.83,0.8566,-1,-1,-1
293,91,417.43,25.50,122.51,401.92,0.8619,-1,-1,-1
294,2,24.18,46.02,178.45,433.94,0.8777,-1,-1,-1
294,56,226.92,191.61,33.43,118.30,0.3127,-1,-1,-1
294,72,238.63,68.26,118.03,394.50,0.8386,-1,-1,-1
294,81,513.98,1.37,126.00,476.86,0.8183,-1,-1,-1
294,89,349.30,166.59,65.21,175.64,0.8115,-1,-1,-1
294,91,430.13,17.35,133.13,423.19,0.8433,-1,-1,-1
295,2,35.44,47.09,178.71,432.63,0.7477,-1,-1,-1
295,72,244.86,57.88,122.59,414.01,0.8833,-1,-1,-1
295,81,536.55,66.41,103.08,411.49,0.8526,-1,-1,-1
295,89,370.45,165.08,59.54,172.41,0.7780,-1,-1,-1
295,91,443.10,8.53,142.97,442.20,0.8817,-1,-1,-1
295,96,214.03,192.74,38.08,114.48,0.7580,-1,-1,-1
296,2,4.58,55.18,219.62,423.21,0.8221,-1,-1,-1
296,72,250.45,50.45,124.63,425.41,0.8884,-1,-1,-1
296,81,556.56,63.81,83.46,416.80,0.7014,-1,-1,-1
296,89,385.50,164.02,56.72,177.10,0.8128,-1,-1,-1
296,91,452.09,1.51,153.55,460.16,0.8690,-1,-1,-1
296,96,219.80,194.92,40.60,114.78,0.7645,-1,-1,-1
296,97,10.66,131.87,60.52,183.40,0.6204,-1,-1,-1
297,2,3.18,55.05,224.43,422.93,0.8672,-1,-1,-1
297,72,247.60,35.31,132.36,441.61,0.8809,-1,-1,-1
297,81,588.18,98.99,52.33,348.72,0.4677,-1,-1,-1
297,89,387.21,161.95,68.43,176.18,0.8627,-1,-1,-1
297,91,460.11,-0.18,165.58,465.76,0.8799,-1,-1,-1
297,96,222.81,194.95,37.86,112.37,0.4856,-1,-1,-1
297,97,1.35,125.52,69.63,212.77,0.7810,-1,-1,-1
298,2,42.91,55.02,186.19,424.03,0.7866,-1,-1,-1
298,72,237.71,18.57,143.88,460.75,0.8797,-1,-1,-1
298,89,399.03,166.17,84.63,171.40,0.8573,-1,-1,-1
298,91,467.44,-0.00,172.28,479.21,0.9150,-1,-1,-1
298,97,3.00,120.96,54.23,195.02,0.8388,-1,-1,-1
299,2,60.43,53.53,180.96,424.49,0.8572,-1,-1,-1
299,72,238.89,8.43,139.49,471.64,0.8843,-1,-1,-1
299,89,403.97,168.44,86.19,169.28,0.8671,-1,-1,-1
299,91,472.43,0.32,167.41,479.74,0.9084,-1,-1,-1
299,92,394.37,172.46,35.90,124.18,0.3710,-1,-1,-1
299,97,0.57,117.07,51.77,202.22,0.8598,-1,-1,-1
300,2,78.14,50.73,164.77,429.33,0.8131,-1,-1,-1
300,72,225.45,0.20,146.24,478.20,0.8594,-1,-1,-1
300,89,411.94,164.63,82.90,171.59,0.8894,-1,-1,-1
300,91,487.75,-0.02,152.01,480.14,0.8959,-1,-1,-1
300,92,406.40,173.59,31.80,119.44,0.4042,-1,-1,-1
300,97,-2.03,136.20,58.65,198.51,0.8118,-1,-1,-1
300,99,369.47,168.01,49.43,138.03,0.7342,-1,-1,-1
