1,1,0.00,8.85,351.22,1061.89,0.9275,-1,-1,-1
1,2,874.76,152.61,238.81,626.87,0.8143,-1,-1,-1
1,3,546.17,271.41,94.46,315.82,0.8119,-1,-1,-1
1,4,403.99,277.97,107.41,319.40,0.8106,-1,-1,-1
2,1,-2.73,6.48,351.85,1064.20,0.9307,-1,-1,-1
2,2,868.27,149.12,239.46,628.86,0.8053,-1,-1,-1
2,3,542.48,266.97,96.20,321.70,0.8085,-1,-1,-1
2,4,399.62,274.72,108.06,321.16,0.8139,-1,-1,-1
3,1,-5.05,5.26,351.04,1062.83,0.9292,-1,-1,-1
3,2,860.37,151.70,238.62,627.64,0.8283,-1,-1,-1
3,3,537.24,265.87,97.63,326.52,0.8042,-1,-1,-1
3,4,392.05,274.38,108.49,322.45,0.8446,-1,-1,-1
4,1,-10.65,3.65,349.69,1061.70,0.9252,-1,-1,-1
4,2,859.12,152.96,238.20,628.70,0.8344,-1,-1,-1
4,3,531.56,264.82,98.28,329.00,0.8075,-1,-1,-1
4,4,383.49,271.35,110.11,327.04,0.8421,-1,-1,-1
4,5,1043.18,292.77,94.07,342.32,0.5789,-1,-1,-1
5,1,-17.38,3.21,348.08,1062.46,0.9159,-1,-1,-1
5,2,860.96,152.08,239.28,635.95,0.8186,-1,-1,-1
5,3,525.72,262.54,99.67,334.02,0.8087,-1,-1,-1
5,4,376.80,265.64,111.59,331.53,0.8346,-1,-1,-1
5,5,1043.50,292.31,94.06,343.18,0.5786,-1,-1,-1
6,1,-24.39,16.17,342.95,1055.84,0.8776,-1,-1,-1
6,2,865.28,151.20,234.49,628.52,0.8032,-1,-1,-1
6,3,520.89,262.00,100.33,335.85,0.7972,-1,-1,-1
6,4,371.51,262.15,112.55,334.66,0.8305,-1,-1,-1
6,5,1040.93,293.24,94.02,344.37,0.5863,-1,-1,-1
7,1,-24.71,61.43,324.83,1009.52,0.9035,-1,-1,-1
7,2,870.38,152.71,229.62,622.08,0.8162,-1,-1,-1
7,3,515.23,259.53,102.56,343.59,0.7800,-1,-1,-1
7,4,364.09,260.36,113.75,338.14,0.8224,-1,-1,-1
7,5,1037.01,296.09,94.08,345.88,0.6034,-1,-1,-1
8,1,-26.68,84.20,313.76,986.74,0.8960,-1,-1,-1
8,2,870.83,152.62,228.60,626.39,0.7931,-1,-1,-1
8,3,510.55,261.64,103.15,345.94,0.8154,-1,-1,-1
8,4,355.70,259.39,115.33,341.99,0.8266,-1,-1,-1
8,5,1034.56,299.09,93.90,346.17,0.6753,-1,-1,-1
8,6,861.08,263.27,78.40,300.22,0.5858,-1,-1,-1
9,1,-37.13,99.02,303.30,973.04,0.8638,-1,-1,-1
9,2,869.42,153.90,225.69,625.97,0.7894,-1,-1,-1
9,3,506.64,261.91,102.91,344.88,0.8364,-1,-1,-1
9,4,349.80,259.79,116.25,343.84,0.8186,-1,-1,-1
9,5,1032.13,302.92,93.82,347.87,0.6621,-1,-1,-1
9,6,859.91,263.40,78.43,300.78,0.5881,-1,-1,-1
9,7,720.16,321.19,42.54,130.96,0.5789,-1,-1,-1
10,1,-42.20,107.20,292.70,961.57,0.7268,-1,-1,-1
10,2,865.93,156.52,222.42,623.77,0.8161,-1,-1,-1
10,3,501.51,263.70,103.94,347.40,0.8259,-1,-1,-1
10,4,345.09,258.89,117.24,346.96,0.8078,-1,-1,-1
10,5,1030.68,301.48,94.17,352.18,0.7003,-1,-1,-1
10,6,858.75,261.17,78.94,303.47,0.5662,-1,-1,-1
10,7,719.71,324.01,42.58,131.22,0.5862,-1,-1,-1
11,1,-50.32,111.90,281.75,955.12,0.7332,-1,-1,-1
11,2,863.07,156.60,221.46,628.93,0.8167,-1,-1,-1
11,3,495.20,262.32,105.88,352.83,0.8231,-1,-1,-1
11,4,338.87,260.73,118.26,349.14,0.7889,-1,-1,-1
11,5,1028.78,297.91,94.42,358.64,0.6633,-1,-1,-1
11,6,858.23,273.90,75.88,292.89,0.5329,-1,-1,-1
11,7,718.10,326.31,41.95,129.58,0.5182,-1,-1,-1
12,1,-29.81,117.72,221.42,762.52,0.7881,-1,-1,-1
12,2,856.66,158.11,219.93,631.91,0.8356,-1,-1,-1
12,3,491.14,259.16,107.64,358.00,0.7974,-1,-1,-1
12,4,330.25,263.40,119.98,351.78,0.8274,-1,-1,-1
12,5,1026.52,297.31,93.57,361.68,0.6770,-1,-1,-1
12,6,856.55,249.79,81.21,316.32,0.3897,-1,-1,-1
12,7,717.39,327.66,42.52,131.45,0.5499,-1,-1,-1
12,9,776.87,320.13,47.06,134.06,0.5494,-1,-1,-1
13,1,-19.10,138.36,179.16,626.93,0.8200,-1,-1,-1
13,2,851.41,156.41,219.97,637.68,0.8253,-1,-1,-1
13,3,485.33,256.24,109.26,361.87,0.8271,-1,-1,-1
13,4,323.68,264.13,122.44,355.78,0.8302,-1,-1,-1
13,5,1026.66,299.55,90.73,355.62,0.6952,-1,-1,-1
13,7,716.04,328.37,42.81,132.74,0.4863,-1,-1,-1
13,9,775.23,321.28,47.02,133.65,0.5424,-1,-1,-1
14,1,-21.49,174.23,161.55,579.92,0.8183,-1,-1,-1
14,2,845.59,154.24,220.23,642.99,0.7862,-1,-1,-1
14,3,480.95,255.02,110.53,364.64,0.8364,-1,-1,-1
14,4,318.39,265.70,124.56,358.92,0.8351,-1,-1,-1
14,5,1025.45,293.98,90.08,358.25,0.6842,-1,-1,-1
14,7,715.41,328.16,43.13,133.47,0.5337,-1,-1,-1
14,9,773.92,323.67,45.81,130.13,0.5625,-1,-1,-1
15,1,-29.11,230.52,145.37,543.28,0.5546,-1,-1,-1
15,2,838.25,153.62,218.48,639.66,0.7979,-1,-1,-1
15,3,478.36,256.15,111.03,363.25,0.8390,-1,-1,-1
15,4,316.61,268.32,125.57,360.32,0.8286,-1,-1,-1
15,5,1022.91,285.97,91.34,367.66,0.6672,-1,-1,-1
15,7,715.40,330.20,42.64,131.11,0.5302,-1,-1,-1
15,9,773.24,323.12,45.60,129.37,0.5425,-1,-1,-1
16,2,834.48,153.49,218.44,640.46,0.8020,-1,-1,-1
16,3,476.36,256.07,112.92,366.25,0.8447,-1,-1,-1
16,4,312.53,269.21,127.93,365.32,0.8396,-1,-1,-1
16,5,1021.11,278.15,92.68,376.67,0.6328,-1,-1,-1
16,7,715.07,330.86,42.69,130.68,0.5304,-1,-1,-1
16,9,772.85,323.54,45.64,128.92,0.5743,-1,-1,-1
17,2,833.14,154.53,219.12,642.82,0.8270,-1,-1,-1
17,3,474.76,257.74,114.31,367.88,0.8425,-1,-1,-1
17,4,309.74,273.29,129.18,367.86,0.8504,-1,-1,-1
17,5,1020.23,275.70,92.81,378.48,0.6611,-1,-1,-1
17,7,714.28,330.45,44.11,134.54,0.5726,-1,-1,-1
17,9,772.90,325.22,46.04,129.10,0.5934,-1,-1,-1
18,2,832.58,157.18,221.26,651.71,0.8572,-1,-1,-1
18,3,472.66,258.60,116.90,373.17,0.8380,-1,-1,-1
18,4,309.49,276.98,130.04,369.87,0.8304,-1,-1,-1
18,5,1017.75,260.92,95.44,391.90,0.6970,-1,-1,-1
18,7,714.67,332.53,44.66,135.81,0.4783,-1,-1,-1
18,9,771.98,319.20,49.79,139.88,0.4270,-1,-1,-1
19,2,833.00,159.03,220.86,657.08,0.8586,-1,-1,-1
19,3,471.33,262.56,119.61,378.33,0.8214,-1,-1,-1
19,4,302.03,279.96,133.86,377.07,0.8303,-1,-1,-1
19,5,1014.19,256.03,96.80,397.85,0.7187,-1,-1,-1
19,7,715.31,336.87,45.34,137.94,0.4879,-1,-1,-1
19,9,773.83,329.24,47.71,133.16,0.5105,-1,-1,-1
20,2,834.40,165.26,218.20,656.20,0.8635,-1,-1,-1
20,3,471.49,269.50,120.99,379.92,0.8268,-1,-1,-1
20,4,300.76,285.22,135.72,379.41,0.8284,-1,-1,-1
20,5,1011.15,250.70,99.18,407.74,0.7665,-1,-1,-1
20,7,716.02,341.38,45.69,139.87,0.5284,-1,-1,-1
20,9,774.71,333.42,47.65,132.05,0.5669,-1,-1,-1
21,2,842.94,168.81,215.39,657.30,0.8511,-1,-1,-1
21,3,473.91,272.58,124.19,387.01,0.8124,-1,-1,-1
21,4,304.04,287.13,137.97,383.84,0.8442,-1,-1,-1
21,5,1015.94,248.90,101.37,414.18,0.8079,-1,-1,-1
21,9,777.06,335.16,48.45,131.74,0.3777,-1,-1,-1
22,2,859.87,169.04,213.57,659.91,0.8537,-1,-1,-1
22,3,488.34,275.50,125.54,390.63,0.8248,-1,-1,-1
22,4,317.30,288.45,139.38,386.60,0.8275,-1,-1,-1
22,5,1027.52,249.55,102.92,418.47,0.7957,-1,-1,-1
22,9,791.88,339.57,49.81,135.08,0.5636,-1,-1,-1
23,2,868.28,170.74,212.46,663.48,0.8619,-1,-1,-1
23,3,501.68,280.13,126.63,393.37,0.8267,-1,-1,-1
23,4,328.05,291.00,140.24,387.52,0.8289,-1,-1,-1
23,5,1038.50,252.14,104.70,421.90,0.8010,-1,-1,-1
24,2,873.45,172.98,211.75,663.85,0.8683,-1,-1,-1
24,3,513.08,284.13,127.96,396.51,0.8445,-1,-1,-1
24,4,338.89,293.05,141.95,390.96,0.8330,-1,-1,-1
24,5,1049.26,255.46,105.62,418.83,0.8175,-1,-1,-1
24,7,716.81,366.05,41.84,127.84,0.5326,-1,-1,-1
25,2,874.67,173.69,210.89,660.85,0.8634,-1,-1,-1
25,3,521.75,285.19,130.53,403.33,0.8443,-1,-1,-1
25,4,350.90,294.77,141.92,389.90,0.8319,-1,-1,-1
25,5,1060.58,257.45,107.47,419.40,0.8358,-1,-1,-1
26,2,880.70,174.61,210.35,656.48,0.8694,-1,-1,-1
26,3,534.90,292.08,131.06,405.05,0.7980,-1,-1,-1
26,4,362.97,295.73,144.33,394.76,0.8537,-1,-1,-1
26,5,1072.62,260.43,110.73,422.34,0.8313,-1,-1,-1
27,2,885.92,176.78,212.12,656.91,0.8630,-1,-1,-1
27,3,548.78,293.71,132.90,410.92,0.8309,-1,-1,-1
27,4,376.43,299.09,145.09,397.21,0.8406,-1,-1,-1
27,5,1088.37,265.16,112.84,419.81,0.8297,-1,-1,-1
28,2,891.20,183.15,214.56,658.00,0.8748,-1,-1,-1
28,3,558.77,298.71,133.54,413.43,0.8469,-1,-1,-1
28,4,384.37,304.71,146.03,399.03,0.8611,-1,-1,-1
28,5,1097.13,271.80,114.97,418.13,0.8360,-1,-1,-1
29,2,889.78,189.87,215.86,659.36,0.8794,-1,-1,-1
29,3,564.13,300.29,134.67,417.17,0.8639,-1,-1,-1
29,4,389.32,308.91,147.24,404.15,0.8420,-1,-1,-1
29,5,1102.43,277.31,119.63,426.55,0.8128,-1,-1,-1
29,9,815.40,367.49,52.37,144.85,0.5042,-1,-1,-1
30,2,891.57,195.17,217.13,660.77,0.8922,-1,-1,-1
30,3,569.34,300.58,135.20,417.81,0.8519,-1,-1,-1
30,4,394.22,312.15,149.12,410.81,0.8394,-1,-1,-1
30,5,1109.72,280.73,123.83,431.57,0.8322,-1,-1,-1
30,9,823.36,370.92,51.34,142.59,0.4914,-1,-1,-1
31,2,892.75,200.67,219.06,664.06,0.8832,-1,-1,-1
31,3,573.71,302.06,135.99,420.04,0.8356,-1,-1,-1
31,4,397.82,317.26,150.75,417.08,0.8435,-1,-1,-1
31,5,1114.92,284.31,127.66,435.33,0.8545,-1,-1,-1
31,9,832.17,378.14,49.46,139.61,0.5141,-1,-1,-1
32,2,894.81,207.66,221.36,667.75,0.8843,-1,-1,-1
32,3,576.86,304.66,137.94,427.47,0.8523,-1,-1,-1
32,4,400.37,322.59,150.94,419.08,0.8573,-1,-1,-1
32,5,1117.62,289.04,129.84,433.30,0.8578,-1,-1,-1
32,9,836.83,380.74,50.26,144.81,0.5932,-1,-1,-1
33,2,898.23,212.61,223.01,669.62,0.8824,-1,-1,-1
33,3,581.03,307.24,139.13,431.09,0.8464,-1,-1,-1
33,4,403.57,328.18,150.95,419.52,0.8586,-1,-1,-1
33,5,1121.66,296.82,132.54,431.26,0.8557,-1,-1,-1
33,9,842.72,387.31,49.73,144.97,0.5306,-1,-1,-1
34,2,901.85,219.05,225.52,672.22,0.8748,-1,-1,-1
34,3,584.42,309.15,139.67,434.07,0.8412,-1,-1,-1
34,4,401.41,332.53,152.77,425.56,0.8418,-1,-1,-1
34,5,1124.13,301.71,134.08,425.79,0.8550,-1,-1,-1
34,9,846.63,392.13,50.15,146.84,0.5586,-1,-1,-1
35,2,905.36,226.29,227.53,675.94,0.8777,-1,-1,-1
35,3,587.49,313.06,140.69,439.03,0.8299,-1,-1,-1
35,4,398.57,336.36,155.12,433.32,0.8268,-1,-1,-1
35,5,1126.53,305.91,135.91,421.46,0.8461,-1,-1,-1
35,9,849.65,396.69,49.93,146.58,0.5384,-1,-1,-1
36,2,907.74,232.79,228.47,677.98,0.8840,-1,-1,-1
36,3,591.29,317.94,141.52,441.98,0.8214,-1,-1,-1
36,4,393.83,340.44,156.76,439.37,0.8543,-1,-1,-1
36,5,1127.58,310.63,137.90,419.69,0.8511,-1,-1,-1
37,2,908.48,240.96,228.72,677.59,0.8903,-1,-1,-1
37,3,591.69,322.19,142.08,446.35,0.8044,-1,-1,-1
37,4,388.03,343.32,158.07,445.90,0.8665,-1,-1,-1
37,5,1129.52,314.75,141.27,423.90,0.8438,-1,-1,-1
38,2,912.11,247.49,228.49,677.45,0.8889,-1,-1,-1
38,3,592.45,327.66,142.56,450.32,0.8259,-1,-1,-1
38,4,382.66,347.13,158.58,448.70,0.8690,-1,-1,-1
38,5,1130.45,320.26,142.82,422.03,0.8463,-1,-1,-1
38,9,862.54,415.75,46.35,138.34,0.6131,-1,-1,-1
39,2,917.62,254.05,228.07,679.06,0.8846,-1,-1,-1
39,3,590.81,332.34,144.69,459.18,0.8165,-1,-1,-1
39,4,377.67,350.60,159.86,453.07,0.8802,-1,-1,-1
39,5,1131.98,326.78,145.70,427.13,0.8541,-1,-1,-1
39,9,864.24,423.57,45.21,135.35,0.5074,-1,-1,-1
40,2,921.01,257.26,228.44,684.67,0.8765,-1,-1,-1
40,3,587.28,341.33,147.01,467.05,0.7965,-1,-1,-1
40,4,373.01,355.34,160.81,456.09,0.8740,-1,-1,-1
40,5,1133.63,333.85,147.97,431.14,0.8542,-1,-1,-1
40,9,864.21,427.49,47.92,143.76,0.5479,-1,-1,-1
41,2,921.62,259.89,226.60,683.75,0.8804,-1,-1,-1
41,3,583.27,343.47,148.76,473.80,0.8022,-1,-1,-1
41,4,363.81,356.60,162.52,458.84,0.8626,-1,-1,-1
41,5,1136.46,338.88,148.32,430.74,0.8500,-1,-1,-1
41,9,864.23,432.82,48.17,144.60,0.4787,-1,-1,-1
42,2,924.64,265.55,222.80,676.77,0.8822,-1,-1,-1
42,3,579.16,347.44,150.58,479.92,0.7102,-1,-1,-1
42,4,352.58,358.06,165.62,465.17,0.8716,-1,-1,-1
42,5,1137.23,346.49,147.93,429.04,0.8558,-1,-1,-1
42,9,863.79,436.47,48.41,146.27,0.4658,-1,-1,-1
43,2,926.50,272.30,217.56,665.72,0.8819,-1,-1,-1
43,3,572.76,352.02,150.56,482.47,0.8054,-1,-1,-1
43,4,340.58,362.78,168.34,470.04,0.8483,-1,-1,-1
43,5,1135.25,353.04,148.47,429.66,0.8571,-1,-1,-1
43,9,862.33,441.82,46.14,138.88,0.3506,-1,-1,-1
44,2,926.28,278.84,214.31,660.20,0.8857,-1,-1,-1
44,3,565.74,356.66,151.88,490.30,0.8117,-1,-1,-1
44,4,326.89,366.34,171.84,476.43,0.8581,-1,-1,-1
44,5,1133.13,361.33,147.73,425.93,0.8564,-1,-1,-1
44,9,857.48,443.80,47.83,145.01,0.3893,-1,-1,-1
45,2,924.67,284.41,212.74,660.07,0.8876,-1,-1,-1
45,3,558.22,361.35,153.24,499.77,0.8246,-1,-1,-1
45,4,313.30,371.14,176.72,486.63,0.8454,-1,-1,-1
45,5,1128.86,368.00,148.15,426.42,0.8408,-1,-1,-1
45,9,851.59,449.65,48.34,146.14,0.4301,-1,-1,-1
46,2,920.89,292.35,212.61,664.61,0.8866,-1,-1,-1
46,3,551.21,364.60,154.02,506.94,0.8213,-1,-1,-1
46,4,299.62,377.63,182.04,499.74,0.8413,-1,-1,-1
46,5,1124.45,375.71,149.89,431.61,0.8509,-1,-1,-1
46,9,848.25,456.27,48.86,147.24,0.4778,-1,-1,-1
47,2,916.02,301.45,211.93,668.29,0.8781,-1,-1,-1
47,3,544.10,369.55,154.93,513.35,0.8248,-1,-1,-1
47,4,281.72,382.78,189.28,516.45,0.8436,-1,-1,-1
47,5,1118.90,381.93,150.26,433.95,0.8357,-1,-1,-1
47,9,846.05,468.02,46.45,138.45,0.3350,-1,-1,-1
48,2,910.36,309.11,212.69,676.44,0.8774,-1,-1,-1
48,3,533.41,372.57,157.22,523.04,0.8578,-1,-1,-1
48,4,266.39,390.97,194.43,527.27,0.8569,-1,-1,-1
48,5,1112.04,389.26,149.58,435.41,0.8321,-1,-1,-1
48,9,839.58,469.14,49.48,148.70,0.6837,-1,-1,-1
49,2,903.13,318.32,212.60,682.44,0.8784,-1,-1,-1
49,3,524.76,376.55,159.12,531.19,0.8508,-1,-1,-1
49,4,250.45,398.10,198.51,534.47,0.8719,-1,-1,-1
49,5,1106.48,395.34,149.27,435.07,0.8530,-1,-1,-1
49,9,834.22,473.16,50.11,150.64,0.4995,-1,-1,-1
50,2,897.54,327.17,211.24,684.14,0.8773,-1,-1,-1
50,3,518.77,382.37,160.46,537.60,0.8387,-1,-1,-1
50,4,237.26,405.38,198.81,528.62,0.8353,-1,-1,-1
50,5,1099.35,400.14,149.74,438.73,0.8538,-1,-1,-1
50,9,825.76,477.09,51.11,153.61,0.5770,-1,-1,-1
51,2,891.54,335.12,209.67,685.67,0.8694,-1,-1,-1
51,3,510.12,385.96,162.01,544.54,0.8470,-1,-1,-1
51,4,222.65,412.21,199.49,523.10,0.8440,-1,-1,-1
51,5,1094.52,404.09,149.65,439.78,0.8680,-1,-1,-1
51,9,819.78,480.71,52.22,155.70,0.5905,-1,-1,-1
52,2,886.30,342.33,207.67,685.32,0.8759,-1,-1,-1
52,3,502.20,388.71,162.68,547.49,0.8376,-1,-1,-1
52,4,205.07,417.12,210.44,548.75,0.8293,-1,-1,-1
52,5,1090.86,406.06,150.10,442.34,0.8645,-1,-1,-1
52,9,815.58,489.70,50.14,147.42,0.3282,-1,-1,-1
53,2,881.90,348.49,205.44,683.05,0.8783,-1,-1,-1
53,3,494.99,394.98,163.57,550.67,0.8404,-1,-1,-1
53,4,190.10,420.57,216.24,563.15,0.8704,-1,-1,-1
53,5,1086.36,409.35,150.87,443.37,0.8652,-1,-1,-1
53,9,812.39,492.91,50.32,147.13,0.6582,-1,-1,-1
54,2,877.94,352.08,203.69,680.48,0.8833,-1,-1,-1
54,3,486.88,396.86,166.14,557.70,0.8509,-1,-1,-1
54,4,177.69,422.36,220.53,573.36,0.8822,-1,-1,-1
54,5,1081.90,410.94,152.44,445.62,0.8712,-1,-1,-1
54,9,811.82,494.72,48.65,141.29,0.5952,-1,-1,-1
55,2,871.57,352.23,203.07,680.09,0.8837,-1,-1,-1
55,3,480.39,398.11,169.33,565.06,0.8581,-1,-1,-1
55,4,166.69,421.63,224.07,582.82,0.8952,-1,-1,-1
55,5,1078.63,412.12,153.51,445.79,0.8756,-1,-1,-1
55,9,809.06,494.68,49.48,142.75,0.4668,-1,-1,-1
56,2,866.56,351.43,203.15,682.49,0.8792,-1,-1,-1
56,3,475.28,399.91,173.78,576.21,0.8728,-1,-1,-1
56,4,156.16,420.45,227.42,593.18,0.8826,-1,-1,-1
56,5,1079.16,413.55,153.28,442.13,0.8744,-1,-1,-1
56,9,806.03,494.91,52.06,150.27,0.4625,-1,-1,-1
57,2,860.72,350.70,203.84,686.09,0.8752,-1,-1,-1
57,3,469.39,402.87,179.01,589.45,0.8758,-1,-1,-1
57,4,144.79,420.42,229.97,600.95,0.8887,-1,-1,-1
57,5,1078.91,415.37,153.58,439.34,0.8674,-1,-1,-1
57,9,804.97,498.59,53.10,153.48,0.3711,-1,-1,-1
58,2,857.42,349.90,202.42,680.15,0.8683,-1,-1,-1
58,3,463.56,401.20,184.85,605.14,0.8814,-1,-1,-1
58,4,135.37,419.43,233.24,610.91,0.8760,-1,-1,-1
58,5,1075.91,414.16,156.23,443.55,0.8718,-1,-1,-1
59,2,849.64,347.24,201.00,671.83,0.8827,-1,-1,-1
59,3,456.11,396.94,189.82,620.60,0.8830,-1,-1,-1
59,4,125.69,418.58,235.73,617.70,0.8969,-1,-1,-1
59,5,1074.79,415.54,156.94,441.71,0.8702,-1,-1,-1
60,2,842.60,346.95,200.72,666.96,0.8873,-1,-1,-1
60,3,451.90,398.11,191.39,625.80,0.8773,-1,-1,-1
60,4,115.12,417.70,238.14,623.57,0.9068,-1,-1,-1
60,5,1072.96,416.19,158.81,442.53,0.8682,-1,-1,-1
61,2,833.51,347.31,202.93,667.44,0.8888,-1,-1,-1
61,3,445.38,399.74,194.46,636.28,0.8643,-1,-1,-1
61,4,105.09,417.01,241.50,632.24,0.9052,-1,-1,-1
61,5,1071.22,417.22,160.74,443.08,0.8656,-1,-1,-1
62,2,828.91,347.17,205.31,667.73,0.8800,-1,-1,-1
62,3,442.73,399.29,196.49,643.99,0.8512,-1,-1,-1
62,4,95.65,414.21,248.23,651.76,0.9003,-1,-1,-1
62,5,1072.02,416.84,162.47,442.84,0.8628,-1,-1,-1
63,2,825.57,344.37,208.40,672.37,0.8811,-1,-1,-1
63,3,440.70,395.85,198.79,651.57,0.8613,-1,-1,-1
63,4,88.50,409.42,252.54,667.99,0.8924,-1,-1,-1
63,5,1074.27,415.81,164.56,442.92,0.8705,-1,-1,-1
64,2,823.59,342.57,210.59,675.93,0.8784,-1,-1,-1
64,3,443.34,390.00,201.08,660.18,0.8709,-1,-1,-1
64,4,82.50,405.45,253.70,675.84,0.8872,-1,-1,-1
64,5,1076.14,415.48,166.67,443.09,0.8700,-1,-1,-1
64,14,1020.54,434.32,66.55,316.27,0.7914,-1,-1,-1
65,2,821.53,340.83,213.10,679.21,0.8890,-1,-1,-1
65,3,443.96,383.52,203.51,668.09,0.8722,-1,-1,-1
65,4,75.26,404.78,253.34,678.21,0.8834,-1,-1,-1
65,5,1078.75,413.47,168.95,444.29,0.8626,-1,-1,-1
65,14,1023.13,435.59,65.98,313.10,0.7868,-1,-1,-1
66,2,821.75,339.01,214.97,681.81,0.8875,-1,-1,-1
66,3,444.02,376.31,206.50,676.29,0.8764,-1,-1,-1
66,4,69.01,403.20,252.68,678.17,0.8885,-1,-1,-1
66,5,1085.17,408.38,172.66,450.18,0.8392,-1,-1,-1
66,14,1026.17,434.92,65.97,311.87,0.7797,-1,-1,-1
67,2,822.41,338.35,216.46,683.10,0.8931,-1,-1,-1
67,3,444.44,369.55,209.30,683.39,0.8733,-1,-1,-1
67,4,60.07,399.06,253.60,682.42,0.8880,-1,-1,-1
67,5,1089.91,404.41,176.16,455.52,0.8461,-1,-1,-1
67,14,1028.76,431.98,65.88,309.30,0.7461,-1,-1,-1
68,2,824.28,337.07,217.86,684.45,0.8934,-1,-1,-1
68,3,444.31,359.92,212.80,691.72,0.8708,-1,-1,-1
68,4,49.75,396.03,253.27,680.85,0.8889,-1,-1,-1
68,5,1093.00,401.17,176.46,455.11,0.8456,-1,-1,-1
68,14,1032.00,425.03,67.29,313.41,0.7259,-1,-1,-1
68,16,748.03,497.62,58.25,146.17,0.5304,-1,-1,-1
69,2,828.89,333.03,218.61,685.49,0.8878,-1,-1,-1
69,3,444.64,350.84,216.35,700.18,0.8775,-1,-1,-1
69,4,38.94,387.32,255.84,685.44,0.8998,-1,-1,-1
69,5,1095.91,397.10,177.36,456.32,0.8726,-1,-1,-1
69,14,1035.29,420.27,68.17,315.02,0.7208,-1,-1,-1
69,16,750.12,492.30,59.33,148.90,0.6034,-1,-1,-1
70,2,831.34,329.80,218.80,683.60,0.8967,-1,-1,-1
70,3,442.72,343.58,220.09,707.96,0.8913,-1,-1,-1
70,4,24.54,378.88,260.62,694.60,0.9135,-1,-1,-1
70,5,1098.78,392.78,178.04,456.86,0.8721,-1,-1,-1
70,14,1037.67,416.27,68.87,315.41,0.7091,-1,-1,-1
70,16,752.13,487.61,60.18,151.14,0.5373,-1,-1,-1
71,2,834.07,326.86,218.94,682.24,0.8904,-1,-1,-1
71,3,438.35,336.19,224.94,719.82,0.8901,-1,-1,-1
71,4,7.96,371.04,264.06,702.85,0.9096,-1,-1,-1
71,5,1101.38,388.21,177.63,455.10,0.8643,-1,-1,-1
71,14,1038.83,412.59,69.73,316.04,0.7217,-1,-1,-1
71,16,753.16,484.78,60.36,151.58,0.5789,-1,-1,-1
72,2,835.05,321.56,219.71,682.39,0.8906,-1,-1,-1
72,3,431.82,326.91,232.19,741.14,0.8916,-1,-1,-1
72,4,-3.76,363.20,266.18,711.05,0.9195,-1,-1,-1
72,5,1103.91,385.36,176.85,452.43,0.8592,-1,-1,-1
72,14,1039.61,410.45,70.20,315.30,0.7227,-1,-1,-1
72,16,754.51,483.89,60.09,150.85,0.5615,-1,-1,-1
73,2,836.21,315.58,219.52,680.03,0.8855,-1,-1,-1
73,3,424.98,317.24,238.02,758.28,0.8933,-1,-1,-1
73,4,-13.28,351.69,267.73,722.65,0.9111,-1,-1,-1
73,5,1105.98,382.18,175.12,447.19,0.8556,-1,-1,-1
73,14,1040.28,409.64,70.36,313.34,0.6758,-1,-1,-1
73,16,752.43,477.94,60.56,152.68,0.4691,-1,-1,-1
74,2,837.26,310.15,217.14,669.50,0.8805,-1,-1,-1
74,3,417.74,311.32,240.95,765.37,0.8907,-1,-1,-1
74,4,-21.54,344.47,266.73,732.19,0.9065,-1,-1,-1
74,5,1106.65,378.66,173.65,443.48,0.8565,-1,-1,-1
74,14,1040.42,409.18,70.70,311.60,0.6848,-1,-1,-1
74,16,750.74,475.02,60.59,152.86,0.5560,-1,-1,-1
75,2,838.53,305.58,215.82,664.09,0.8721,-1,-1,-1
75,3,408.14,304.00,244.01,772.91,0.8954,-1,-1,-1
75,4,-28.80,333.36,265.00,744.22,0.8958,-1,-1,-1
75,5,1106.68,375.79,172.90,441.32,0.8616,-1,-1,-1
75,14,1040.28,419.26,68.55,298.86,0.6642,-1,-1,-1
75,16,748.65,471.73,60.67,153.52,0.5618,-1,-1,-1
76,2,841.32,301.41,215.09,661.73,0.8691,-1,-1,-1
76,3,398.66,297.35,246.36,777.21,0.8894,-1,-1,-1
76,4,-34.17,324.68,260.17,750.71,0.8883,-1,-1,-1
76,5,1107.50,373.51,171.92,440.16,0.8559,-1,-1,-1
76,14,1041.59,431.32,65.99,283.07,0.7228,-1,-1,-1
76,16,749.01,471.21,59.35,149.29,0.5169,-1,-1,-1
77,2,843.01,298.53,214.71,663.13,0.8786,-1,-1,-1
77,3,389.66,293.63,247.57,777.16,0.8913,-1,-1,-1
77,4,-39.06,318.08,254.58,758.29,0.8802,-1,-1,-1
77,5,1107.54,371.76,172.00,441.81,0.8657,-1,-1,-1
77,14,1040.76,435.05,66.00,278.52,0.6324,-1,-1,-1
77,16,748.76,470.39,59.68,148.88,0.5040,-1,-1,-1
78,2,844.12,295.85,213.80,665.64,0.8637,-1,-1,-1
78,3,377.39,289.43,250.87,782.64,0.8972,-1,-1,-1
78,4,-43.89,312.03,246.61,762.24,0.8673,-1,-1,-1
78,5,1107.06,370.42,171.93,443.16,0.8640,-1,-1,-1
78,14,1035.84,423.23,69.81,292.01,0.7076,-1,-1,-1
78,16,746.07,465.53,62.24,154.74,0.5499,-1,-1,-1
79,2,844.90,292.48,213.58,670.43,0.8592,-1,-1,-1
79,3,361.95,284.73,254.00,788.01,0.9003,-1,-1,-1
79,4,-47.29,309.28,237.67,765.10,0.8291,-1,-1,-1
79,5,1106.31,367.99,171.82,444.64,0.8600,-1,-1,-1
79,14,1030.01,408.12,73.72,306.54,0.7189,-1,-1,-1
79,16,740.92,468.18,60.44,152.26,0.4962,-1,-1,-1
79,17,811.94,449.84,46.87,165.60,0.6450,-1,-1,-1
80,2,842.90,289.67,212.77,674.82,0.8566,-1,-1,-1
80,3,345.42,276.89,258.26,795.31,0.8965,-1,-1,-1
80,5,1103.18,364.63,171.77,447.26,0.8433,-1,-1,-1
80,14,1024.95,400.79,75.36,314.02,0.7097,-1,-1,-1
80,16,736.13,468.83,60.07,153.33,0.5411,-1,-1,-1
80,17,807.03,446.63,48.52,170.81,0.6151,-1,-1,-1
81,2,840.97,291.40,210.82,675.57,0.8514,-1,-1,-1
81,3,328.06,268.07,262.59,803.19,0.9018,-1,-1,-1
81,5,1099.68,363.68,170.05,446.37,0.8567,-1,-1,-1
81,14,1019.74,403.21,74.51,310.50,0.6937,-1,-1,-1
81,16,730.72,464.16,59.82,154.38,0.5612,-1,-1,-1
81,17,801.92,444.63,48.35,169.35,0.6196,-1,-1,-1
81,18,-19.62,436.58,137.40,420.81,0.6418,-1,-1,-1
82,2,837.62,292.73,208.34,675.10,0.8529,-1,-1,-1
82,3,309.40,255.64,269.91,817.05,0.8974,-1,-1,-1
82,5,1094.45,360.26,168.98,447.53,0.8627,-1,-1,-1
82,14,1015.71,394.30,75.37,314.59,0.6466,-1,-1,-1
82,16,724.21,457.71,60.62,158.14,0.6341,-1,-1,-1
82,17,797.60,441.44,48.63,169.31,0.6749,-1,-1,-1
82,18,-21.05,442.16,120.77,372.69,0.7815,-1,-1,-1
83,2,834.24,292.00,205.28,674.14,0.8514,-1,-1,-1
83,3,287.49,242.88,276.64,829.06,0.8896,-1,-1,-1
83,5,1089.67,358.29,168.50,451.01,0.8518,-1,-1,-1
83,14,1007.53,384.97,77.56,321.83,0.5449,-1,-1,-1
83,16,721.38,453.04,60.21,156.85,0.3876,-1,-1,-1
83,17,794.42,437.32,47.93,166.04,0.5785,-1,-1,-1
84,2,827.06,291.64,202.90,674.91,0.8476,-1,-1,-1
84,3,258.59,230.78,283.27,842.45,0.9033,-1,-1,-1
84,5,1082.65,354.96,168.69,455.54,0.8586,-1,-1,-1
84,14,999.69,377.90,77.92,321.96,0.7452,-1,-1,-1
84,16,713.36,450.16,59.36,155.62,0.5917,-1,-1,-1
84,17,787.19,434.91,48.12,166.00,0.5587,-1,-1,-1
85,2,817.97,290.29,199.93,672.51,0.8275,-1,-1,-1
85,3,232.28,218.50,292.06,855.99,0.9170,-1,-1,-1
85,5,1074.68,353.83,166.41,454.14,0.8485,-1,-1,-1
85,14,990.18,373.96,77.79,319.36,0.7616,-1,-1,-1
85,16,706.77,450.50,57.72,152.43,0.4575,-1,-1,-1
85,17,777.13,427.74,49.61,170.05,0.5998,-1,-1,-1
86,2,806.92,285.32,198.26,672.03,0.8417,-1,-1,-1
86,3,203.94,205.29,299.25,869.92,0.9056,-1,-1,-1
86,5,1067.43,349.79,165.07,454.40,0.8318,-1,-1,-1
86,14,979.87,369.60,79.17,320.16,0.8069,-1,-1,-1
86,16,697.81,445.46,58.49,154.59,0.5367,-1,-1,-1
86,17,769.20,421.21,50.75,175.12,0.5159,-1,-1,-1
87,2,795.98,279.69,198.34,675.20,0.8524,-1,-1,-1
87,3,172.87,190.77,306.99,884.96,0.9104,-1,-1,-1
87,5,1060.00,347.14,163.55,452.99,0.8509,-1,-1,-1
87,14,970.64,366.46,80.39,320.39,0.7796,-1,-1,-1
87,16,691.50,446.40,57.74,151.86,0.4641,-1,-1,-1
87,17,760.17,414.53,51.83,179.91,0.6884,-1,-1,-1
87,19,473.17,411.17,79.75,285.69,0.7296,-1,-1,-1
88,2,785.02,275.33,197.78,671.79,0.8571,-1,-1,-1
88,3,146.36,180.62,313.50,896.19,0.9155,-1,-1,-1
88,5,1050.38,341.35,162.86,454.20,0.8485,-1,-1,-1
88,14,959.04,359.75,82.66,323.93,0.7449,-1,-1,-1
88,16,681.92,441.10,58.41,154.28,0.6147,-1,-1,-1
88,17,749.72,410.11,51.22,177.82,0.4646,-1,-1,-1
88,19,457.62,408.82,80.27,286.51,0.7607,-1,-1,-1
89,2,772.06,269.47,197.83,669.72,0.8477,-1,-1,-1
89,3,120.39,169.03,320.68,906.96,0.9201,-1,-1,-1
89,5,1043.06,335.31,162.81,454.56,0.8534,-1,-1,-1
89,14,950.59,358.18,83.30,319.64,0.8162,-1,-1,-1
89,16,673.65,437.03,59.23,156.53,0.5573,-1,-1,-1
89,17,740.25,407.89,51.15,180.61,0.3303,-1,-1,-1
89,19,441.67,399.03,84.16,298.27,0.7739,-1,-1,-1
90,2,760.88,262.24,197.46,660.42,0.8689,-1,-1,-1
90,3,95.18,154.51,330.27,920.96,0.9241,-1,-1,-1
90,5,1035.87,329.49,163.78,458.73,0.8482,-1,-1,-1
90,14,944.20,354.77,83.84,316.69,0.7823,-1,-1,-1
90,16,668.15,433.51,59.46,156.20,0.4318,-1,-1,-1
90,19,430.55,390.37,86.31,303.35,0.7799,-1,-1,-1
91,2,750.24,257.63,197.75,651.48,0.8808,-1,-1,-1
91,3,72.96,142.61,338.70,931.02,0.9224,-1,-1,-1
91,5,1031.18,325.05,163.38,457.12,0.8681,-1,-1,-1
91,14,937.58,350.37,85.73,318.01,0.7997,-1,-1,-1
91,16,658.57,427.15,59.10,156.75,0.4526,-1,-1,-1
91,19,421.12,386.23,87.81,305.96,0.7615,-1,-1,-1
92,2,738.33,251.79,200.48,651.10,0.8787,-1,-1,-1
92,3,49.13,128.05,349.57,944.91,0.9221,-1,-1,-1
92,5,1026.68,318.83,163.20,455.13,0.8636,-1,-1,-1
92,14,929.81,348.53,86.57,317.22,0.7895,-1,-1,-1
92,16,653.64,423.35,59.60,158.00,0.5489,-1,-1,-1
92,19,412.13,383.79,89.40,308.08,0.8223,-1,-1,-1
93,2,729.85,245.73,204.56,653.98,0.8891,-1,-1,-1
93,3,27.29,116.74,359.39,956.22,0.9244,-1,-1,-1
93,5,1021.54,314.17,163.94,454.70,0.8705,-1,-1,-1
93,14,926.22,346.76,87.60,317.05,0.7763,-1,-1,-1
93,16,650.24,420.55,59.04,157.64,0.3373,-1,-1,-1
93,19,404.22,379.05,91.59,312.19,0.8071,-1,-1,-1
94,2,719.57,241.37,207.93,657.77,0.8729,-1,-1,-1
94,3,13.82,106.55,367.78,968.58,0.9323,-1,-1,-1
94,5,1017.56,311.98,164.89,454.15,0.8726,-1,-1,-1
94,14,922.75,345.38,89.14,318.61,0.8026,-1,-1,-1
94,19,397.45,377.33,92.49,310.74,0.8026,-1,-1,-1
95,2,711.00,239.11,211.71,663.72,0.8860,-1,-1,-1
95,3,6.96,96.40,374.70,979.24,0.9307,-1,-1,-1
95,5,1013.28,310.51,166.18,453.81,0.8644,-1,-1,-1
95,14,919.73,343.38,90.37,319.99,0.7805,-1,-1,-1
95,19,391.11,374.34,94.87,314.53,0.8174,-1,-1,-1
96,2,702.31,240.47,213.92,664.83,0.9045,-1,-1,-1
96,3,-2.98,85.29,379.03,990.36,0.9349,-1,-1,-1
96,5,1010.03,309.79,168.45,455.69,0.8598,-1,-1,-1
96,14,916.50,343.62,91.56,320.14,0.7540,-1,-1,-1
96,19,384.79,373.16,97.66,320.48,0.8098,-1,-1,-1
97,2,698.36,240.11,216.70,670.26,0.8996,-1,-1,-1
97,3,-10.30,75.06,381.54,1000.40,0.9338,-1,-1,-1
97,5,1008.39,309.69,170.47,456.35,0.8618,-1,-1,-1
97,14,911.38,342.11,93.07,319.65,0.7328,-1,-1,-1
97,19,381.05,370.01,100.33,326.06,0.8189,-1,-1,-1
97,16,632.34,417.01,60.73,162.03,0.5593,-1,-1,-1
98,2,695.31,241.61,218.84,674.65,0.8996,-1,-1,-1
98,3,-16.73,59.00,383.93,1013.81,0.9344,-1,-1,-1
98,5,1008.05,309.46,173.23,458.51,0.8591,-1,-1,-1
98,14,910.35,342.12,94.42,320.66,0.7306,-1,-1,-1
98,19,378.98,367.79,102.48,330.23,0.8255,-1,-1,-1
98,16,629.63,415.28,61.73,165.70,0.6311,-1,-1,-1
99,2,693.76,245.11,220.24,677.01,0.8985,-1,-1,-1
99,3,-21.84,47.03,384.43,1025.43,0.9272,-1,-1,-1
99,5,1009.78,309.94,176.18,460.44,0.8700,-1,-1,-1
99,14,910.66,342.29,95.45,321.00,0.7370,-1,-1,-1
99,19,377.24,365.80,104.48,334.04,0.8214,-1,-1,-1
99,16,628.38,415.28,60.87,165.54,0.6340,-1,-1,-1
100,2,693.50,248.39,220.24,676.14,0.8988,-1,-1,-1
100,3,-27.04,35.64,383.07,1035.63,0.9225,-1,-1,-1
100,5,1012.44,311.36,178.47,460.75,0.8763,-1,-1,-1
100,14,912.96,346.52,95.73,318.30,0.7435,-1,-1,-1
100,19,375.51,366.78,105.56,334.44,0.8323,-1,-1,-1
100,16,627.99,414.49,60.93,166.19,0.6493,-1,-1,-1
101,2,696.03,249.57,219.79,676.09,0.8890,-1,-1,-1
101,3,-34.62,19.14,383.01,1054.94,0.9144,-1,-1,-1
101,5,1014.41,311.28,181.38,462.95,0.8568,-1,-1,-1
101,14,915.20,347.26,96.43,317.63,0.7682,-1,-1,-1
101,19,375.59,365.21,107.29,337.69,0.8239,-1,-1,-1
101,16,629.94,413.53,60.55,165.51,0.7018,-1,-1,-1
102,2,700.44,250.47,218.52,671.30,0.8948,-1,-1,-1
102,3,-40.78,11.59,376.98,1061.70,0.9190,-1,-1,-1
102,5,1018.98,311.83,183.58,464.77,0.8308,-1,-1,-1
102,14,919.62,346.74,97.35,318.99,0.7923,-1,-1,-1
102,19,376.11,364.19,109.17,341.33,0.8319,-1,-1,-1
102,16,633.52,413.45,60.53,165.69,0.5224,-1,-1,-1
103,2,711.21,250.56,217.85,667.82,0.8881,-1,-1,-1
103,3,-45.25,6.58,368.99,1065.69,0.9092,-1,-1,-1
103,5,1026.54,314.14,185.68,465.76,0.8433,-1,-1,-1
103,14,927.56,342.36,98.37,321.77,0.7443,-1,-1,-1
103,19,382.90,365.15,108.96,338.99,0.8037,-1,-1,-1
103,16,639.14,409.85,60.79,166.31,0.5544,-1,-1,-1
104,2,721.54,247.71,218.42,668.37,0.8919,-1,-1,-1
104,3,-47.87,7.91,355.87,1056.19,0.8316,-1,-1,-1
104,5,1041.41,309.77,188.39,468.93,0.8582,-1,-1,-1
104,14,939.08,339.18,99.39,322.44,0.7345,-1,-1,-1
104,19,392.21,368.35,108.60,336.23,0.8112,-1,-1,-1
104,16,649.94,407.52,60.99,168.36,0.6639,-1,-1,-1
105,2,734.24,245.74,217.68,665.09,0.8861,-1,-1,-1
105,3,-30.75,165.16,299.80,902.09,0.7801,-1,-1,-1
105,5,1052.97,308.76,189.77,469.59,0.8547,-1,-1,-1
105,14,949.30,334.77,101.00,326.93,0.7371,-1,-1,-1
105,19,400.37,366.12,109.38,338.00,0.8087,-1,-1,-1
105,16,658.85,408.06,60.51,166.99,0.3739,-1,-1,-1
106,2,744.35,243.09,214.23,654.31,0.8781,-1,-1,-1
106,3,-37.22,225.37,233.74,730.45,0.6228,-1,-1,-1
106,5,1066.10,304.72,193.33,475.53,0.8421,-1,-1,-1
106,14,956.92,332.62,101.83,328.93,0.7895,-1,-1,-1
106,19,408.25,365.08,109.36,337.10,0.8015,-1,-1,-1
106,16,665.83,405.83,60.93,167.58,0.6820,-1,-1,-1
107,2,753.70,237.91,211.95,647.11,0.8783,-1,-1,-1
107,3,-60.69,245.05,232.49,770.09,0.7251,-1,-1,-1
107,5,1072.74,303.21,193.46,475.24,0.8424,-1,-1,-1
107,14,963.92,330.68,102.04,327.74,0.7449,-1,-1,-1
107,19,413.32,362.27,110.19,338.85,0.7888,-1,-1,-1
107,16,670.36,404.24,62.00,169.01,0.6755,-1,-1,-1
108,2,759.49,234.23,211.09,645.11,0.8828,-1,-1,-1
108,5,1074.66,301.61,190.86,473.09,0.8386,-1,-1,-1
108,14,968.73,328.50,102.82,329.04,0.7282,-1,-1,-1
108,19,415.95,360.57,111.92,344.03,0.7966,-1,-1,-1
108,16,673.99,403.29,62.88,169.95,0.7286,-1,-1,-1
109,2,766.01,232.29,210.09,644.88,0.8753,-1,-1,-1
109,5,1077.71,298.39,188.05,470.47,0.8704,-1,-1,-1
109,14,970.36,326.93,101.62,327.03,0.5493,-1,-1,-1
109,19,415.79,358.30,113.74,349.00,0.8082,-1,-1,-1
109,16,677.49,401.13,63.24,170.73,0.6812,-1,-1,-1
110,2,769.05,230.56,209.84,646.47,0.8753,-1,-1,-1
110,5,1082.58,295.24,185.26,466.95,0.8721,-1,-1,-1
110,14,976.01,324.33,101.91,327.40,0.6669,-1,-1,-1
110,19,413.60,354.47,116.05,355.57,0.7983,-1,-1,-1
110,16,680.61,398.22,63.75,171.10,0.6261,-1,-1,-1
111,2,771.58,229.46,209.50,649.21,0.8721,-1,-1,-1
111,5,1086.91,292.07,182.53,463.42,0.8667,-1,-1,-1
111,14,977.69,323.65,101.80,325.60,0.6149,-1,-1,-1
111,19,412.66,352.65,116.61,355.91,0.8059,-1,-1,-1
111,16,682.99,395.16,64.60,173.20,0.6588,-1,-1,-1
112,2,772.94,228.87,208.45,649.57,0.8674,-1,-1,-1
112,5,1092.47,289.11,180.48,461.05,0.8549,-1,-1,-1
112,14,978.72,323.28,102.77,326.23,0.6338,-1,-1,-1
112,19,412.79,349.58,117.59,359.11,0.7482,-1,-1,-1
112,16,685.79,394.62,65.20,174.20,0.6441,-1,-1,-1
113,2,774.43,228.43,207.32,650.23,0.8648,-1,-1,-1
113,5,1097.25,286.41,179.67,462.78,0.8511,-1,-1,-1
113,14,982.31,322.91,103.19,325.79,0.6026,-1,-1,-1
113,19,411.57,347.75,118.72,362.86,0.7392,-1,-1,-1
113,16,687.30,391.33,66.98,178.81,0.7009,-1,-1,-1
114,2,778.26,229.90,205.99,651.20,0.8545,-1,-1,-1
114,5,1101.81,284.80,179.11,465.88,0.8578,-1,-1,-1
114,14,987.07,321.15,102.06,321.90,0.5927,-1,-1,-1
114,19,411.50,345.16,119.45,365.91,0.7352,-1,-1,-1
114,16,690.63,392.42,66.31,176.71,0.6295,-1,-1,-1
115,2,784.01,231.51,204.69,651.51,0.8444,-1,-1,-1
115,5,1105.62,285.28,177.73,466.15,0.8679,-1,-1,-1
115,14,994.02,320.53,102.00,322.63,0.7349,-1,-1,-1
115,19,411.08,343.77,120.30,368.38,0.7379,-1,-1,-1
115,16,693.87,390.82,66.94,178.83,0.5955,-1,-1,-1
116,2,787.07,232.46,203.67,652.04,0.8509,-1,-1,-1
116,5,1109.10,285.33,176.11,464.86,0.8630,-1,-1,-1
116,14,996.83,321.72,102.11,320.53,0.7067,-1,-1,-1
116,19,408.06,342.33,121.57,370.36,0.7733,-1,-1,-1
116,16,694.92,391.88,67.35,179.40,0.5573,-1,-1,-1
117,2,786.82,233.15,202.43,652.30,0.8521,-1,-1,-1
117,5,1112.08,284.51,175.67,466.72,0.8591,-1,-1,-1
117,14,997.29,320.92,102.79,321.06,0.6699,-1,-1,-1
117,19,405.94,342.58,122.28,370.06,0.7213,-1,-1,-1
117,16,694.21,389.71,68.22,179.70,0.6245,-1,-1,-1
118,2,782.52,234.65,200.64,649.96,0.8566,-1,-1,-1
118,5,1114.47,284.87,175.73,469.64,0.8564,-1,-1,-1
118,14,992.92,321.71,104.57,321.58,0.7296,-1,-1,-1
118,19,400.99,339.40,124.55,374.66,0.7031,-1,-1,-1
118,16,692.90,390.96,68.89,179.62,0.6155,-1,-1,-1
119,2,779.45,234.65,199.48,649.64,0.8667,-1,-1,-1
119,5,1117.00,286.35,175.31,472.33,0.8511,-1,-1,-1
119,14,989.51,323.27,106.59,322.05,0.7557,-1,-1,-1
119,19,395.98,337.98,126.02,376.95,0.8252,-1,-1,-1
119,16,693.34,392.06,69.22,179.45,0.5529,-1,-1,-1
120,2,775.60,232.94,198.91,649.32,0.8782,-1,-1,-1
120,5,1117.64,287.32,174.63,474.07,0.8532,-1,-1,-1
120,14,984.81,324.10,108.81,323.08,0.7074,-1,-1,-1
120,19,390.50,334.41,128.37,382.82,0.8358,-1,-1,-1
120,16,691.43,391.92,69.83,179.02,0.5289,-1,-1,-1
121,2,771.32,229.33,197.80,645.77,0.8741,-1,-1,-1
121,5,1116.68,289.17,174.03,475.46,0.8470,-1,-1,-1
121,14,980.86,325.32,110.69,322.49,0.6075,-1,-1,-1
121,19,384.49,333.23,129.94,386.15,0.8384,-1,-1,-1
121,16,689.25,393.25,71.91,182.02,0.4325,-1,-1,-1
122,2,764.99,227.91,195.61,637.89,0.8656,-1,-1,-1
122,5,1114.70,290.47,173.54,477.08,0.8405,-1,-1,-1
122,14,978.91,325.25,112.65,322.63,0.6372,-1,-1,-1
122,19,375.58,332.65,132.87,393.06,0.8261,-1,-1,-1
123,2,756.23,226.40,195.79,635.92,0.8671,-1,-1,-1
123,5,1112.09,290.48,172.74,478.14,0.8582,-1,-1,-1
123,14,971.80,325.83,115.43,323.73,0.6224,-1,-1,-1
123,19,367.11,331.70,135.52,400.67,0.8542,-1,-1,-1
124,2,747.61,226.53,196.98,636.54,0.8720,-1,-1,-1
124,5,1107.43,289.45,172.92,482.85,0.8491,-1,-1,-1
124,14,963.38,326.93,116.43,324.91,0.6116,-1,-1,-1
124,19,359.10,331.73,137.16,404.64,0.8591,-1,-1,-1
125,2,739.43,227.33,199.03,639.61,0.8767,-1,-1,-1
125,5,1104.15,289.38,171.35,481.42,0.8453,-1,-1,-1
125,14,957.50,325.05,118.68,329.34,0.6953,-1,-1,-1
125,19,350.87,336.26,137.53,404.35,0.8451,-1,-1,-1
126,2,726.87,228.16,202.68,643.94,0.8684,-1,-1,-1
126,5,1099.58,289.89,169.40,478.14,0.8445,-1,-1,-1
126,14,955.48,321.92,120.47,332.78,0.5801,-1,-1,-1
126,19,339.22,336.34,139.21,407.87,0.8397,-1,-1,-1
127,2,719.71,230.33,205.34,645.99,0.8698,-1,-1,-1
127,5,1094.44,290.47,169.93,480.77,0.8566,-1,-1,-1
127,14,951.08,320.63,123.16,335.81,0.7700,-1,-1,-1
127,19,330.48,340.73,139.92,409.11,0.8475,-1,-1,-1
128,2,714.92,230.98,208.32,649.93,0.8799,-1,-1,-1
128,5,1089.74,289.37,170.44,482.17,0.8706,-1,-1,-1
128,14,944.40,322.38,125.07,335.20,0.6102,-1,-1,-1
128,19,321.92,341.00,141.26,411.86,0.8530,-1,-1,-1
129,2,713.86,234.19,209.05,648.84,0.8803,-1,-1,-1
129,5,1086.05,287.29,171.28,483.22,0.8741,-1,-1,-1
129,14,932.77,321.85,123.41,335.34,0.6498,-1,-1,-1
129,19,315.03,338.24,144.47,420.78,0.8338,-1,-1,-1
130,2,712.25,236.16,210.32,649.11,0.8819,-1,-1,-1
130,5,1083.61,286.80,171.62,483.18,0.8673,-1,-1,-1
130,14,927.75,320.66,121.66,335.26,0.7349,-1,-1,-1
130,19,310.36,334.69,147.53,429.66,0.8405,-1,-1,-1
130,23,658.62,389.17,65.35,192.89,0.5535,-1,-1,-1
131,2,712.17,238.13,211.57,649.35,0.8799,-1,-1,-1
131,5,1082.32,284.74,172.06,482.97,0.8665,-1,-1,-1
131,14,923.92,319.28,120.25,333.94,0.7373,-1,-1,-1
131,19,306.65,332.15,149.06,435.25,0.8388,-1,-1,-1
131,23,656.91,389.41,65.41,193.15,0.5875,-1,-1,-1
132,2,712.58,238.67,212.53,649.58,0.8754,-1,-1,-1
132,5,1081.42,283.03,172.10,482.17,0.8634,-1,-1,-1
132,14,921.09,317.83,119.43,333.94,0.7335,-1,-1,-1
132,19,304.80,332.14,149.00,437.13,0.8290,-1,-1,-1
132,23,656.21,389.00,65.86,194.63,0.5692,-1,-1,-1
132,24,1012.27,367.25,71.20,226.59,0.5586,-1,-1,-1
133,2,715.16,239.06,212.83,647.86,0.8755,-1,-1,-1
133,5,1079.86,282.32,172.83,482.18,0.8685,-1,-1,-1
133,14,919.70,316.50,118.88,335.81,0.7468,-1,-1,-1
133,19,297.61,330.33,150.99,441.32,0.8195,-1,-1,-1
133,23,655.75,389.33,65.89,195.08,0.4432,-1,-1,-1
133,24,1013.23,367.87,70.86,225.40,0.5763,-1,-1,-1
134,2,715.57,238.78,213.48,649.14,0.8765,-1,-1,-1
134,5,1078.65,283.29,174.74,484.94,0.8678,-1,-1,-1
134,14,919.31,317.59,117.66,337.37,0.7328,-1,-1,-1
134,19,290.21,326.15,154.66,451.93,0.8404,-1,-1,-1
134,23,656.61,391.45,65.98,194.95,0.5317,-1,-1,-1
134,24,1013.23,367.74,70.39,223.58,0.6110,-1,-1,-1
135,2,716.76,239.68,213.34,648.51,0.8799,-1,-1,-1
135,5,1076.98,284.32,176.59,487.91,0.8648,-1,-1,-1
135,14,917.73,317.73,116.84,340.54,0.7097,-1,-1,-1
135,19,286.10,328.44,155.29,454.15,0.8316,-1,-1,-1
135,23,655.09,393.22,66.50,195.44,0.5442,-1,-1,-1
135,24,1013.82,369.75,69.47,219.78,0.6537,-1,-1,-1
136,2,720.43,240.17,211.78,643.94,0.8737,-1,-1,-1
136,5,1076.13,286.59,178.26,489.71,0.8665,-1,-1,-1
136,14,917.61,319.46,115.08,340.02,0.7318,-1,-1,-1
136,19,281.71,327.43,157.12,459.26,0.8387,-1,-1,-1
136,23,652.08,394.70,67.75,196.64,0.6849,-1,-1,-1
136,24,1013.24,365.76,72.17,227.75,0.7067,-1,-1,-1
137,2,724.33,240.65,208.08,630.78,0.8833,-1,-1,-1
137,5,1076.04,289.51,180.41,491.85,0.8635,-1,-1,-1
137,14,918.33,319.41,113.78,341.37,0.7313,-1,-1,-1
137,19,280.22,324.60,158.62,465.10,0.8409,-1,-1,-1
137,23,652.06,395.25,69.50,200.33,0.6352,-1,-1,-1
137,24,1015.65,368.58,71.92,226.04,0.7447,-1,-1,-1
138,2,726.57,241.98,207.21,624.47,0.8864,-1,-1,-1
138,5,1080.45,293.32,181.45,491.48,0.8618,-1,-1,-1
138,14,919.25,320.66,112.42,342.16,0.7456,-1,-1,-1
138,19,277.34,323.15,159.85,469.37,0.8038,-1,-1,-1
138,23,652.07,396.86,69.77,200.76,0.5942,-1,-1,-1
138,24,1018.47,368.36,72.83,228.43,0.7447,-1,-1,-1
139,2,730.34,242.46,207.08,622.39,0.8851,-1,-1,-1
139,5,1085.01,295.11,182.58,491.45,0.8479,-1,-1,-1
139,14,921.37,320.83,111.37,343.53,0.7266,-1,-1,-1
139,19,271.47,320.79,161.97,474.91,0.8146,-1,-1,-1
139,23,651.68,396.25,70.83,203.84,0.5823,-1,-1,-1
139,24,1021.34,365.57,73.48,230.07,0.7169,-1,-1,-1
140,2,736.87,241.90,207.46,626.14,0.8780,-1,-1,-1
140,5,1090.10,296.51,182.78,490.21,0.8453,-1,-1,-1
140,14,926.28,320.30,110.03,345.13,0.7149,-1,-1,-1
140,19,268.03,318.89,165.18,484.27,0.8302,-1,-1,-1
140,23,650.93,396.97,71.61,205.00,0.6319,-1,-1,-1
140,24,1024.10,367.79,73.07,227.87,0.7775,-1,-1,-1
141,2,741.57,244.83,207.10,628.99,0.8735,-1,-1,-1
141,5,1093.71,296.28,184.78,494.69,0.8582,-1,-1,-1
141,14,927.93,321.64,108.74,344.74,0.7389,-1,-1,-1
141,19,267.61,319.12,168.29,494.94,0.8246,-1,-1,-1
141,23,650.46,396.00,72.81,206.66,0.7632,-1,-1,-1
141,24,1026.96,367.16,73.67,228.10,0.6852,-1,-1,-1
142,2,746.62,249.86,205.54,628.51,0.8694,-1,-1,-1
142,5,1098.79,296.74,186.14,498.46,0.8516,-1,-1,-1
142,14,929.67,324.36,106.96,342.09,0.7639,-1,-1,-1
142,19,267.79,321.40,169.93,500.56,0.8492,-1,-1,-1
142,23,653.25,399.07,73.14,203.97,0.6909,-1,-1,-1
142,24,1031.19,370.84,73.68,226.71,0.7247,-1,-1,-1
143,2,755.76,252.93,204.66,632.09,0.8787,-1,-1,-1
143,5,1105.06,296.98,187.27,501.75,0.8675,-1,-1,-1
143,14,939.21,325.42,104.76,341.32,0.7232,-1,-1,-1
143,19,267.58,324.35,171.11,503.83,0.8474,-1,-1,-1
143,23,657.27,400.22,74.17,204.47,0.6631,-1,-1,-1
143,24,1036.41,372.01,73.45,226.17,0.7463,-1,-1,-1
144,2,761.92,255.50,203.17,632.98,0.8729,-1,-1,-1
144,5,1110.53,297.05,187.25,501.77,0.8615,-1,-1,-1
144,14,947.24,329.66,101.12,335.40,0.8004,-1,-1,-1
144,19,266.54,324.94,173.54,510.51,0.8580,-1,-1,-1
144,23,661.20,398.32,75.13,207.11,0.7032,-1,-1,-1
144,24,1041.13,372.54,74.10,227.03,0.7546,-1,-1,-1
145,2,768.98,257.94,201.75,634.09,0.8604,-1,-1,-1
145,5,1118.81,296.95,187.12,501.37,0.8608,-1,-1,-1
145,14,952.07,329.53,99.92,337.19,0.7497,-1,-1,-1
145,19,265.53,324.67,175.21,514.20,0.8532,-1,-1,-1
145,23,664.67,397.27,76.40,209.67,0.7018,-1,-1,-1
145,24,1044.54,375.08,73.68,224.01,0.7400,-1,-1,-1
146,2,773.90,261.65,200.98,635.66,0.8638,-1,-1,-1
146,5,1126.62,300.09,184.91,495.51,0.8740,-1,-1,-1
146,14,960.06,331.50,98.68,337.30,0.6867,-1,-1,-1
146,19,266.09,324.52,178.08,522.86,0.8772,-1,-1,-1
146,23,669.58,397.70,76.94,210.22,0.6982,-1,-1,-1
146,24,1049.83,377.61,73.08,220.62,0.6476,-1,-1,-1
147,2,776.94,264.80,200.32,636.94,0.8650,-1,-1,-1
147,5,1134.08,299.13,184.14,492.26,0.8670,-1,-1,-1
147,14,961.38,331.31,98.71,339.91,0.7115,-1,-1,-1
147,19,263.39,325.44,180.31,528.71,0.8601,-1,-1,-1
147,23,670.80,396.70,78.67,214.65,0.7260,-1,-1,-1
147,24,1053.08,380.96,73.66,220.43,0.6330,-1,-1,-1
148,2,782.45,266.07,198.62,636.05,0.8554,-1,-1,-1
148,5,1139.27,298.19,183.67,491.45,0.8671,-1,-1,-1
148,14,964.86,331.45,98.23,340.80,0.7303,-1,-1,-1
148,19,259.28,325.57,184.09,539.39,0.8684,-1,-1,-1
148,23,671.87,395.69,79.42,217.87,0.7258,-1,-1,-1
148,24,1055.02,378.44,75.47,225.57,0.6768,-1,-1,-1
149,2,786.69,266.77,197.59,637.46,0.8616,-1,-1,-1
149,5,1145.50,298.55,182.41,489.05,0.8619,-1,-1,-1
149,14,968.17,335.07,96.68,338.91,0.7344,-1,-1,-1
149,19,251.87,323.77,186.71,548.54,0.8649,-1,-1,-1
149,23,673.89,399.56,79.17,217.89,0.6009,-1,-1,-1
149,24,1056.78,378.70,76.39,228.13,0.6365,-1,-1,-1
150,2,788.58,267.21,196.41,637.42,0.8498,-1,-1,-1
150,5,1149.56,299.68,182.32,489.94,0.8644,-1,-1,-1
150,14,971.78,338.71,96.00,338.97,0.7367,-1,-1,-1
150,19,244.28,319.94,188.83,557.84,0.8501,-1,-1,-1
150,23,674.50,404.13,78.87,216.76,0.6131,-1,-1,-1
150,24,1056.57,372.45,78.64,235.92,0.6722,-1,-1,-1
151,2,790.50,267.27,194.94,634.50,0.8409,-1,-1,-1
151,5,1150.98,299.64,184.62,497.78,0.8714,-1,-1,-1
151,14,975.12,340.49,95.43,341.16,0.7332,-1,-1,-1
151,19,233.83,318.11,191.40,567.45,0.8507,-1,-1,-1
151,23,675.60,408.29,78.08,214.59,0.6688,-1,-1,-1
151,24,1056.40,370.39,79.73,240.11,0.5983,-1,-1,-1
152,2,790.83,266.29,192.93,627.63,0.8417,-1,-1,-1
152,5,1152.85,300.23,184.75,499.04,0.8801,-1,-1,-1
152,14,975.36,341.58,94.66,341.33,0.7104,-1,-1,-1
152,19,225.04,314.91,193.94,576.85,0.8509,-1,-1,-1
152,23,676.58,409.66,78.72,215.65,0.7133,-1,-1,-1
152,24,1056.02,372.06,79.30,238.58,0.6059,-1,-1,-1
153,2,790.18,264.23,191.98,620.49,0.8418,-1,-1,-1
153,5,1156.19,302.02,184.18,498.82,0.8824,-1,-1,-1
153,14,977.67,341.86,94.28,344.57,0.7248,-1,-1,-1
153,19,215.55,312.07,196.08,583.15,0.8585,-1,-1,-1
153,23,677.35,410.37,80.14,218.54,0.7124,-1,-1,-1
153,24,1056.33,372.33,79.52,239.31,0.6199,-1,-1,-1
154,2,787.40,262.34,193.23,618.46,0.8594,-1,-1,-1
154,5,1157.94,302.88,183.18,497.26,0.8731,-1,-1,-1
154,14,977.32,341.82,93.39,344.71,0.7265,-1,-1,-1
154,19,205.79,309.62,198.59,589.07,0.8723,-1,-1,-1
154,23,678.61,411.29,81.40,220.46,0.7176,-1,-1,-1
154,24,1055.71,373.56,79.61,239.16,0.6567,-1,-1,-1
155,2,782.87,259.98,195.69,618.85,0.8684,-1,-1,-1
155,5,1158.93,302.90,183.27,499.29,0.8790,-1,-1,-1
155,14,978.84,341.00,91.84,343.29,0.7272,-1,-1,-1
155,19,196.41,307.08,200.88,593.43,0.8712,-1,-1,-1
155,23,679.30,408.58,84.12,223.47,0.7297,-1,-1,-1
155,24,1055.28,372.97,79.73,239.32,0.7016,-1,-1,-1
156,2,779.40,258.40,199.27,621.56,0.8702,-1,-1,-1
156,5,1158.34,305.54,184.71,504.67,0.8774,-1,-1,-1
156,14,978.68,340.36,91.21,343.96,0.7022,-1,-1,-1
156,19,185.37,303.21,203.32,599.38,0.8714,-1,-1,-1
156,23,679.15,406.51,86.42,225.99,0.7665,-1,-1,-1
156,24,1053.62,371.13,80.62,242.17,0.6923,-1,-1,-1
157,2,774.85,259.57,203.00,624.15,0.8774,-1,-1,-1
157,5,1154.98,307.52,184.95,507.40,0.8730,-1,-1,-1
157,14,974.73,341.13,91.94,346.06,0.6965,-1,-1,-1
157,19,175.20,301.00,205.84,604.95,0.8634,-1,-1,-1
157,23,675.66,407.13,87.85,226.38,0.7038,-1,-1,-1
157,24,1051.58,370.39,81.30,243.83,0.6787,-1,-1,-1
158,2,771.13,257.99,206.28,628.34,0.8731,-1,-1,-1
158,5,1150.04,306.00,184.38,507.86,0.8647,-1,-1,-1
158,14,969.78,341.62,91.62,345.10,0.7418,-1,-1,-1
158,19,162.03,297.84,208.66,611.40,0.8608,-1,-1,-1
158,23,664.21,406.35,87.59,228.01,0.6732,-1,-1,-1
158,24,1048.29,370.78,81.76,243.95,0.7391,-1,-1,-1
159,2,770.86,261.35,207.41,628.76,0.8666,-1,-1,-1
159,5,1145.89,306.83,182.74,505.39,0.8761,-1,-1,-1
159,14,966.26,342.00,90.29,341.44,0.6546,-1,-1,-1
159,19,145.25,295.06,212.45,620.92,0.8558,-1,-1,-1
159,23,659.52,402.92,88.18,230.36,0.6600,-1,-1,-1
159,24,1044.96,375.49,80.87,239.45,0.7010,-1,-1,-1
160,2,770.56,263.98,208.16,630.14,0.8642,-1,-1,-1
160,5,1140.54,306.47,182.28,506.67,0.8769,-1,-1,-1
160,14,963.55,340.13,90.19,340.52,0.7255,-1,-1,-1
160,19,130.98,291.63,218.22,637.19,0.8640,-1,-1,-1
160,23,655.19,402.14,88.97,230.38,0.6724,-1,-1,-1
160,24,1041.17,377.83,80.15,236.23,0.6979,-1,-1,-1
161,2,771.39,269.13,207.92,628.89,0.8709,-1,-1,-1
161,5,1136.26,306.49,181.32,506.55,0.8782,-1,-1,-1
161,14,957.63,339.27,90.18,341.18,0.6698,-1,-1,-1
161,19,115.77,290.22,224.06,654.35,0.8549,-1,-1,-1
161,23,648.50,399.16,90.79,235.19,0.6919,-1,-1,-1
161,24,1037.79,382.96,78.81,230.01,0.7512,-1,-1,-1
162,2,772.54,271.06,207.21,627.47,0.8824,-1,-1,-1
162,5,1130.36,301.66,181.98,511.70,0.8733,-1,-1,-1
162,14,949.50,337.10,90.53,346.31,0.6473,-1,-1,-1
162,19,99.94,285.08,226.85,661.27,0.8687,-1,-1,-1
162,23,636.70,396.41,90.76,238.70,0.7041,-1,-1,-1
162,24,1031.27,385.76,78.14,226.31,0.7441,-1,-1,-1
163,2,771.58,270.88,206.86,628.52,0.8929,-1,-1,-1
163,5,1123.05,300.34,181.71,512.49,0.8682,-1,-1,-1
163,14,945.15,333.28,91.03,350.57,0.6175,-1,-1,-1
163,19,81.80,284.00,230.74,675.69,0.8466,-1,-1,-1
163,23,628.74,394.91,90.70,240.57,0.7249,-1,-1,-1
163,24,1025.36,387.19,78.21,224.58,0.6823,-1,-1,-1
163,28,725.75,358.12,78.84,280.67,0.6666,-1,-1,-1
164,2,768.29,269.16,205.78,625.73,0.8909,-1,-1,-1
164,5,1116.51,298.33,181.58,511.31,0.8672,-1,-1,-1
164,14,940.79,333.27,90.24,350.56,0.6623,-1,-1,-1
164,19,63.45,282.31,237.46,693.08,0.8834,-1,-1,-1
164,23,619.86,393.04,91.35,243.48,0.7237,-1,-1,-1
164,24,1020.95,389.92,77.00,220.50,0.7023,-1,-1,-1
164,28,716.44,361.66,78.31,278.69,0.6744,-1,-1,-1
165,2,762.83,265.17,205.45,627.15,0.8865,-1,-1,-1
165,5,1109.99,298.80,180.53,507.73,0.8747,-1,-1,-1
165,14,938.68,332.89,88.98,348.45,0.6922,-1,-1,-1
165,19,43.49,280.27,244.19,711.44,0.8713,-1,-1,-1
165,23,610.30,392.77,91.10,244.40,0.6888,-1,-1,-1
165,24,1016.96,391.26,75.88,216.35,0.6871,-1,-1,-1
165,28,709.05,363.91,77.96,277.35,0.7069,-1,-1,-1
166,2,761.27,260.93,205.25,630.10,0.8856,-1,-1,-1
166,5,1104.96,297.64,179.70,503.16,0.8768,-1,-1,-1
166,14,932.72,328.06,89.35,351.67,0.6957,-1,-1,-1
166,19,26.94,278.42,250.06,724.99,0.8876,-1,-1,-1
166,23,604.79,391.38,91.64,246.65,0.7174,-1,-1,-1
166,24,1011.94,390.89,75.59,214.25,0.6685,-1,-1,-1
166,28,704.79,365.26,78.08,277.51,0.7309,-1,-1,-1
167,2,761.15,257.62,204.25,630.78,0.8746,-1,-1,-1
167,5,1099.92,293.73,181.42,504.90,0.8659,-1,-1,-1
167,14,931.29,325.79,88.59,350.51,0.6918,-1,-1,-1
167,19,8.98,274.61,254.28,736.89,0.8650,-1,-1,-1
167,23,599.08,390.01,91.88,248.83,0.7259,-1,-1,-1
167,24,1010.11,395.96,74.26,209.42,0.5622,-1,-1,-1
167,28,701.04,363.15,79.38,280.81,0.7083,-1,-1,-1
168,2,764.77,254.58,200.31,623.37,0.8656,-1,-1,-1
168,5,1095.79,292.06,182.22,504.38,0.8647,-1,-1,-1
168,14,929.29,328.01,88.19,349.56,0.6991,-1,-1,-1
168,19,-1.90,266.86,258.77,750.63,0.8876,-1,-1,-1
168,23,594.77,389.39,91.77,249.47,0.6911,-1,-1,-1
168,24,1006.17,382.24,79.46,225.38,0.6034,-1,-1,-1
168,28,692.00,358.89,81.56,285.46,0.7777,-1,-1,-1
169,2,769.57,250.49,196.51,615.26,0.8632,-1,-1,-1
169,5,1092.27,291.37,182.97,503.20,0.8698,-1,-1,-1
169,14,928.16,328.69,86.67,344.89,0.6958,-1,-1,-1
169,19,-11.27,259.35,261.03,763.20,0.9024,-1,-1,-1
169,23,590.03,387.76,92.52,251.92,0.7353,-1,-1,-1
169,24,1003.86,377.44,80.26,227.69,0.6366,-1,-1,-1
169,28,687.21,356.89,81.83,283.15,0.7693,-1,-1,-1
170,2,771.61,248.35,194.01,611.59,0.8545,-1,-1,-1
170,5,1087.96,290.76,185.02,505.06,0.8706,-1,-1,-1
170,14,926.00,329.15,85.84,343.35,0.6886,-1,-1,-1
170,19,-18.65,252.37,261.93,776.08,0.9022,-1,-1,-1
170,23,584.48,386.80,91.53,252.16,0.6201,-1,-1,-1
170,24,1002.85,373.04,81.34,231.08,0.6332,-1,-1,-1
170,28,682.06,353.51,84.24,286.80,0.7918,-1,-1,-1
171,2,771.44,246.32,193.03,612.88,0.8563,-1,-1,-1
171,5,1084.87,290.38,187.59,508.39,0.8685,-1,-1,-1
171,14,925.24,328.59,86.29,346.48,0.7115,-1,-1,-1
171,19,-24.46,246.79,261.67,789.07,0.9018,-1,-1,-1
171,23,579.41,383.34,93.31,258.05,0.6402,-1,-1,-1
171,24,1002.88,368.41,80.93,230.98,0.6707,-1,-1,-1
171,28,676.29,352.47,87.34,291.12,0.8041,-1,-1,-1
172,2,770.98,246.52,193.14,616.46,0.8505,-1,-1,-1
172,5,1082.27,290.01,189.44,509.15,0.8735,-1,-1,-1
172,14,925.80,335.22,83.78,337.31,0.6798,-1,-1,-1
172,19,-29.58,241.67,259.55,800.07,0.8958,-1,-1,-1
172,23,575.21,383.82,94.75,260.69,0.6855,-1,-1,-1
172,24,1001.16,367.07,80.54,230.38,0.6558,-1,-1,-1
172,28,671.69,350.92,90.56,294.81,0.8317,-1,-1,-1
173,2,770.98,245.34,192.76,619.68,0.8552,-1,-1,-1
173,5,1079.59,289.04,191.28,510.89,0.8676,-1,-1,-1
173,14,924.22,336.17,82.89,335.77,0.6678,-1,-1,-1
173,19,-33.98,236.50,257.63,814.83,0.8878,-1,-1,-1
173,23,569.46,384.85,95.97,261.87,0.7057,-1,-1,-1
173,24,1001.63,370.48,78.50,224.13,0.6627,-1,-1,-1
173,28,669.21,348.33,94.01,298.34,0.8321,-1,-1,-1
174,2,771.06,245.52,192.42,621.97,0.8592,-1,-1,-1
174,5,1080.00,288.64,193.73,514.59,0.8719,-1,-1,-1
174,14,924.61,335.72,82.49,336.27,0.6463,-1,-1,-1
174,19,-36.58,232.12,254.56,827.67,0.8844,-1,-1,-1
174,23,562.10,381.49,97.86,268.13,0.6958,-1,-1,-1
174,24,1000.92,368.12,79.16,226.92,0.6675,-1,-1,-1
174,28,667.52,345.95,97.29,300.97,0.8182,-1,-1,-1
175,2,772.44,246.51,192.17,626.10,0.8637,-1,-1,-1
175,5,1081.71,288.63,196.04,518.72,0.8729,-1,-1,-1
175,14,925.98,331.50,82.96,340.58,0.6395,-1,-1,-1
175,19,-38.18,227.04,250.24,837.94,0.8854,-1,-1,-1
175,23,557.81,379.60,98.98,272.16,0.6820,-1,-1,-1
175,24,1001.15,367.49,79.71,229.65,0.6663,-1,-1,-1
175,28,665.89,344.88,100.70,303.76,0.8186,-1,-1,-1
176,2,775.95,251.38,191.03,627.73,0.8478,-1,-1,-1
176,5,1084.46,289.16,197.17,520.10,0.8721,-1,-1,-1
176,14,927.12,327.25,83.11,345.25,0.6373,-1,-1,-1
176,19,-38.82,225.51,245.09,846.10,0.8836,-1,-1,-1
176,23,554.50,378.52,100.37,275.91,0.7237,-1,-1,-1
176,24,1003.71,365.97,79.71,231.27,0.6799,-1,-1,-1
176,28,663.93,344.75,104.47,309.08,0.8107,-1,-1,-1
177,2,779.16,256.05,189.54,627.25,0.8483,-1,-1,-1
177,5,1087.46,290.07,197.26,518.71,0.8748,-1,-1,-1
177,14,926.33,324.81,81.92,348.11,0.5903,-1,-1,-1
177,19,-40.03,223.92,239.07,853.06,0.8760,-1,-1,-1
177,23,553.24,379.07,100.56,275.87,0.7126,-1,-1,-1
177,24,1005.83,367.17,78.86,229.85,0.6887,-1,-1,-1
177,28,662.74,345.15,107.13,311.34,0.8152,-1,-1,-1
178,2,783.51,260.44,188.14,626.15,0.8574,-1,-1,-1
178,5,1091.24,290.02,199.42,522.77,0.8788,-1,-1,-1
178,14,928.29,326.95,80.24,351.23,0.4079,-1,-1,-1
178,19,-40.26,221.61,232.28,857.50,0.8740,-1,-1,-1
178,23,552.35,379.18,101.14,277.69,0.7328,-1,-1,-1
178,24,1010.08,369.47,78.18,228.98,0.6444,-1,-1,-1
178,28,662.93,347.16,110.30,314.20,0.8253,-1,-1,-1
179,2,786.60,262.74,186.79,624.95,0.8564,-1,-1,-1
179,5,1096.39,288.27,200.73,526.29,0.8803,-1,-1,-1
179,14,926.27,309.40,82.41,365.76,0.5756,-1,-1,-1
179,19,-40.59,224.16,223.51,855.69,0.8739,-1,-1,-1
179,23,551.57,379.16,102.01,280.03,0.7101,-1,-1,-1
179,24,1013.53,373.13,76.62,224.58,0.6751,-1,-1,-1
179,28,662.84,348.66,113.41,315.33,0.8254,-1,-1,-1
180,2,791.91,265.93,184.79,619.38,0.8630,-1,-1,-1
180,5,1102.40,289.69,200.35,524.70,0.8717,-1,-1,-1
180,14,931.50,316.33,78.59,358.09,0.3246,-1,-1,-1
180,19,-40.82,227.90,214.30,852.59,0.8652,-1,-1,-1
180,23,551.52,378.62,103.35,283.41,0.7641,-1,-1,-1
180,24,1017.40,380.77,74.48,218.07,0.6105,-1,-1,-1
180,28,662.19,350.29,115.69,316.25,0.7987,-1,-1,-1
181,2,795.18,266.15,184.47,618.50,0.8678,-1,-1,-1
181,5,1109.13,286.24,200.78,527.03,0.8748,-1,-1,-1
181,14,933.24,312.58,77.17,359.82,0.3641,-1,-1,-1
181,19,-38.05,249.16,201.40,831.33,0.8625,-1,-1,-1
181,23,552.14,380.88,103.63,284.18,0.7259,-1,-1,-1
181,24,1018.48,374.47,76.74,224.89,0.6325,-1,-1,-1
181,28,662.15,350.84,118.85,319.87,0.8163,-1,-1,-1
182,2,796.87,265.71,184.30,617.68,0.8722,-1,-1,-1
182,5,1116.28,285.95,200.41,527.05,0.8726,-1,-1,-1
182,14,936.66,312.84,76.07,360.80,0.4416,-1,-1,-1
182,19,-35.54,275.38,188.01,805.36,0.8565,-1,-1,-1
182,23,553.85,382.36,104.75,286.59,0.7499,-1,-1,-1
182,24,1022.63,377.04,76.13,221.56,0.7335,-1,-1,-1
182,28,661.43,351.16,121.63,323.16,0.8205,-1,-1,-1
183,2,801.89,264.33,183.72,612.58,0.8732,-1,-1,-1
183,5,1125.54,283.44,197.96,522.16,0.8705,-1,-1,-1
183,14,940.70,313.72,74.32,357.16,0.3319,-1,-1,-1
183,19,-34.21,301.85,174.52,777.89,0.8433,-1,-1,-1
183,23,554.50,385.31,105.24,287.23,0.7397,-1,-1,-1
183,24,1026.31,382.25,75.16,216.86,0.6706,-1,-1,-1
183,28,662.53,349.58,124.33,325.04,0.8300,-1,-1,-1
184,2,806.69,264.91,181.83,601.72,0.8759,-1,-1,-1
184,5,1131.16,282.60,196.05,517.69,0.8755,-1,-1,-1
184,14,945.02,307.84,75.26,366.06,0.4225,-1,-1,-1
184,19,-30.54,358.87,155.28,719.59,0.8429,-1,-1,-1
184,23,556.41,388.23,105.26,285.46,0.7550,-1,-1,-1
184,24,1031.21,381.80,76.71,220.34,0.6438,-1,-1,-1
184,28,666.17,348.05,127.02,327.53,0.8309,-1,-1,-1
185,2,808.26,263.17,182.26,598.89,0.8585,-1,-1,-1
185,5,1137.60,282.84,194.52,513.99,0.8707,-1,-1,-1
185,14,952.70,310.65,74.53,364.36,0.6058,-1,-1,-1
185,19,-29.22,384.26,143.58,693.20,0.8066,-1,-1,-1
185,23,559.82,390.02,106.60,286.14,0.7165,-1,-1,-1
185,24,1036.29,384.00,75.99,217.87,0.6756,-1,-1,-1
185,28,668.84,335.17,133.22,343.30,0.8513,-1,-1,-1
186,2,808.56,259.31,184.23,602.72,0.8641,-1,-1,-1
186,5,1144.28,283.86,193.73,514.26,0.8792,-1,-1,-1
186,14,957.83,315.77,73.18,360.78,0.5453,-1,-1,-1
186,19,-26.92,397.20,135.47,679.94,0.7608,-1,-1,-1
186,23,561.72,390.71,108.39,287.91,0.7527,-1,-1,-1
186,24,1039.54,384.04,76.68,218.11,0.6856,-1,-1,-1
186,28,669.39,327.64,137.18,353.53,0.8471,-1,-1,-1
187,2,810.50,255.47,185.51,603.71,0.8674,-1,-1,-1
187,5,1149.92,280.73,194.90,519.09,0.8826,-1,-1,-1
187,14,965.25,337.68,68.03,338.93,0.3711,-1,-1,-1
187,23,562.65,387.43,111.58,293.00,0.7652,-1,-1,-1
187,24,1042.99,380.14,77.50,219.92,0.7038,-1,-1,-1
187,28,671.02,327.49,137.32,353.40,0.8511,-1,-1,-1
188,2,809.51,253.26,187.76,605.84,0.8690,-1,-1,-1
188,5,1152.84,279.37,194.76,520.18,0.8860,-1,-1,-1
188,23,562.64,385.99,113.44,294.44,0.7757,-1,-1,-1
188,24,1041.81,377.88,79.00,222.41,0.7109,-1,-1,-1
188,28,670.23,325.58,137.75,353.95,0.8549,-1,-1,-1
189,2,807.33,252.74,190.13,609.02,0.8673,-1,-1,-1
189,5,1154.85,276.80,194.41,522.78,0.8822,-1,-1,-1
189,23,561.38,383.01,116.31,297.93,0.7088,-1,-1,-1
189,24,1041.27,376.01,79.99,223.66,0.7259,-1,-1,-1
189,28,668.91,324.53,138.96,356.24,0.8495,-1,-1,-1
190,2,807.66,251.67,191.84,612.09,0.8584,-1,-1,-1
190,5,1156.41,275.47,194.61,526.00,0.8806,-1,-1,-1
190,23,559.00,380.77,119.82,301.22,0.7273,-1,-1,-1
190,24,1039.02,376.11,80.64,222.17,0.7129,-1,-1,-1
190,28,669.72,322.88,140.02,359.97,0.8446,-1,-1,-1
191,2,807.80,252.41,193.58,616.46,0.8553,-1,-1,-1
191,5,1157.86,277.06,194.55,528.44,0.8796,-1,-1,-1
191,23,554.52,378.82,122.75,305.03,0.6629,-1,-1,-1
191,24,1038.46,374.58,82.29,224.73,0.6989,-1,-1,-1
191,28,669.48,323.46,140.34,361.98,0.8073,-1,-1,-1
192,2,810.03,257.72,193.73,617.74,0.8579,-1,-1,-1
192,5,1157.57,282.52,193.53,528.42,0.8861,-1,-1,-1
192,23,539.19,377.78,121.52,307.32,0.7031,-1,-1,-1
192,24,1036.90,377.21,82.58,223.38,0.7029,-1,-1,-1
192,28,667.45,324.34,140.68,362.83,0.8327,-1,-1,-1
193,2,810.80,262.43,193.79,617.67,0.8681,-1,-1,-1
193,5,1155.96,284.25,192.87,530.55,0.8836,-1,-1,-1
193,23,538.53,377.11,123.04,309.00,0.6637,-1,-1,-1
193,24,1034.43,376.43,84.04,226.08,0.6982,-1,-1,-1
193,28,663.15,328.14,141.21,361.92,0.7862,-1,-1,-1
194,2,810.08,266.68,193.59,615.19,0.8654,-1,-1,-1
194,5,1153.79,286.83,192.44,533.78,0.8792,-1,-1,-1
194,23,534.84,377.20,125.25,312.65,0.7530,-1,-1,-1
194,24,1035.03,377.67,84.39,226.95,0.7260,-1,-1,-1
194,28,659.32,330.58,142.75,365.05,0.8255,-1,-1,-1
195,2,809.13,272.25,193.75,611.53,0.8796,-1,-1,-1
195,5,1150.43,289.98,191.11,534.52,0.8688,-1,-1,-1
195,23,521.35,379.30,125.26,316.02,0.7483,-1,-1,-1
195,24,1031.56,380.01,84.66,225.92,0.7374,-1,-1,-1
195,28,652.49,335.04,144.60,367.48,0.8444,-1,-1,-1
196,2,805.62,271.66,195.70,614.17,0.8865,-1,-1,-1
196,5,1145.18,293.27,190.35,536.54,0.8562,-1,-1,-1
196,23,512.16,379.47,126.35,321.87,0.7627,-1,-1,-1
196,24,1027.48,382.83,84.91,224.10,0.7186,-1,-1,-1
196,28,648.40,340.19,145.16,367.11,0.8285,-1,-1,-1
197,2,803.25,271.87,197.16,614.90,0.8946,-1,-1,-1
197,5,1140.08,294.72,188.90,536.84,0.8556,-1,-1,-1
197,23,503.70,381.97,126.07,324.09,0.7714,-1,-1,-1
197,24,1024.18,386.79,85.18,222.48,0.7606,-1,-1,-1
197,28,640.56,341.81,146.93,369.74,0.8226,-1,-1,-1
198,2,802.58,273.04,198.32,615.56,0.8890,-1,-1,-1
198,5,1136.41,296.74,185.90,530.30,0.8549,-1,-1,-1
198,23,493.75,384.50,127.26,329.57,0.7919,-1,-1,-1
198,24,1020.25,390.01,85.40,221.25,0.7204,-1,-1,-1
198,28,628.48,343.16,149.77,374.50,0.8376,-1,-1,-1
199,2,806.55,275.68,194.03,600.96,0.8820,-1,-1,-1
199,5,1130.99,297.89,188.24,539.81,0.8627,-1,-1,-1
199,23,486.74,387.40,127.83,332.51,0.8202,-1,-1,-1
199,24,1015.59,395.75,84.43,216.64,0.7434,-1,-1,-1
199,28,614.67,346.91,153.54,381.20,0.8336,-1,-1,-1
200,2,806.73,279.88,191.56,589.54,0.8845,-1,-1,-1
200,5,1125.12,299.43,188.35,541.50,0.8619,-1,-1,-1
200,23,480.37,391.73,129.42,335.86,0.7002,-1,-1,-1
200,24,1013.00,403.82,82.83,211.00,0.6664,-1,-1,-1
200,28,608.57,348.91,154.26,383.85,0.8438,-1,-1,-1
201,2,804.35,281.26,191.46,588.12,0.8868,-1,-1,-1
201,5,1119.74,303.05,186.20,534.22,0.8699,-1,-1,-1
201,23,466.28,394.98,128.01,335.50,0.7716,-1,-1,-1
201,24,1008.12,397.64,85.39,219.14,0.7350,-1,-1,-1
201,28,592.69,348.23,155.79,384.78,0.7975,-1,-1,-1
202,2,799.34,281.77,192.49,591.00,0.8919,-1,-1,-1
202,5,1114.43,304.29,186.14,532.62,0.8721,-1,-1,-1
202,23,458.98,398.66,128.29,335.65,0.8075,-1,-1,-1
202,24,1005.00,403.43,83.68,215.65,0.6839,-1,-1,-1
202,28,584.22,347.12,157.06,389.06,0.8090,-1,-1,-1
203,2,797.68,282.38,192.63,593.59,0.8817,-1,-1,-1
203,5,1110.37,304.90,186.70,532.20,0.8731,-1,-1,-1
203,23,439.87,397.60,128.81,342.95,0.6158,-1,-1,-1
203,24,1001.36,407.83,83.34,215.09,0.7236,-1,-1,-1
203,28,577.25,345.35,159.27,395.60,0.8280,-1,-1,-1
204,2,799.10,284.57,191.47,595.26,0.8649,-1,-1,-1
204,5,1106.89,304.38,186.86,531.25,0.8712,-1,-1,-1
204,23,437.12,398.86,131.31,346.35,0.7255,-1,-1,-1
204,24,1000.61,412.08,83.14,216.31,0.7367,-1,-1,-1
204,28,571.26,344.95,159.85,397.86,0.8171,-1,-1,-1
205,2,799.67,286.24,190.33,597.00,0.8644,-1,-1,-1
205,5,1105.27,304.29,187.08,530.08,0.8741,-1,-1,-1
205,23,430.64,399.38,133.62,348.96,0.7800,-1,-1,-1
205,24,999.52,414.15,82.02,214.89,0.7010,-1,-1,-1
205,28,562.44,344.11,160.07,400.37,0.8010,-1,-1,-1
205,32,758.26,397.70,69.43,244.27,0.6578,-1,-1,-1
206,2,799.85,287.86,189.09,598.73,0.8670,-1,-1,-1
206,5,1104.05,306.56,188.60,531.13,0.8667,-1,-1,-1
206,23,424.58,397.99,136.46,352.50,0.7962,-1,-1,-1
206,24,998.62,415.92,80.82,212.11,0.6888,-1,-1,-1
206,28,556.14,343.15,161.12,404.51,0.8320,-1,-1,-1
206,32,755.98,396.72,70.51,248.18,0.6906,-1,-1,-1
207,2,800.26,289.34,187.30,598.46,0.8645,-1,-1,-1
207,5,1102.18,307.79,190.68,533.00,0.8681,-1,-1,-1
207,23,416.97,396.31,138.83,356.13,0.8315,-1,-1,-1
207,24,997.92,415.41,81.03,213.56,0.6986,-1,-1,-1
207,28,550.76,343.93,162.12,406.99,0.8532,-1,-1,-1
207,32,754.35,396.06,70.72,248.81,0.6905,-1,-1,-1
208,2,800.86,290.30,185.46,598.06,0.8560,-1,-1,-1
208,5,1100.27,305.69,193.83,537.90,0.8680,-1,-1,-1
208,23,407.39,395.49,140.13,358.52,0.8411,-1,-1,-1
208,24,999.37,411.90,80.01,212.20,0.7247,-1,-1,-1
208,28,544.53,338.36,164.23,413.16,0.8587,-1,-1,-1
208,32,753.68,394.19,71.20,250.46,0.6877,-1,-1,-1
209,2,800.75,291.58,183.99,598.09,0.8554,-1,-1,-1
209,5,1100.13,305.61,196.25,540.91,0.8675,-1,-1,-1
209,23,401.36,392.73,142.12,362.21,0.8272,-1,-1,-1
209,24,999.11,406.29,80.70,215.49,0.7160,-1,-1,-1
209,28,539.23,336.30,167.33,419.26,0.8638,-1,-1,-1
209,32,752.61,393.97,71.41,251.86,0.6307,-1,-1,-1
210,2,800.04,294.25,182.80,597.50,0.8648,-1,-1,-1
210,5,1101.26,308.02,197.53,540.52,0.8719,-1,-1,-1
210,23,393.90,390.47,143.82,365.75,0.8246,-1,-1,-1
210,24,999.55,404.98,80.66,216.16,0.5573,-1,-1,-1
210,28,534.90,338.51,169.53,422.61,0.8501,-1,-1,-1
210,32,748.95,392.98,72.12,254.44,0.6420,-1,-1,-1
211,2,799.48,294.51,182.67,599.88,0.8701,-1,-1,-1
211,5,1101.06,309.75,199.83,543.94,0.8726,-1,-1,-1
211,23,386.32,389.70,144.92,367.70,0.8250,-1,-1,-1
211,24,1001.84,414.97,76.75,206.03,0.5491,-1,-1,-1
211,28,525.48,331.80,176.23,437.21,0.8324,-1,-1,-1
211,32,745.68,393.60,72.90,257.42,0.6483,-1,-1,-1
212,2,797.98,293.28,182.92,600.27,0.8608,-1,-1,-1
212,5,1101.26,313.57,200.59,542.09,0.8651,-1,-1,-1
212,23,376.23,389.47,147.14,374.54,0.8260,-1,-1,-1
212,24,998.97,408.10,79.79,214.82,0.6687,-1,-1,-1
212,28,514.36,331.03,181.82,446.42,0.8214,-1,-1,-1
212,32,743.32,394.65,73.46,259.00,0.6523,-1,-1,-1
213,2,794.83,293.77,182.95,600.25,0.8643,-1,-1,-1
213,5,1100.02,312.20,202.81,545.47,0.8610,-1,-1,-1
213,23,368.05,390.31,150.76,384.07,0.8420,-1,-1,-1
213,24,996.28,404.42,81.65,219.95,0.7168,-1,-1,-1
213,28,510.89,337.30,182.77,446.06,0.8368,-1,-1,-1
213,32,739.08,396.02,74.16,262.61,0.6698,-1,-1,-1
214,2,793.41,297.75,181.24,592.99,0.8605,-1,-1,-1
214,5,1100.22,317.26,203.81,545.56,0.8704,-1,-1,-1
214,23,362.30,395.03,152.87,390.14,0.8434,-1,-1,-1
214,24,995.75,409.15,81.70,219.47,0.7440,-1,-1,-1
214,28,507.58,341.86,184.69,448.97,0.8454,-1,-1,-1
214,32,737.01,400.94,73.46,261.25,0.6716,-1,-1,-1
215,2,792.63,295.25,180.02,585.58,0.8647,-1,-1,-1
215,5,1101.20,314.79,206.59,552.68,0.8721,-1,-1,-1
215,23,356.97,396.31,154.65,396.00,0.8483,-1,-1,-1
215,24,995.46,407.49,82.89,221.84,0.7162,-1,-1,-1
215,28,504.53,341.64,187.79,455.11,0.8642,-1,-1,-1
215,32,735.77,401.34,72.98,260.88,0.6939,-1,-1,-1
216,2,791.40,292.98,181.59,586.98,0.8661,-1,-1,-1
216,5,1105.69,312.16,207.69,558.04,0.8832,-1,-1,-1
216,23,353.00,396.97,156.21,401.84,0.8468,-1,-1,-1
216,24,1000.54,412.04,81.28,217.83,0.7528,-1,-1,-1
216,28,500.26,338.60,191.70,464.78,0.8712,-1,-1,-1
216,32,737.17,400.95,72.30,259.97,0.6173,-1,-1,-1
217,2,791.06,291.39,183.18,588.27,0.8724,-1,-1,-1
217,5,1110.95,310.10,207.67,559.73,0.8829,-1,-1,-1
217,23,350.90,397.71,156.18,403.43,0.8455,-1,-1,-1
217,24,1005.33,416.13,80.36,215.04,0.7733,-1,-1,-1
217,28,497.85,335.05,194.71,473.07,0.8698,-1,-1,-1
217,32,738.61,399.27,73.30,265.58,0.6353,-1,-1,-1
218,2,793.40,290.53,184.83,590.63,0.8777,-1,-1,-1
218,5,1118.14,312.13,205.02,554.77,0.8742,-1,-1,-1
218,23,350.55,397.54,158.28,408.99,0.8515,-1,-1,-1
218,24,1010.04,422.04,78.55,209.52,0.7528,-1,-1,-1
218,28,496.57,328.75,197.73,483.13,0.8720,-1,-1,-1
218,32,741.61,397.97,73.61,269.63,0.6781,-1,-1,-1
219,2,797.16,290.81,186.10,591.82,0.8762,-1,-1,-1
219,5,1125.82,313.28,202.54,549.49,0.8746,-1,-1,-1
219,23,351.83,397.17,160.85,414.26,0.8510,-1,-1,-1
219,24,1014.54,420.82,80.47,214.62,0.7159,-1,-1,-1
219,28,498.79,325.13,198.88,488.60,0.8773,-1,-1,-1
219,32,744.87,398.01,73.77,272.61,0.6841,-1,-1,-1
220,2,798.54,294.44,187.47,592.63,0.8704,-1,-1,-1
220,5,1132.33,314.21,201.20,546.93,0.8721,-1,-1,-1
220,23,352.83,395.89,162.71,417.53,0.8581,-1,-1,-1
220,24,1018.75,420.22,81.00,216.05,0.7220,-1,-1,-1
220,28,501.53,323.16,199.25,492.33,0.8668,-1,-1,-1
220,32,747.88,398.51,73.86,273.31,0.6722,-1,-1,-1
221,2,804.04,297.23,189.16,594.78,0.8588,-1,-1,-1
221,5,1141.60,314.78,200.79,546.15,0.8733,-1,-1,-1
221,23,352.53,391.79,165.48,423.15,0.8507,-1,-1,-1
221,24,1024.17,422.57,80.62,214.94,0.7112,-1,-1,-1
221,28,502.64,319.45,200.06,497.35,0.8653,-1,-1,-1
221,32,751.92,397.19,74.76,276.41,0.7016,-1,-1,-1
221,33,665.85,404.36,62.49,184.23,0.5404,-1,-1,-1
222,2,808.47,299.48,190.46,597.27,0.8566,-1,-1,-1
222,5,1149.72,317.44,199.95,545.90,0.8892,-1,-1,-1
222,23,351.52,388.22,167.91,428.09,0.8545,-1,-1,-1
222,24,1026.02,423.65,81.75,216.22,0.7122,-1,-1,-1
222,28,503.45,316.24,201.05,502.96,0.8747,-1,-1,-1
222,32,756.25,397.12,75.48,278.06,0.7172,-1,-1,-1
222,33,669.12,406.13,63.68,187.46,0.5041,-1,-1,-1
223,2,815.43,302.11,190.40,596.62,0.8708,-1,-1,-1
223,5,1156.91,317.72,199.49,547.39,0.8806,-1,-1,-1
223,23,349.76,386.32,169.71,431.03,0.8504,-1,-1,-1
223,24,1031.22,421.93,82.12,218.52,0.7051,-1,-1,-1
223,28,505.17,313.30,200.70,504.09,0.8739,-1,-1,-1
223,32,759.86,396.18,76.25,279.61,0.7202,-1,-1,-1
223,33,671.27,406.91,64.83,190.38,0.5440,-1,-1,-1
224,2,822.45,304.61,190.15,594.50,0.8797,-1,-1,-1
224,5,1162.45,313.73,200.38,553.35,0.8861,-1,-1,-1
224,23,348.08,385.20,170.64,432.49,0.8485,-1,-1,-1
224,24,1036.31,419.98,82.18,219.07,0.7568,-1,-1,-1
224,28,504.52,307.09,203.18,512.23,0.8765,-1,-1,-1
224,32,762.18,393.83,78.06,284.49,0.8185,-1,-1,-1
224,33,672.82,406.62,66.58,195.23,0.4122,-1,-1,-1
225,2,829.08,304.57,190.96,593.90,0.8805,-1,-1,-1
225,5,1169.33,313.90,199.75,554.79,0.8826,-1,-1,-1
225,23,345.68,384.40,171.41,435.38,0.8530,-1,-1,-1
225,24,1039.15,420.93,81.45,216.83,0.7665,-1,-1,-1
225,28,503.14,301.78,206.83,523.12,0.8707,-1,-1,-1
225,32,764.32,393.37,79.60,286.58,0.8125,-1,-1,-1
225,33,673.17,405.04,68.54,201.00,0.5329,-1,-1,-1
226,2,837.44,303.08,190.08,589.21,0.8722,-1,-1,-1
226,5,1173.49,313.73,199.35,557.30,0.8712,-1,-1,-1
226,23,340.60,382.46,172.47,438.55,0.8617,-1,-1,-1
226,24,1040.31,422.45,80.74,214.19,0.7551,-1,-1,-1
226,28,498.81,300.16,210.06,531.86,0.8716,-1,-1,-1
226,32,766.07,393.57,81.42,288.04,0.7940,-1,-1,-1
226,33,672.49,405.30,72.15,211.77,0.6472,-1,-1,-1
227,2,841.97,302.19,188.79,582.01,0.8734,-1,-1,-1
227,5,1177.68,314.48,198.67,558.34,0.8638,-1,-1,-1
227,23,333.50,379.66,175.24,446.95,0.8501,-1,-1,-1
227,24,1043.84,425.73,79.82,209.80,0.7622,-1,-1,-1
227,28,492.77,296.75,214.51,543.88,0.8763,-1,-1,-1
227,32,764.72,393.46,83.89,290.25,0.7859,-1,-1,-1
227,33,672.02,403.87,74.09,217.65,0.6699,-1,-1,-1
228,2,843.09,299.94,192.19,592.11,0.8665,-1,-1,-1
228,5,1179.71,315.22,198.87,562.51,0.8641,-1,-1,-1
228,23,324.68,373.90,178.35,459.64,0.8496,-1,-1,-1
228,24,1045.46,422.10,81.26,212.59,0.7658,-1,-1,-1
228,28,482.09,292.56,219.36,552.94,0.8746,-1,-1,-1
228,32,764.17,393.21,86.56,292.93,0.7976,-1,-1,-1
228,33,669.48,401.68,76.85,225.40,0.6484,-1,-1,-1
229,2,846.99,297.71,192.00,592.56,0.8580,-1,-1,-1
229,5,1180.30,316.29,198.52,564.93,0.8665,-1,-1,-1
229,23,314.69,370.00,180.73,471.10,0.8458,-1,-1,-1
229,24,1047.52,421.26,81.48,212.85,0.7604,-1,-1,-1
229,28,475.93,290.60,221.50,556.67,0.8691,-1,-1,-1
229,32,762.71,393.48,88.88,295.84,0.8026,-1,-1,-1
229,33,666.47,401.13,78.01,228.04,0.6377,-1,-1,-1
230,2,853.06,297.49,189.55,585.61,0.8512,-1,-1,-1
230,5,1181.42,316.75,197.56,565.42,0.8679,-1,-1,-1
230,23,305.80,370.45,183.44,480.58,0.8696,-1,-1,-1
230,24,1048.29,419.90,82.09,215.06,0.7609,-1,-1,-1
230,28,463.52,289.98,226.96,566.09,0.8506,-1,-1,-1
230,32,761.70,395.15,90.59,297.57,0.8083,-1,-1,-1
230,33,663.04,398.84,79.99,232.36,0.6842,-1,-1,-1
231,2,859.00,298.30,186.59,578.01,0.8567,-1,-1,-1
231,5,1181.40,316.27,197.14,567.27,0.8617,-1,-1,-1
231,23,294.35,374.06,183.73,482.76,0.8452,-1,-1,-1
231,24,1047.82,417.82,82.86,217.83,0.7491,-1,-1,-1
231,28,453.60,288.33,233.54,578.90,0.8316,-1,-1,-1
231,32,760.69,395.52,92.37,300.15,0.8188,-1,-1,-1
231,33,658.35,397.93,84.12,242.84,0.6946,-1,-1,-1
232,2,861.40,298.57,185.06,574.96,0.8496,-1,-1,-1
232,5,1179.97,316.45,197.03,570.13,0.8625,-1,-1,-1
232,23,276.96,372.94,186.49,492.53,0.8270,-1,-1,-1
232,24,1046.09,420.69,81.90,215.83,0.7542,-1,-1,-1
232,28,443.39,287.03,237.92,588.43,0.8571,-1,-1,-1
232,32,756.69,398.87,93.56,300.85,0.8368,-1,-1,-1
232,33,650.44,398.19,90.41,260.87,0.7757,-1,-1,-1
232,35,1850.05,402.55,67.73,90.77,0.5292,-1,-1,-1
233,2,857.89,300.76,186.39,580.26,0.8623,-1,-1,-1
233,5,1177.33,317.78,198.00,575.48,0.8611,-1,-1,-1
233,23,258.83,370.90,191.93,506.74,0.8721,-1,-1,-1
233,24,1043.04,421.68,82.65,218.71,0.7542,-1,-1,-1
233,28,430.34,284.68,243.82,602.84,0.8819,-1,-1,-1
233,32,746.91,396.34,96.70,305.83,0.8272,-1,-1,-1
233,33,640.69,403.04,95.29,275.29,0.7755,-1,-1,-1
233,35,1849.78,407.02,66.29,88.81,0.5331,-1,-1,-1
234,2,856.91,302.48,187.03,583.32,0.8706,-1,-1,-1
234,5,1174.11,320.71,197.74,575.71,0.8715,-1,-1,-1
234,23,246.38,368.48,195.97,519.50,0.8781,-1,-1,-1
234,24,1038.69,425.11,82.42,218.36,0.7213,-1,-1,-1
234,28,413.62,281.11,248.06,614.87,0.8917,-1,-1,-1
234,32,741.38,392.89,99.22,311.22,0.8215,-1,-1,-1
234,33,632.79,403.42,98.71,285.79,0.7805,-1,-1,-1
234,35,1849.74,411.90,63.93,85.52,0.4891,-1,-1,-1
235,2,855.76,303.86,187.81,586.84,0.8744,-1,-1,-1
235,5,1167.41,321.10,198.43,577.40,0.8778,-1,-1,-1
235,23,230.84,364.94,199.50,531.68,0.8850,-1,-1,-1
235,24,1037.02,426.37,81.86,217.67,0.7092,-1,-1,-1
235,28,397.63,274.70,251.94,625.55,0.8765,-1,-1,-1
235,32,731.53,391.83,101.24,314.22,0.8083,-1,-1,-1
235,33,624.91,404.28,100.15,291.32,0.7867,-1,-1,-1
235,35,1850.14,414.02,64.05,85.68,0.4453,-1,-1,-1
236,2,855.12,306.41,187.74,588.88,0.8761,-1,-1,-1
236,5,1162.25,322.85,199.03,577.38,0.8717,-1,-1,-1
236,23,217.48,363.07,201.01,537.42,0.8437,-1,-1,-1
236,24,1034.45,428.31,81.04,215.02,0.6683,-1,-1,-1
236,28,383.44,270.25,254.49,635.25,0.8691,-1,-1,-1
236,32,726.13,392.01,103.16,318.43,0.7960,-1,-1,-1
236,33,614.99,405.32,103.35,301.46,0.8305,-1,-1,-1
236,35,1850.73,416.14,63.83,85.30,0.5014,-1,-1,-1
237,2,855.02,310.45,186.77,588.99,0.8785,-1,-1,-1
237,5,1159.62,324.58,198.69,573.07,0.8788,-1,-1,-1
237,23,203.80,361.09,202.92,543.66,0.8654,-1,-1,-1
237,24,1033.26,428.18,81.65,218.18,0.6896,-1,-1,-1
237,28,371.08,266.31,256.19,643.10,0.8657,-1,-1,-1
237,32,718.03,392.84,105.65,321.90,0.7992,-1,-1,-1
237,33,606.93,406.10,104.53,306.44,0.7909,-1,-1,-1
237,35,1849.97,416.98,65.25,87.13,0.5012,-1,-1,-1
238,2,853.50,312.47,186.28,591.61,0.8762,-1,-1,-1
238,5,1157.03,328.06,198.23,566.69,0.8780,-1,-1,-1
238,23,188.51,354.07,206.33,555.40,0.8589,-1,-1,-1
238,24,1033.00,427.67,81.87,221.01,0.5363,-1,-1,-1
238,28,354.56,261.20,259.21,655.98,0.8688,-1,-1,-1
238,32,715.70,389.73,107.59,326.36,0.8140,-1,-1,-1
238,33,599.79,406.31,105.26,308.99,0.7959,-1,-1,-1
238,35,1847.62,417.08,67.63,90.30,0.5427,-1,-1,-1
239,2,852.14,316.98,184.94,591.14,0.8674,-1,-1,-1
239,5,1153.78,328.25,199.07,564.97,0.8812,-1,-1,-1
239,23,171.89,350.58,208.15,564.76,0.8871,-1,-1,-1
239,24,1028.73,427.36,81.94,224.31,0.5558,-1,-1,-1
239,28,338.30,257.79,261.46,662.96,0.8638,-1,-1,-1
239,32,708.50,388.19,109.90,330.57,0.8319,-1,-1,-1
239,33,592.32,405.50,106.40,313.78,0.7616,-1,-1,-1
239,35,1846.49,418.70,68.03,91.03,0.5648,-1,-1,-1
240,2,847.16,321.44,183.23,590.14,0.8587,-1,-1,-1
240,5,1146.86,327.97,201.59,567.13,0.8883,-1,-1,-1
240,23,153.06,346.60,211.06,574.40,0.8435,-1,-1,-1
240,24,1026.96,431.76,82.10,227.21,0.5879,-1,-1,-1
240,28,319.71,253.30,266.42,671.07,0.8766,-1,-1,-1
240,32,702.42,387.91,111.89,334.31,0.8188,-1,-1,-1
240,33,586.69,406.65,106.67,316.04,0.7664,-1,-1,-1
240,35,1842.60,420.80,68.82,92.13,0.5892,-1,-1,-1
241,2,840.94,323.35,181.69,589.69,0.8660,-1,-1,-1
241,5,1140.73,327.20,203.95,570.06,0.8764,-1,-1,-1
241,23,137.06,346.47,211.36,576.05,0.8463,-1,-1,-1
241,24,1021.11,428.85,81.88,226.81,0.4998,-1,-1,-1
241,28,305.26,250.28,268.75,678.05,0.8830,-1,-1,-1
241,32,696.94,389.03,113.18,335.60,0.8160,-1,-1,-1
241,33,577.70,407.00,108.37,322.92,0.8254,-1,-1,-1
241,35,1841.62,423.69,67.21,89.77,0.4500,-1,-1,-1
242,2,832.67,324.50,180.35,588.92,0.8503,-1,-1,-1
242,5,1136.30,328.29,205.16,570.37,0.8684,-1,-1,-1
242,23,111.95,341.50,217.34,588.34,0.8461,-1,-1,-1
242,24,1013.27,425.84,83.02,231.51,0.5242,-1,-1,-1
242,28,287.43,246.08,275.02,692.84,0.8867,-1,-1,-1
242,32,688.62,389.41,114.84,338.29,0.8128,-1,-1,-1
242,33,568.48,405.05,109.64,328.65,0.8342,-1,-1,-1
242,35,1834.63,422.83,69.96,92.80,0.4364,-1,-1,-1
243,2,825.01,321.24,180.35,591.03,0.8415,-1,-1,-1
243,5,1130.15,329.34,206.32,571.49,0.8706,-1,-1,-1
243,23,90.65,338.69,221.65,597.14,0.8168,-1,-1,-1
243,24,1006.46,426.21,84.99,239.29,0.5489,-1,-1,-1
243,28,262.61,241.74,285.30,713.97,0.8871,-1,-1,-1
243,32,682.11,389.43,116.19,342.59,0.8159,-1,-1,-1
243,33,557.70,403.55,111.08,332.13,0.8132,-1,-1,-1
243,35,1828.28,421.97,70.84,93.95,0.5534,-1,-1,-1
244,2,817.25,318.98,180.40,591.72,0.8400,-1,-1,-1
244,5,1123.81,331.75,207.20,571.42,0.8609,-1,-1,-1
244,23,67.98,336.15,230.33,620.97,0.8239,-1,-1,-1
244,24,1003.52,426.18,83.65,236.76,0.6817,-1,-1,-1
244,28,233.35,237.27,301.20,748.26,0.8653,-1,-1,-1
244,32,675.69,391.57,116.18,343.31,0.8387,-1,-1,-1
244,33,546.56,401.33,113.27,338.41,0.7690,-1,-1,-1
244,35,1824.79,422.13,70.16,92.92,0.5685,-1,-1,-1
245,2,808.11,317.82,179.88,587.97,0.8471,-1,-1,-1
245,5,1118.94,332.93,207.98,571.51,0.8653,-1,-1,-1
245,23,38.58,335.21,237.05,633.81,0.8574,-1,-1,-1
245,24,999.95,416.89,84.23,241.01,0.5797,-1,-1,-1
245,28,215.94,235.65,305.37,752.05,0.8578,-1,-1,-1
245,32,668.14,392.86,117.15,345.80,0.8310,-1,-1,-1
245,33,534.40,399.56,115.46,345.21,0.7877,-1,-1,-1
245,35,1821.36,422.47,69.88,92.74,0.5657,-1,-1,-1
246,2,801.54,317.22,179.24,580.70,0.8483,-1,-1,-1
246,5,1114.41,333.54,209.39,573.02,0.8730,-1,-1,-1
246,23,17.74,333.83,240.95,643.44,0.8508,-1,-1,-1
246,24,996.56,417.89,81.62,235.18,0.6104,-1,-1,-1
246,28,193.38,232.79,321.63,788.82,0.8850,-1,-1,-1
246,32,657.53,392.42,119.54,351.90,0.8207,-1,-1,-1
246,33,524.13,397.99,117.74,350.75,0.8030,-1,-1,-1
246,35,1817.86,422.58,69.39,92.27,0.5318,-1,-1,-1
247,2,796.94,317.08,179.90,577.42,0.8436,-1,-1,-1
247,5,1110.39,335.22,210.63,573.55,0.8730,-1,-1,-1
247,23,0.11,334.67,245.56,655.92,0.8650,-1,-1,-1
247,24,994.05,427.06,78.10,225.62,0.5127,-1,-1,-1
247,28,166.21,230.01,333.38,810.36,0.8750,-1,-1,-1
247,32,650.18,393.07,121.32,355.43,0.8231,-1,-1,-1
247,33,514.06,398.18,120.04,358.52,0.7666,-1,-1,-1
247,35,1812.15,421.45,69.70,92.61,0.5252,-1,-1,-1
248,2,793.46,319.31,181.99,576.91,0.8275,-1,-1,-1
248,5,1104.67,335.92,213.90,580.62,0.8771,-1,-1,-1
248,23,-11.83,334.72,250.60,674.76,0.8501,-1,-1,-1
248,24,988.92,425.81,80.38,235.07,0.4317,-1,-1,-1
248,28,138.84,228.89,340.67,815.67,0.8776,-1,-1,-1
248,32,642.63,396.03,122.60,358.37,0.7830,-1,-1,-1
248,33,503.91,399.24,121.89,366.15,0.8087,-1,-1,-1
248,35,1811.71,424.56,68.29,92.09,0.3505,-1,-1,-1
249,2,786.23,321.98,183.40,577.88,0.8299,-1,-1,-1
249,5,1102.26,338.08,215.79,585.21,0.8771,-1,-1,-1
249,23,-24.42,347.13,249.76,685.90,0.8293,-1,-1,-1
249,24,984.29,435.13,81.50,241.49,0.3219,-1,-1,-1
249,28,113.61,225.68,351.79,834.84,0.8827,-1,-1,-1
249,32,635.06,395.80,125.69,365.86,0.7800,-1,-1,-1
249,33,495.98,401.89,124.78,375.65,0.7966,-1,-1,-1
249,35,1806.93,425.39,68.17,91.50,0.4912,-1,-1,-1
250,2,780.82,322.03,185.65,581.73,0.8366,-1,-1,-1
250,5,1101.14,339.37,217.00,588.34,0.8789,-1,-1,-1
250,23,-36.07,344.17,252.79,714.55,0.8306,-1,-1,-1
250,28,93.11,221.46,360.11,849.04,0.8587,-1,-1,-1
250,32,629.88,396.12,128.07,371.86,0.8157,-1,-1,-1
250,33,489.98,405.13,125.92,380.79,0.7876,-1,-1,-1
250,35,1808.40,426.68,67.48,90.77,0.3874,-1,-1,-1
250,36,940.42,371.87,66.75,378.91,0.5598,-1,-1,-1
251,2,777.71,325.56,187.37,584.76,0.8484,-1,-1,-1
251,5,1101.11,339.18,218.03,591.64,0.8795,-1,-1,-1
251,23,-41.72,340.45,250.08,729.60,0.8394,-1,-1,-1
251,28,76.78,217.25,365.35,859.26,0.8853,-1,-1,-1
251,32,626.28,397.80,129.87,375.92,0.8166,-1,-1,-1
251,33,485.38,410.21,126.80,383.10,0.8384,-1,-1,-1
251,35,1809.72,428.71,66.29,88.46,0.3562,-1,-1,-1
251,36,939.72,371.68,67.28,381.98,0.4813,-1,-1,-1
252,2,774.39,328.41,188.94,589.50,0.8512,-1,-1,-1
252,5,1101.79,341.06,218.13,592.30,0.8808,-1,-1,-1
252,23,-46.03,338.75,243.28,736.12,0.8276,-1,-1,-1
252,28,64.58,211.94,368.27,866.75,0.8886,-1,-1,-1
252,32,618.29,399.31,132.68,379.92,0.8205,-1,-1,-1
252,33,479.73,413.26,127.94,384.87,0.8333,-1,-1,-1
252,35,1810.56,430.17,67.20,88.17,0.3158,-1,-1,-1
252,36,939.99,363.17,69.53,393.67,0.4311,-1,-1,-1
253,2,772.64,330.02,190.67,595.05,0.8523,-1,-1,-1
253,5,1104.78,341.21,218.65,595.07,0.8716,-1,-1,-1
253,23,-50.28,336.29,235.16,742.21,0.8348,-1,-1,-1
253,28,57.22,204.16,368.18,870.64,0.9057,-1,-1,-1
253,32,611.62,398.16,134.82,380.28,0.8347,-1,-1,-1
253,33,474.68,413.25,130.33,390.20,0.8361,-1,-1,-1
253,35,1813.15,428.51,68.00,88.73,0.3173,-1,-1,-1
253,36,938.95,368.90,68.94,387.89,0.4849,-1,-1,-1
254,2,773.94,333.39,191.24,595.82,0.8485,-1,-1,-1
254,5,1107.54,340.48,217.51,593.60,0.8703,-1,-1,-1
254,23,-52.21,336.21,224.58,742.01,0.8302,-1,-1,-1
254,28,42.64,198.15,368.85,875.84,0.9119,-1,-1,-1
254,32,609.28,398.86,137.00,381.53,0.8475,-1,-1,-1
254,33,470.12,415.75,132.38,395.81,0.8382,-1,-1,-1
254,35,1818.44,426.53,64.98,83.83,0.3260,-1,-1,-1
254,36,957.71,384.74,69.26,378.04,0.6339,-1,-1,-1
255,2,778.02,337.91,191.69,594.31,0.8591,-1,-1,-1
255,5,1112.08,339.11,216.57,591.65,0.8780,-1,-1,-1
255,23,-55.21,333.91,214.06,744.78,0.7595,-1,-1,-1
255,28,27.66,190.11,372.11,885.38,0.9113,-1,-1,-1
255,32,607.24,399.45,139.77,384.39,0.8397,-1,-1,-1
255,33,467.31,416.48,134.02,400.73,0.8348,-1,-1,-1
255,35,1821.86,424.49,69.17,88.68,0.4643,-1,-1,-1
255,36,967.77,394.42,70.87,371.79,0.6908,-1,-1,-1
256,2,783.43,344.56,190.70,590.50,0.8654,-1,-1,-1
256,5,1118.55,340.95,214.89,586.42,0.8771,-1,-1,-1
256,23,-56.31,333.71,202.15,743.02,0.7023,-1,-1,-1
256,28,12.80,180.75,376.77,896.83,0.9073,-1,-1,-1
256,32,604.86,401.34,143.22,388.14,0.8377,-1,-1,-1
256,33,465.58,416.25,136.46,407.01,0.8295,-1,-1,-1
256,35,1825.75,424.60,72.45,91.44,0.5408,-1,-1,-1
256,36,974.56,397.27,74.14,371.69,0.6646,-1,-1,-1
257,2,789.80,350.49,189.47,584.90,0.8738,-1,-1,-1
257,5,1125.43,341.80,213.20,581.48,0.8827,-1,-1,-1
257,28,3.54,178.67,375.92,894.83,0.9080,-1,-1,-1
257,32,601.72,401.19,147.39,395.45,0.8299,-1,-1,-1
257,33,463.65,416.17,138.40,412.14,0.8237,-1,-1,-1
257,35,1831.14,425.54,73.56,92.46,0.3610,-1,-1,-1
257,36,981.09,416.43,74.62,355.02,0.5346,-1,-1,-1
258,2,795.05,351.03,189.46,584.64,0.8659,-1,-1,-1
258,5,1131.25,341.16,212.88,581.10,0.8779,-1,-1,-1
258,28,-3.65,174.04,376.87,897.55,0.9188,-1,-1,-1
258,32,598.41,401.10,151.63,403.57,0.8384,-1,-1,-1
258,33,461.47,414.21,139.34,415.51,0.8268,-1,-1,-1
258,35,1831.54,422.61,76.75,95.18,0.4481,-1,-1,-1
258,36,987.04,436.06,74.45,335.24,0.5035,-1,-1,-1
259,2,798.82,351.45,190.08,586.31,0.8702,-1,-1,-1
259,5,1135.73,340.93,212.52,581.18,0.8936,-1,-1,-1
259,28,-8.01,168.81,378.19,902.07,0.9223,-1,-1,-1
259,32,594.81,403.86,153.57,403.65,0.8511,-1,-1,-1
259,33,457.29,411.39,139.45,416.29,0.8326,-1,-1,-1
259,35,1841.79,422.00,75.46,94.35,0.4239,-1,-1,-1
259,36,987.78,431.76,79.15,340.45,0.5845,-1,-1,-1
260,2,803.33,349.53,190.71,587.87,0.8502,-1,-1,-1
260,5,1140.08,340.41,213.32,585.93,0.8958,-1,-1,-1
260,28,-11.77,160.83,380.39,910.79,0.9303,-1,-1,-1
260,32,592.10,408.01,155.49,403.24,0.8414,-1,-1,-1
260,33,452.61,408.75,141.30,421.37,0.8239,-1,-1,-1
260,35,1847.35,423.01,74.28,93.80,0.3695,-1,-1,-1
260,36,995.17,433.91,80.93,336.41,0.5952,-1,-1,-1
261,2,812.21,345.99,187.44,578.73,0.8507,-1,-1,-1
261,5,1143.19,340.45,213.26,588.47,0.9040,-1,-1,-1
261,28,-15.70,152.20,382.21,921.08,0.9334,-1,-1,-1
261,32,590.35,410.35,157.76,405.99,0.8246,-1,-1,-1
261,33,449.20,405.49,142.78,425.37,0.8192,-1,-1,-1
261,35,1849.64,423.79,73.92,94.41,0.3948,-1,-1,-1
261,36,995.80,433.68,84.42,338.58,0.6731,-1,-1,-1
262,2,818.75,343.28,184.71,571.18,0.8614,-1,-1,-1
262,5,1146.42,339.92,213.01,590.57,0.9056,-1,-1,-1
262,28,-19.98,143.98,382.50,930.33,0.9328,-1,-1,-1
262,32,590.15,411.21,158.82,409.17,0.7842,-1,-1,-1
262,33,444.42,404.11,144.90,432.20,0.8476,-1,-1,-1
262,35,1853.30,423.35,72.89,95.04,0.4682,-1,-1,-1
262,36,996.25,431.90,88.15,341.23,0.6616,-1,-1,-1
262,38,784.51,455.10,57.13,207.43,0.5735,-1,-1,-1
263,2,822.85,342.02,182.48,566.44,0.8498,-1,-1,-1
263,5,1150.19,338.01,212.93,593.50,0.9056,-1,-1,-1
263,28,-25.06,132.21,382.33,941.78,0.9311,-1,-1,-1
263,32,585.84,409.14,161.11,417.40,0.7176,-1,-1,-1
263,33,438.44,401.50,147.01,439.54,0.8473,-1,-1,-1
263,35,1856.61,423.49,70.69,94.25,0.3664,-1,-1,-1
263,36,999.60,429.44,91.51,343.82,0.6632,-1,-1,-1
263,38,785.26,452.10,58.22,211.21,0.5929,-1,-1,-1
264,2,824.14,340.71,181.30,564.30,0.8389,-1,-1,-1
264,5,1153.23,336.48,212.62,595.49,0.8981,-1,-1,-1
264,28,-29.49,123.79,379.11,948.43,0.9193,-1,-1,-1
264,32,581.13,405.55,162.64,424.29,0.7754,-1,-1,-1
264,33,429.57,396.66,151.90,452.52,0.8482,-1,-1,-1
264,35,1856.21,421.20,68.09,93.86,0.3383,-1,-1,-1
264,36,1001.79,424.46,96.28,349.60,0.6286,-1,-1,-1
264,38,786.45,449.00,59.48,215.90,0.6359,-1,-1,-1
265,2,824.89,333.00,180.97,567.23,0.8412,-1,-1,-1
265,5,1155.14,334.68,212.49,597.82,0.8976,-1,-1,-1
265,28,-35.05,115.17,374.29,954.83,0.8963,-1,-1,-1
265,32,576.97,399.39,161.41,425.06,0.7812,-1,-1,-1
265,33,420.44,395.15,154.36,456.47,0.8464,-1,-1,-1
265,35,1859.98,420.37,67.01,94.76,0.3794,-1,-1,-1
265,36,1008.33,417.77,99.93,354.33,0.7844,-1,-1,-1
265,38,786.35,445.34,62.40,226.65,0.6921,-1,-1,-1
266,2,826.13,326.63,181.66,574.06,0.8497,-1,-1,-1
266,5,1156.41,332.40,212.55,600.84,0.8978,-1,-1,-1
266,28,-40.03,116.00,363.24,948.37,0.8295,-1,-1,-1
266,32,570.92,392.53,161.61,428.23,0.7627,-1,-1,-1
266,33,410.29,396.32,155.20,457.37,0.8254,-1,-1,-1
266,35,1865.02,419.70,64.93,95.25,0.4603,-1,-1,-1
266,36,1013.82,411.85,104.29,357.74,0.7645,-1,-1,-1
266,38,786.86,443.46,63.49,230.22,0.7491,-1,-1,-1
267,2,828.78,324.09,180.94,577.29,0.8438,-1,-1,-1
267,5,1158.31,330.87,212.36,603.06,0.8954,-1,-1,-1
267,28,-33.95,196.04,324.18,862.49,0.8200,-1,-1,-1
267,32,555.46,383.24,167.58,441.34,0.8280,-1,-1,-1
267,33,402.74,391.67,157.19,464.72,0.8342,-1,-1,-1
267,35,1869.45,418.88,62.17,95.04,0.4990,-1,-1,-1
267,36,1019.55,407.84,107.01,358.83,0.7736,-1,-1,-1
267,38,787.63,442.17,64.96,234.95,0.7602,-1,-1,-1
268,2,831.87,323.76,179.09,579.27,0.8447,-1,-1,-1
268,5,1159.39,328.53,212.02,604.67,0.8972,-1,-1,-1
268,28,-34.59,226.44,287.80,785.10,0.8357,-1,-1,-1
268,32,550.57,376.47,170.72,450.56,0.8387,-1,-1,-1
268,33,398.53,389.99,158.33,469.64,0.8424,-1,-1,-1
268,35,1872.05,416.94,59.99,95.63,0.4883,-1,-1,-1
268,36,1022.27,405.06,109.81,361.54,0.8020,-1,-1,-1
268,38,788.18,440.87,65.99,237.29,0.7922,-1,-1,-1
269,2,834.77,324.24,176.48,579.51,0.8459,-1,-1,-1
269,5,1159.09,325.51,213.05,610.41,0.8879,-1,-1,-1
269,28,-48.54,225.77,284.75,807.07,0.8226,-1,-1,-1
269,32,544.83,366.37,173.96,461.32,0.8324,-1,-1,-1
269,33,391.54,382.51,161.29,480.26,0.8692,-1,-1,-1
269,35,1873.46,413.76,59.02,98.28,0.4548,-1,-1,-1
269,36,1019.72,402.06,114.64,368.49,0.7270,-1,-1,-1
269,38,787.65,438.57,66.30,237.10,0.7774,-1,-1,-1
270,2,830.27,320.81,176.32,581.85,0.8153,-1,-1,-1
270,5,1157.82,319.82,213.40,614.49,0.8820,-1,-1,-1
270,32,539.98,354.95,177.16,471.54,0.8409,-1,-1,-1
270,33,384.69,373.40,164.08,488.60,0.8760,-1,-1,-1
270,35,1875.49,410.98,57.42,100.21,0.3745,-1,-1,-1
270,36,1018.93,398.20,118.61,372.06,0.6428,-1,-1,-1
270,38,786.42,435.00,66.11,234.85,0.7537,-1,-1,-1
271,2,828.96,320.33,174.70,579.91,0.7983,-1,-1,-1
271,5,1157.52,316.81,211.92,612.84,0.8906,-1,-1,-1
271,32,534.95,349.00,178.42,475.56,0.8422,-1,-1,-1
271,33,377.07,366.48,166.66,494.96,0.8749,-1,-1,-1
271,36,1020.18,396.67,120.89,373.77,0.7599,-1,-1,-1
271,38,784.55,431.02,66.24,233.64,0.7619,-1,-1,-1
272,2,829.11,318.58,171.54,577.50,0.8418,-1,-1,-1
272,5,1155.92,311.22,210.48,611.62,0.8949,-1,-1,-1
272,32,528.87,344.78,179.18,478.69,0.8574,-1,-1,-1
272,33,361.13,355.30,170.29,505.71,0.8721,-1,-1,-1
272,36,1019.72,394.46,122.37,373.27,0.7888,-1,-1,-1
272,38,781.05,426.42,65.88,230.39,0.7917,-1,-1,-1
273,2,825.87,317.36,168.77,573.03,0.8372,-1,-1,-1
273,5,1152.93,306.26,209.25,610.41,0.8988,-1,-1,-1
273,32,522.06,340.24,179.13,480.41,0.8676,-1,-1,-1
273,33,344.87,346.04,172.34,512.61,0.8806,-1,-1,-1
273,36,1017.29,392.21,124.26,374.66,0.7886,-1,-1,-1
273,38,774.97,420.47,66.28,229.17,0.7439,-1,-1,-1
274,2,821.46,309.64,168.22,576.00,0.8516,-1,-1,-1
274,5,1150.14,302.27,207.67,606.63,0.8962,-1,-1,-1
274,32,517.56,335.24,182.02,488.39,0.8622,-1,-1,-1
274,33,330.82,336.30,173.50,518.27,0.8700,-1,-1,-1
274,36,1011.64,388.53,127.17,377.49,0.7956,-1,-1,-1
274,38,768.78,414.34,69.05,238.39,0.7058,-1,-1,-1
275,2,815.34,303.25,168.17,575.51,0.8568,-1,-1,-1
275,5,1144.70,295.87,206.80,602.00,0.8891,-1,-1,-1
275,32,509.29,327.68,185.01,495.88,0.8633,-1,-1,-1
275,33,318.74,324.94,175.87,524.83,0.8608,-1,-1,-1
275,36,1003.77,382.65,130.81,381.11,0.8150,-1,-1,-1
275,38,760.96,405.81,71.60,247.60,0.6670,-1,-1,-1
276,2,806.29,292.36,169.08,580.25,0.8376,-1,-1,-1
276,5,1141.12,290.07,206.01,597.01,0.8892,-1,-1,-1
276,32,499.77,319.78,188.42,505.39,0.8690,-1,-1,-1
276,33,304.26,317.68,178.58,531.52,0.8738,-1,-1,-1
276,36,996.02,375.51,134.56,386.12,0.8268,-1,-1,-1
276,38,753.40,399.64,72.52,252.01,0.6718,-1,-1,-1
277,2,799.42,284.56,166.51,571.50,0.8437,-1,-1,-1
277,5,1136.60,282.61,206.59,595.72,0.8845,-1,-1,-1
277,32,490.10,308.19,189.84,509.57,0.8566,-1,-1,-1
277,33,288.52,305.88,182.39,545.09,0.8822,-1,-1,-1
277,36,995.15,368.61,136.97,392.55,0.7620,-1,-1,-1
277,38,745.25,393.26,71.75,250.30,0.6602,-1,-1,-1
278,2,791.06,278.88,164.93,564.37,0.8565,-1,-1,-1
278,5,1130.66,276.19,207.50,596.12,0.8731,-1,-1,-1
278,32,478.20,299.76,193.63,523.17,0.8625,-1,-1,-1
278,33,272.79,300.73,184.41,553.70,0.8597,-1,-1,-1
278,36,987.69,358.22,140.31,398.31,0.7672,-1,-1,-1
278,38,739.76,388.26,69.22,243.00,0.6231,-1,-1,-1
279,2,783.08,270.76,165.81,563.45,0.8402,-1,-1,-1
279,5,1126.88,268.26,208.68,596.88,0.8720,-1,-1,-1
279,32,468.92,294.39,195.19,530.68,0.8795,-1,-1,-1
279,33,258.69,294.05,188.52,566.48,0.8748,-1,-1,-1
279,36,983.51,348.44,142.79,402.20,0.7963,-1,-1,-1
279,38,733.26,378.81,69.02,243.09,0.6374,-1,-1,-1
280,2,777.74,262.02,166.16,562.23,0.8442,-1,-1,-1
280,5,1122.89,259.03,210.79,600.31,0.8696,-1,-1,-1
280,32,462.00,283.87,197.95,542.65,0.8746,-1,-1,-1
280,33,245.09,281.45,192.28,579.31,0.8669,-1,-1,-1
280,36,982.91,337.68,144.76,406.79,0.7760,-1,-1,-1
280,38,728.61,371.69,69.50,246.15,0.6923,-1,-1,-1
281,2,778.21,252.76,165.58,557.42,0.8473,-1,-1,-1
281,5,1122.55,251.64,211.57,600.66,0.8828,-1,-1,-1
281,32,456.75,273.54,200.30,552.82,0.8881,-1,-1,-1
281,33,235.10,272.12,196.05,589.52,0.8721,-1,-1,-1
281,36,982.38,324.00,148.11,416.59,0.7970,-1,-1,-1
281,38,726.14,366.52,67.05,239.15,0.6351,-1,-1,-1
282,2,771.59,240.29,169.80,565.96,0.8555,-1,-1,-1
282,5,1120.04,241.96,213.54,604.56,0.8779,-1,-1,-1
282,32,451.67,252.70,204.67,568.63,0.8818,-1,-1,-1
282,33,226.66,255.56,199.97,599.52,0.8828,-1,-1,-1
282,36,982.98,310.67,149.39,421.77,0.7747,-1,-1,-1
282,38,723.82,356.84,68.08,245.00,0.6158,-1,-1,-1
283,2,769.10,231.78,172.07,567.98,0.8245,-1,-1,-1
283,5,1120.60,231.04,215.16,607.30,0.8831,-1,-1,-1
283,32,447.42,234.32,206.79,576.73,0.8750,-1,-1,-1
283,33,216.20,241.31,204.46,609.88,0.8723,-1,-1,-1
283,36,982.60,300.31,151.30,428.24,0.7853,-1,-1,-1
283,38,721.80,347.43,68.87,250.39,0.6340,-1,-1,-1
284,2,769.42,223.75,173.82,568.65,0.8240,-1,-1,-1
284,5,1121.58,221.91,217.76,613.40,0.8842,-1,-1,-1
284,32,443.10,222.32,207.50,577.37,0.8763,-1,-1,-1
284,33,206.26,228.18,210.46,626.17,0.8726,-1,-1,-1
284,36,980.78,290.27,154.32,434.65,0.7919,-1,-1,-1
284,38,721.66,341.71,67.66,246.93,0.6227,-1,-1,-1
284,43,918.78,256.13,74.23,418.04,0.5821,-1,-1,-1
285,2,770.12,215.89,175.75,572.09,0.8502,-1,-1,-1
285,5,1123.10,213.64,219.96,618.16,0.8894,-1,-1,-1
285,32,437.60,209.35,212.24,588.91,0.8819,-1,-1,-1
285,33,197.12,215.06,214.53,635.65,0.8813,-1,-1,-1
285,36,982.19,282.69,156.57,439.38,0.7200,-1,-1,-1
285,38,722.26,333.73,68.30,250.40,0.6385,-1,-1,-1
285,43,920.27,249.93,74.53,420.13,0.3604,-1,-1,-1
286,2,772.60,210.03,176.66,573.25,0.8569,-1,-1,-1
286,5,1124.90,206.53,221.81,622.50,0.8912,-1,-1,-1
286,32,434.78,194.14,215.50,596.82,0.8973,-1,-1,-1
286,33,184.95,202.09,218.65,645.50,0.8713,-1,-1,-1
286,36,980.36,273.88,162.77,452.44,0.7824,-1,-1,-1
286,38,722.80,324.74,69.11,253.34,0.6690,-1,-1,-1
286,43,920.67,238.81,75.33,424.69,0.4858,-1,-1,-1
287,2,776.12,203.52,176.70,573.87,0.8645,-1,-1,-1
287,5,1128.39,201.13,222.51,621.04,0.8860,-1,-1,-1
287,32,431.94,180.19,219.20,606.39,0.9020,-1,-1,-1
287,33,175.10,188.57,222.24,654.31,0.8782,-1,-1,-1
287,36,981.62,263.15,166.84,458.32,0.7522,-1,-1,-1
287,38,724.59,314.66,70.78,258.83,0.7310,-1,-1,-1
287,43,923.95,232.46,75.23,422.98,0.5895,-1,-1,-1
288,2,778.86,199.20,176.36,571.09,0.8553,-1,-1,-1
288,5,1137.39,192.79,223.81,623.96,0.8755,-1,-1,-1
288,32,428.96,167.59,223.26,617.88,0.8978,-1,-1,-1
288,33,167.44,177.93,224.91,661.52,0.8819,-1,-1,-1
288,36,988.58,257.39,169.68,462.83,0.6565,-1,-1,-1
288,38,727.74,305.52,71.22,260.84,0.7738,-1,-1,-1
288,43,924.72,227.14,74.36,415.45,0.4549,-1,-1,-1
289,2,784.05,190.76,177.00,569.66,0.8407,-1,-1,-1
289,5,1145.78,185.03,225.30,626.89,0.8709,-1,-1,-1
289,32,422.92,160.04,229.21,632.46,0.9002,-1,-1,-1
289,33,155.91,163.77,229.38,673.46,0.8979,-1,-1,-1
289,36,998.96,253.42,170.75,467.38,0.6330,-1,-1,-1
289,38,730.04,298.18,72.93,266.91,0.7492,-1,-1,-1
289,43,928.68,223.72,72.57,404.85,0.5344,-1,-1,-1
290,2,791.49,187.50,178.43,569.99,0.8398,-1,-1,-1
290,5,1155.61,181.49,224.51,625.14,0.8728,-1,-1,-1
290,32,417.36,152.75,236.10,649.94,0.9080,-1,-1,-1
290,33,146.88,150.31,233.34,685.79,0.9037,-1,-1,-1
290,36,1010.98,246.10,172.75,478.21,0.7886,-1,-1,-1
290,38,733.19,294.17,73.13,267.16,0.7407,-1,-1,-1
290,43,945.49,224.44,74.49,406.86,0.4262,-1,-1,-1
291,2,797.97,183.66,177.98,566.85,0.8223,-1,-1,-1
291,5,1166.81,177.96,222.92,623.04,0.8647,-1,-1,-1
291,32,413.06,148.57,240.70,659.47,0.9072,-1,-1,-1
291,33,137.15,140.32,237.06,696.01,0.9061,-1,-1,-1
291,36,1019.28,238.95,174.87,488.45,0.7919,-1,-1,-1
291,38,737.42,288.00,73.88,268.75,0.7280,-1,-1,-1
291,43,950.67,216.69,76.00,410.04,0.3618,-1,-1,-1
292,2,802.15,179.93,177.63,561.67,0.8275,-1,-1,-1
292,5,1177.57,172.15,221.06,618.96,0.8790,-1,-1,-1
292,32,409.10,146.74,246.08,671.06,0.9081,-1,-1,-1
292,33,126.37,133.36,240.87,709.49,0.9045,-1,-1,-1
292,36,1026.83,232.39,175.33,491.98,0.8051,-1,-1,-1
292,38,740.90,282.21,75.36,271.95,0.7387,-1,-1,-1
292,43,952.66,208.20,77.12,413.75,0.3778,-1,-1,-1
293,2,810.30,174.90,176.33,555.34,0.8413,-1,-1,-1
293,5,1187.52,169.02,218.25,612.12,0.8885,-1,-1,-1
293,32,402.82,143.58,252.42,686.72,0.9056,-1,-1,-1
293,33,110.92,130.67,247.76,730.34,0.8796,-1,-1,-1
293,36,1035.30,228.51,177.23,496.50,0.8317,-1,-1,-1
293,38,745.78,277.42,76.72,274.06,0.7462,-1,-1,-1
293,43,964.65,201.55,78.37,414.50,0.6720,-1,-1,-1
294,2,818.19,171.55,175.86,553.33,0.8254,-1,-1,-1
294,5,1200.64,168.03,216.93,611.26,0.8750,-1,-1,-1
294,32,398.06,141.78,257.60,700.33,0.9051,-1,-1,-1
294,33,89.89,129.69,256.73,751.71,0.8919,-1,-1,-1
294,36,1043.96,224.84,178.81,500.43,0.8480,-1,-1,-1
294,38,752.44,276.35,77.90,274.41,0.7554,-1,-1,-1
294,43,971.57,199.04,81.77,425.88,0.7163,-1,-1,-1
295,2,827.28,177.21,175.39,550.55,0.8325,-1,-1,-1
295,5,1213.32,168.63,215.87,613.37,0.8756,-1,-1,-1
295,32,391.92,139.30,266.28,725.15,0.9053,-1,-1,-1
295,33,70.00,127.54,265.04,767.87,0.8917,-1,-1,-1
295,36,1051.54,219.67,182.51,510.52,0.8542,-1,-1,-1
295,38,759.11,276.02,79.60,276.84,0.7888,-1,-1,-1
295,43,974.93,199.14,82.92,430.10,0.6422,-1,-1,-1
296,2,834.81,175.06,175.88,553.59,0.8425,-1,-1,-1
296,5,1224.50,170.05,214.82,616.23,0.8677,-1,-1,-1
296,32,386.93,134.89,273.30,744.72,0.9053,-1,-1,-1
296,33,50.95,127.48,272.76,780.61,0.8953,-1,-1,-1
296,36,1057.37,210.85,188.51,529.49,0.8659,-1,-1,-1
296,38,763.90,274.93,81.44,279.06,0.7958,-1,-1,-1
296,43,979.96,198.45,84.05,429.76,0.6068,-1,-1,-1
297,2,842.86,175.69,174.89,555.28,0.8252,-1,-1,-1
297,5,1236.61,170.14,214.86,623.57,0.8732,-1,-1,-1
297,32,380.07,129.15,278.51,759.15,0.9120,-1,-1,-1
297,33,38.15,124.87,281.34,799.09,0.8992,-1,-1,-1
297,36,1068.14,206.17,192.01,538.81,0.8557,-1,-1,-1
297,38,769.91,274.24,82.20,279.20,0.7940,-1,-1,-1
297,43,991.31,203.53,84.71,417.86,0.6991,-1,-1,-1
298,2,850.52,177.50,173.98,555.84,0.8207,-1,-1,-1
298,5,1247.32,170.02,214.02,629.20,0.8681,-1,-1,-1
298,32,373.17,119.29,284.30,776.01,0.9057,-1,-1,-1
298,33,29.71,122.05,288.11,815.79,0.9006,-1,-1,-1
298,36,1076.31,202.71,194.95,546.77,0.8600,-1,-1,-1
298,38,775.53,275.72,82.07,275.96,0.8058,-1,-1,-1
298,43,995.12,210.56,86.31,418.14,0.6981,-1,-1,-1
299,2,857.68,179.16,172.16,555.50,0.8375,-1,-1,-1
299,5,1253.14,168.07,213.50,634.82,0.8652,-1,-1,-1
299,32,364.64,107.58,290.18,793.91,0.9076,-1,-1,-1
299,33,20.00,113.42,297.36,841.50,0.8969,-1,-1,-1
299,36,1082.03,201.70,198.31,553.17,0.8726,-1,-1,-1
299,38,780.76,275.71,83.67,278.73,0.7901,-1,-1,-1
299,43,997.70,204.32,88.66,425.57,0.6974,-1,-1,-1
300,2,861.12,182.00,171.28,557.85,0.8303,-1,-1,-1
300,5,1254.77,167.41,214.07,639.51,0.8556,-1,-1,-1
300,32,354.58,96.77,296.40,810.42,0.9086,-1,-1,-1
300,33,8.60,105.97,307.17,869.39,0.8934,-1,-1,-1
300,36,1088.56,199.75,204.31,567.30,0.8651,-1,-1,-1
300,38,785.43,275.41,84.97,279.66,0.7573,-1,-1,-1
300,43,1002.28,201.71,89.44,426.24,0.7376,-1,-1,-1
