1,4,403.99,277.97,107.41,319.40,0.8106,-1,-1,-1
1,3,546.17,271.41,94.46,315.82,0.8119,-1,-1,-1
1,2,874.76,152.61,238.81,626.87,0.8143,-1,-1,-1
1,1,0.00,8.85,351.22,1061.89,0.9275,-1,-1,-1
2,4,397.44,274.23,111.17,321.43,0.8139,-1,-1,-1
2,3,542.37,266.29,95.57,322.59,0.8085,-1,-1,-1
2,2,869.90,148.58,234.31,629.16,0.8053,-1,-1,-1
2,1,0.35,6.12,344.95,1064.55,0.9307,-1,-1,-1
3,4,390.27,274.51,108.39,322.70,0.8446,-1,-1,-1
3,3,536.26,265.86,97.32,327.52,0.8042,-1,-1,-1
3,2,864.86,152.67,225.76,627.16,0.8283,-1,-1,-1
3,1,0.48,5.08,338.75,1062.28,0.9292,-1,-1,-1
4,5,1044.01,292.53,90.68,344.46,0.5789,-1,-1,-1
4,4,381.03,270.58,112.41,328.24,0.8421,-1,-1,-1
4,3,531.73,264.83,95.92,328.89,0.8075,-1,-1,-1
4,2,870.60,153.17,216.99,629.10,0.8344,-1,-1,-1
4,1,0.43,3.40,324.55,1061.43,0.9252,-1,-1,-1
5,5,1049.60,292.17,82.05,343.44,0.5786,-1,-1,-1
5,4,376.61,264.07,111.32,332.41,0.8346,-1,-1,-1
5,3,526.08,262.09,97.59,334.87,0.8087,-1,-1,-1
5,2,880.17,151.48,204.92,638.45,0.8186,-1,-1,-1
5,1,0.66,3.44,308.87,1062.93,0.9159,-1,-1,-1
6,5,1046.35,293.57,81.60,344.60,0.5863,-1,-1,-1
6,4,372.56,261.79,110.81,334.82,0.8305,-1,-1,-1
6,3,519.69,262.36,102.16,335.24,0.7972,-1,-1,-1
6,2,885.41,150.71,197.17,624.63,0.8032,-1,-1,-1
6,1,0.74,21.68,288.57,1053.28,0.8776,-1,-1,-1
7,5,1040.53,296.98,85.01,346.15,0.6034,-1,-1,-1
7,4,363.01,260.81,114.46,338.42,0.8224,-1,-1,-1
7,3,515.26,258.97,101.98,345.69,0.7800,-1,-1,-1
7,2,892.16,153.32,189.08,619.36,0.8162,-1,-1,-1
7,1,0.90,79.64,270.38,990.61,0.9035,-1,-1,-1
8,6,863.31,265.41,71.96,298.48,0.5858,-1,-1,-1
8,5,1037.07,299.86,88.30,345.92,0.6753,-1,-1,-1
8,4,352.62,260.16,119.52,342.41,0.8266,-1,-1,-1
8,3,511.33,263.33,101.30,345.21,0.8154,-1,-1,-1
8,2,889.49,152.43,191.41,628.85,0.7931,-1,-1,-1
8,1,0.78,89.25,257.84,981.57,0.8960,-1,-1,-1
9,7,721.41,321.22,38.67,131.84,0.5789,-1,-1,-1
9,6,862.42,263.44,72.75,300.94,0.5881,-1,-1,-1
9,5,1036.77,303.90,84.13,348.25,0.6621,-1,-1,-1
9,4,348.07,261.12,120.09,343.23,0.8186,-1,-1,-1
9,3,506.55,262.45,103.18,342.61,0.8364,-1,-1,-1
9,2,886.75,154.37,188.52,625.91,0.7894,-1,-1,-1
9,1,0.06,99.86,220.91,972.59,0.8638,-1,-1,-1
10,7,720.62,324.88,40.51,131.30,0.5862,-1,-1,-1
10,6,861.72,260.52,72.80,304.15,0.5662,-1,-1,-1
10,5,1037.41,299.94,81.44,353.68,0.7003,-1,-1,-1
10,4,346.25,259.40,116.48,347.06,0.8078,-1,-1,-1
10,3,499.51,264.93,107.44,347.19,0.8259,-1,-1,-1
10,2,879.58,157.56,190.81,622.86,0.8161,-1,-1,-1
10,1,1.08,104.93,204.05,962.18,0.7268,-1,-1,-1
11,7,719.26,326.61,38.64,129.06,0.5182,-1,-1,-1
11,6,862.24,278.47,66.95,288.91,0.5329,-1,-1,-1
11,5,1039.35,295.57,73.44,360.95,0.6633,-1,-1,-1
11,4,337.20,262.55,121.44,348.76,0.7889,-1,-1,-1
11,3,492.56,261.80,109.99,354.10,0.8231,-1,-1,-1
11,2,878.47,156.27,188.65,631.71,0.8167,-1,-1,-1
11,1,0.92,108.33,174.50,957.97,0.7332,-1,-1,-1
12,9,773.81,320.12,53.11,134.24,0.5494,-1,-1,-1
12,7,717.93,327.55,41.72,132.24,0.5499,-1,-1,-1
12,5,1037.27,296.72,71.32,362.03,0.6770,-1,-1,-1
12,4,324.39,265.44,129.48,351.67,0.8274,-1,-1,-1
12,3,490.36,257.79,110.36,359.00,0.7974,-1,-1,-1
12,2,868.47,158.54,190.72,633.29,0.8356,-1,-1,-1
12,1,0.35,115.15,160.69,677.21,0.7881,-1,-1,-1
13,9,772.24,321.63,52.02,133.53,0.5424,-1,-1,-1
13,5,1035.50,300.46,73.80,351.38,0.6952,-1,-1,-1
13,4,317.74,264.92,134.83,356.38,0.8302,-1,-1,-1
13,3,482.32,255.15,114.44,362.09,0.8271,-1,-1,-1
13,2,860.51,155.18,198.82,640.29,0.8253,-1,-1,-1
13,1,0.52,141.86,139.12,592.94,0.8200,-1,-1,-1
14,9,773.23,324.19,46.54,129.18,0.5625,-1,-1,-1
14,7,714.76,327.49,44.76,133.59,0.5337,-1,-1,-1
14,5,1033.52,290.92,74.34,358.90,0.6842,-1,-1,-1
14,4,313.58,266.85,135.80,359.02,0.8351,-1,-1,-1
14,3,478.95,254.94,115.08,364.26,0.8364,-1,-1,-1
14,2,852.20,152.90,203.91,645.08,0.7862,-1,-1,-1
14,1,0.34,181.62,116.81,581.92,0.8183,-1,-1,-1
15,9,772.59,322.55,47.19,129.60,0.5425,-1,-1,-1
15,7,713.70,330.64,46.50,129.82,0.5302,-1,-1,-1
15,5,1028.86,282.00,79.40,371.67,0.6672,-1,-1,-1
15,4,316.23,269.88,130.85,359.49,0.8286,-1,-1,-1
15,3,474.90,257.30,119.93,360.73,0.8390,-1,-1,-1
15,2,839.20,153.23,211.24,637.07,0.7979,-1,-1,-1
15,1,0.00,244.21,83.04,548.67,0.5546,-1,-1,-1
16,9,770.99,323.44,49.88,129.23,0.5743,-1,-1,-1
16,7,713.90,330.60,45.37,130.49,0.5304,-1,-1,-1
16,5,1026.12,274.64,83.43,380.08,0.6328,-1,-1,-1
16,4,310.31,269.70,134.70,366.46,0.8396,-1,-1,-1
16,3,472.84,256.46,123.04,366.31,0.8447,-1,-1,-1
16,2,836.08,153.40,215.06,640.30,0.8020,-1,-1,-1
17,9,770.23,325.65,52.32,129.60,0.5934,-1,-1,-1
17,7,713.16,329.72,46.85,136.38,0.5726,-1,-1,-1
17,5,1022.56,275.41,89.19,377.74,0.6611,-1,-1,-1
17,4,309.38,275.41,132.77,367.59,0.8504,-1,-1,-1
17,3,471.80,259.01,123.12,367.22,0.8425,-1,-1,-1
17,2,834.99,155.04,218.12,643.47,0.8270,-1,-1,-1
18,5,1020.87,254.21,89.72,397.31,0.6970,-1,-1,-1
18,4,311.30,278.67,131.41,369.35,0.8304,-1,-1,-1
18,3,469.00,259.30,126.92,374.49,0.8380,-1,-1,-1
18,2,838.42,158.47,213.52,655.65,0.8572,-1,-1,-1
19,9,772.92,334.58,50.75,129.04,0.5105,-1,-1,-1
19,5,1013.85,255.20,96.12,398.79,0.7187,-1,-1,-1
19,4,294.37,281.09,147.63,379.33,0.8303,-1,-1,-1
19,3,467.36,264.84,130.85,379.45,0.8214,-1,-1,-1
19,2,845.40,159.76,199.32,658.78,0.8586,-1,-1,-1
20,9,773.03,334.80,51.96,131.48,0.5669,-1,-1,-1
20,7,718.13,342.94,42.58,140.44,0.5284,-1,-1,-1
20,5,1010.86,249.73,99.67,410.69,0.7665,-1,-1,-1
20,4,297.85,287.46,145.70,378.87,0.8284,-1,-1,-1
20,3,469.19,273.12,129.43,379.03,0.8268,-1,-1,-1
20,2,847.77,168.20,194.20,654.47,0.8635,-1,-1,-1
21,5,1016.88,249.92,107.79,414.99,0.8079,-1,-1,-1
21,4,305.04,287.34,144.65,384.47,0.8442,-1,-1,-1
21,3,472.34,273.76,134.08,389.12,0.8124,-1,-1,-1
21,2,863.42,170.03,184.15,656.78,0.8511,-1,-1,-1
22,9,798.15,340.93,52.08,136.76,0.5636,-1,-1,-1
22,7,744.10,349.86,42.15,138.56,0.5240,-1,-1,-1
22,5,1032.31,251.81,107.78,418.04,0.7957,-1,-1,-1
22,4,324.26,288.33,143.43,386.27,0.8275,-1,-1,-1
22,3,496.37,276.49,127.43,390.68,0.8248,-1,-1,-1
22,2,881.81,168.41,187.59,660.23,0.8537,-1,-1,-1
23,5,1040.16,255.19,113.77,421.05,0.8010,-1,-1,-1
23,4,332.28,291.55,144.87,386.26,0.8289,-1,-1,-1
23,3,508.09,281.92,128.52,392.95,0.8267,-1,-1,-1
23,2,882.96,170.94,190.59,664.28,0.8619,-1,-1,-1
24,9,824.68,347.55,47.36,132.68,0.5156,-1,-1,-1
24,8,716.65,368.09,41.94,126.17,0.5326,-1,-1,-1
24,7,767.79,352.00,42.38,138.62,0.5112,-1,-1,-1
24,5,1046.83,258.59,120.94,414.59,0.8175,-1,-1,-1
24,4,342.72,293.26,146.50,391.17,0.8330,-1,-1,-1
24,3,517.20,285.40,130.96,396.36,0.8445,-1,-1,-1
24,2,879.34,173.43,203.51,662.88,0.8683,-1,-1,-1
25,5,1057.66,259.51,123.59,417.56,0.8358,-1,-1,-1
25,4,355.25,294.79,144.54,387.71,0.8319,-1,-1,-1
25,3,523.56,284.77,134.74,405.13,0.8443,-1,-1,-1
25,2,874.13,173.31,210.93,658.25,0.8634,-1,-1,-1
26,5,1065.91,262.81,134.90,421.94,0.8313,-1,-1,-1
26,4,365.33,295.36,150.94,395.90,0.8537,-1,-1,-1
26,3,540.60,294.81,130.45,403.97,0.7980,-1,-1,-1
26,2,879.19,174.37,217.59,653.47,0.8694,-1,-1,-1
27,5,1081.97,268.22,138.62,416.56,0.8297,-1,-1,-1
27,4,382.58,300.02,143.66,396.99,0.8406,-1,-1,-1
27,3,554.41,293.35,132.68,412.14,0.8309,-1,-1,-1
27,2,880.14,177.22,227.77,656.71,0.8630,-1,-1,-1
28,5,1087.19,275.49,139.05,415.71,0.8360,-1,-1,-1
28,4,385.13,306.73,148.49,398.48,0.8611,-1,-1,-1
28,3,562.31,300.19,131.67,412.75,0.8469,-1,-1,-1
28,2,883.20,185.69,234.60,658.15,0.8748,-1,-1,-1
29,7,819.34,368.20,45.40,145.37,0.5042,-1,-1,-1
29,5,1091.34,280.02,143.25,429.62,0.8128,-1,-1,-1
29,4,392.53,309.96,141.38,405.39,0.8420,-1,-1,-1
29,3,564.50,299.80,133.95,417.22,0.8639,-1,-1,-1
29,2,883.69,192.31,224.18,659.63,0.8794,-1,-1,-1
30,5,1097.74,282.10,151.00,432.58,0.8322,-1,-1,-1
30,4,396.95,312.59,144.46,412.76,0.8394,-1,-1,-1
30,3,567.78,299.45,137.84,416.20,0.8519,-1,-1,-1
30,2,887.62,196.62,224.87,661.05,0.8922,-1,-1,-1
31,7,837.75,380.15,42.78,137.84,0.5141,-1,-1,-1
31,5,1101.94,285.60,154.06,435.56,0.8545,-1,-1,-1
31,4,400.21,318.67,145.16,418.63,0.8435,-1,-1,-1
31,3,572.89,301.68,136.44,419.45,0.8356,-1,-1,-1
31,2,888.23,202.06,227.68,665.27,0.8832,-1,-1,-1
32,7,841.18,380.19,42.70,147.36,0.5932,-1,-1,-1
32,5,1103.29,290.81,155.37,430.44,0.8578,-1,-1,-1
32,4,401.77,323.97,145.53,418.18,0.8573,-1,-1,-1
32,3,577.86,304.91,134.21,429.68,0.8523,-1,-1,-1
32,2,889.80,209.68,232.11,669.04,0.8843,-1,-1,-1
33,7,846.00,388.92,44.85,144.68,0.5306,-1,-1,-1
33,5,1105.76,299.97,163.26,428.73,0.8557,-1,-1,-1
33,4,403.70,329.54,148.98,417.90,0.8586,-1,-1,-1
33,3,580.46,307.46,139.39,431.07,0.8464,-1,-1,-1
33,2,894.13,213.35,232.95,669.83,0.8824,-1,-1,-1
34,7,847.43,392.62,48.46,147.49,0.5586,-1,-1,-1
34,5,1107.96,303.01,163.24,421.77,0.8550,-1,-1,-1
34,4,399.73,333.09,149.88,427.06,0.8418,-1,-1,-1
34,3,585.53,308.99,135.49,433.70,0.8412,-1,-1,-1
34,2,895.03,220.48,241.36,672.78,0.8748,-1,-1,-1
35,7,849.60,396.99,48.66,146.03,0.5384,-1,-1,-1
35,5,1110.51,306.71,165.21,418.50,0.8461,-1,-1,-1
35,4,397.19,336.60,151.78,435.59,0.8268,-1,-1,-1
35,3,589.20,313.98,135.42,439.75,0.8299,-1,-1,-1
35,2,902.34,227.98,235.15,677.02,0.8777,-1,-1,-1
36,5,1113.75,311.61,161.86,418.37,0.8511,-1,-1,-1
36,4,392.15,340.78,152.20,440.52,0.8543,-1,-1,-1
36,3,591.40,319.27,140.34,441.56,0.8214,-1,-1,-1
36,2,906.37,233.92,230.90,678.08,0.8840,-1,-1,-1
37,5,1118.83,315.30,160.96,425.76,0.8438,-1,-1,-1
37,4,388.51,342.98,148.69,447.18,0.8665,-1,-1,-1
37,3,593.32,323.05,134.20,446.73,0.8044,-1,-1,-1
37,2,905.69,242.84,231.95,676.41,0.8903,-1,-1,-1
38,7,865.48,416.92,40.07,136.68,0.6131,-1,-1,-1
38,5,1118.64,321.49,162.89,420.56,0.8463,-1,-1,-1
38,4,381.31,347.32,153.73,447.84,0.8690,-1,-1,-1
38,3,594.26,329.09,135.12,450.45,0.8259,-1,-1,-1
38,2,913.44,248.31,226.50,676.53,0.8889,-1,-1,-1
39,7,863.70,424.79,43.84,134.43,0.5074,-1,-1,-1
39,5,1125.17,328.38,157.54,429.41,0.8541,-1,-1,-1
39,4,375.96,350.61,157.37,453.15,0.8802,-1,-1,-1
39,3,591.07,333.19,139.10,461.88,0.8165,-1,-1,-1
39,2,923.42,254.79,218.91,679.15,0.8846,-1,-1,-1
40,7,862.72,426.82,48.66,148.35,0.5479,-1,-1,-1
40,5,1128.15,335.57,157.10,432.63,0.8542,-1,-1,-1
40,4,371.11,356.01,159.45,455.45,0.8740,-1,-1,-1
40,3,584.48,344.43,146.04,468.98,0.7965,-1,-1,-1
40,2,928.10,256.19,214.64,686.82,0.8765,-1,-1,-1
41,5,1133.60,339.36,152.65,429.77,0.8500,-1,-1,-1
41,4,355.88,355.36,169.34,458.12,0.8626,-1,-1,-1
41,3,581.50,342.56,145.61,474.92,0.8022,-1,-1,-1
41,2,927.25,258.62,211.64,682.27,0.8804,-1,-1,-1
42,5,1134.71,348.25,149.20,427.51,0.8558,-1,-1,-1
42,4,343.50,357.05,174.27,466.42,0.8716,-1,-1,-1
42,3,576.48,347.61,149.83,480.60,0.7102,-1,-1,-1
42,2,931.52,266.00,207.24,672.33,0.8822,-1,-1,-1
43,5,1130.88,354.05,151.53,429.49,0.8571,-1,-1,-1
43,4,331.00,363.60,177.88,470.39,0.8483,-1,-1,-1
43,3,572.40,352.50,142.36,481.17,0.8054,-1,-1,-1
43,2,933.25,273.24,200.57,659.73,0.8819,-1,-1,-1
44,5,1128.01,363.14,152.11,423.54,0.8564,-1,-1,-1
44,4,315.91,366.46,183.80,477.55,0.8581,-1,-1,-1
44,3,566.92,357.13,141.60,491.95,0.8117,-1,-1,-1
44,2,931.49,279.57,199.72,657.73,0.8857,-1,-1,-1
45,5,1124.29,368.77,150.51,426.47,0.8408,-1,-1,-1
45,4,302.91,371.91,189.33,489.67,0.8454,-1,-1,-1
45,3,561.51,361.80,138.97,502.14,0.8246,-1,-1,-1
45,2,929.68,284.57,198.44,660.59,0.8876,-1,-1,-1
46,5,1121.59,376.92,150.08,434.07,0.8509,-1,-1,-1
46,4,292.56,379.25,188.88,504.08,0.8413,-1,-1,-1
46,3,554.46,364.22,140.79,507.85,0.8213,-1,-1,-1
46,2,925.43,293.69,198.24,667.44,0.8866,-1,-1,-1
47,5,1117.40,382.24,146.39,434.68,0.8357,-1,-1,-1
47,4,269.99,383.51,202.56,522.36,0.8436,-1,-1,-1
47,3,545.95,370.13,145.15,513.75,0.8248,-1,-1,-1
47,2,921.49,303.26,194.85,670.40,0.8781,-1,-1,-1
48,7,838.34,466.93,47.34,153.92,0.6837,-1,-1,-1
48,5,1113.63,390.13,138.35,435.60,0.8321,-1,-1,-1
48,4,256.54,393.32,206.56,529.40,0.8569,-1,-1,-1
48,3,531.81,372.06,151.83,525.17,0.8578,-1,-1,-1
48,2,915.66,309.97,196.55,680.61,0.8774,-1,-1,-1
49,5,1104.73,395.46,147.16,434.31,0.8530,-1,-1,-1
49,4,239.64,399.63,212.04,534.41,0.8719,-1,-1,-1
49,3,524.35,376.61,154.17,532.28,0.8508,-1,-1,-1
49,2,908.63,319.91,194.54,685.08,0.8784,-1,-1,-1
50,7,821.90,476.48,51.62,154.77,0.5770,-1,-1,-1
50,5,1099.77,399.58,142.70,440.12,0.8538,-1,-1,-1
50,4,223.87,406.84,219.28,521.45,0.8353,-1,-1,-1
50,3,520.20,383.41,154.98,537.64,0.8387,-1,-1,-1
50,2,903.87,328.39,193.31,684.24,0.8773,-1,-1,-1
51,7,815.82,480.00,56.33,156.28,0.5905,-1,-1,-1
51,5,1094.96,403.16,145.27,439.68,0.8680,-1,-1,-1
51,4,207.46,413.25,223.03,516.99,0.8440,-1,-1,-1
51,3,510.02,385.69,157.09,544.87,0.8470,-1,-1,-1
51,2,898.64,335.74,190.29,685.68,0.8694,-1,-1,-1
52,5,1091.95,404.19,146.31,443.03,0.8645,-1,-1,-1
52,4,195.40,417.04,225.93,559.58,0.8293,-1,-1,-1
52,3,501.29,388.02,160.22,545.63,0.8376,-1,-1,-1
52,2,893.39,342.50,189.41,684.34,0.8759,-1,-1,-1
53,7,810.84,491.91,52.87,146.90,0.6582,-1,-1,-1
53,5,1083.32,408.36,154.81,443.18,0.8652,-1,-1,-1
53,4,186.19,419.69,220.46,567.23,0.8704,-1,-1,-1
53,3,494.01,396.24,162.55,549.13,0.8404,-1,-1,-1
53,2,888.07,348.10,190.25,681.19,0.8783,-1,-1,-1
54,7,811.46,493.08,50.59,138.25,0.5952,-1,-1,-1
54,5,1077.27,409.19,160.25,446.09,0.8712,-1,-1,-1
54,4,175.05,420.67,224.58,574.71,0.8822,-1,-1,-1
54,3,483.12,395.66,170.92,558.38,0.8509,-1,-1,-1
54,2,881.91,350.41,193.91,678.68,0.8833,-1,-1,-1
55,8,747.41,508.32,51.09,140.08,0.5135,-1,-1,-1
55,5,1073.76,410.34,162.95,445.12,0.8756,-1,-1,-1
55,4,167.02,418.73,223.41,583.61,0.8952,-1,-1,-1
55,3,475.29,396.68,179.14,565.84,0.8581,-1,-1,-1
55,2,872.29,348.99,198.09,679.61,0.8837,-1,-1,-1
56,5,1076.23,412.09,162.11,439.57,0.8744,-1,-1,-1
56,4,159.13,417.59,221.89,594.38,0.8826,-1,-1,-1
56,3,470.51,398.92,185.12,578.95,0.8728,-1,-1,-1
56,2,868.73,348.04,197.41,683.48,0.8792,-1,-1,-1
57,5,1074.30,414.29,164.91,437.51,0.8674,-1,-1,-1
57,4,146.44,418.46,225.70,600.64,0.8887,-1,-1,-1
57,3,463.49,402.61,192.00,593.05,0.8758,-1,-1,-1
57,2,861.40,347.71,200.70,687.60,0.8752,-1,-1,-1
58,5,1070.07,411.65,168.16,445.51,0.8718,-1,-1,-1
58,4,138.60,417.15,228.41,611.81,0.8760,-1,-1,-1
58,3,458.46,398.43,196.53,609.75,0.8814,-1,-1,-1
58,2,856.30,347.20,204.60,676.57,0.8683,-1,-1,-1
59,5,1069.20,414.61,169.32,440.34,0.8702,-1,-1,-1
59,4,126.72,416.59,234.44,616.80,0.8969,-1,-1,-1
59,3,453.85,393.01,193.43,624.64,0.8830,-1,-1,-1
59,2,842.98,343.92,209.69,667.46,0.8827,-1,-1,-1
60,5,1065.88,415.00,173.86,442.69,0.8682,-1,-1,-1
60,4,114.40,415.89,239.27,622.26,0.9068,-1,-1,-1
60,3,452.76,397.54,190.57,623.84,0.8773,-1,-1,-1
60,2,835.94,345.21,211.30,664.86,0.8873,-1,-1,-1
61,5,1063.43,416.35,177.25,443.08,0.8656,-1,-1,-1
61,4,105.20,415.49,242.12,632.56,0.9052,-1,-1,-1
61,3,445.37,399.47,193.56,637.38,0.8643,-1,-1,-1
61,2,821.92,346.10,222.84,668.27,0.8888,-1,-1,-1
62,5,1065.17,415.34,179.52,442.43,0.8628,-1,-1,-1
62,4,99.59,411.70,243.51,657.92,0.9003,-1,-1,-1
62,3,445.80,397.93,193.17,643.49,0.8512,-1,-1,-1
62,2,818.81,345.83,227.28,668.39,0.8800,-1,-1,-1
63,5,1066.85,414.15,184.06,442.72,0.8705,-1,-1,-1
63,4,98.80,406.02,236.07,671.83,0.8924,-1,-1,-1
63,3,442.48,392.99,198.59,651.04,0.8613,-1,-1,-1
63,2,818.78,341.83,225.19,675.17,0.8811,-1,-1,-1
64,10,1020.02,435.20,68.37,314.80,0.7914,-1,-1,-1
64,5,1068.32,414.36,186.09,442.96,0.8700,-1,-1,-1
64,4,92.90,402.82,236.13,674.70,0.8872,-1,-1,-1
64,3,448.97,386.14,197.88,660.27,0.8709,-1,-1,-1
64,2,820.00,340.81,221.58,677.87,0.8784,-1,-1,-1
65,10,1021.30,435.95,70.99,312.18,0.7868,-1,-1,-1
65,8,740.48,508.69,59.46,143.01,0.5812,-1,-1,-1
65,5,1072.10,411.60,186.43,444.71,0.8626,-1,-1,-1
65,4,82.27,404.23,240.04,674.21,0.8834,-1,-1,-1
65,3,446.49,379.68,203.62,667.78,0.8722,-1,-1,-1
65,2,815.91,339.29,227.81,680.81,0.8890,-1,-1,-1
66,10,1022.52,434.57,74.35,311.94,0.7797,-1,-1,-1
66,5,1081.80,405.12,187.80,452.97,0.8392,-1,-1,-1
66,4,73.75,402.23,244.77,673.30,0.8885,-1,-1,-1
66,3,443.89,372.47,211.09,676.17,0.8764,-1,-1,-1
66,2,819.12,337.59,225.34,682.88,0.8875,-1,-1,-1
67,10,1023.17,431.00,77.50,308.92,0.7461,-1,-1,-1
67,8,745.45,495.90,60.02,150.67,0.6051,-1,-1,-1
67,5,1085.38,402.07,190.94,457.74,0.8461,-1,-1,-1
67,4,63.28,396.82,246.55,680.36,0.8880,-1,-1,-1
67,3,443.63,366.33,215.15,682.69,0.8733,-1,-1,-1
67,2,819.60,337.69,226.89,683.37,0.8931,-1,-1,-1
68,10,1026.73,422.77,79.23,315.58,0.7259,-1,-1,-1
68,8,747.55,498.05,60.06,145.04,0.5304,-1,-1,-1
68,5,1091.91,399.45,180.35,454.09,0.8456,-1,-1,-1
68,4,48.10,394.61,253.86,675.88,0.8889,-1,-1,-1
68,3,441.58,355.48,221.83,691.76,0.8708,-1,-1,-1
68,2,822.40,336.16,227.13,684.73,0.8934,-1,-1,-1
69,10,1030.90,419.28,77.93,315.82,0.7208,-1,-1,-1
69,8,750.84,490.78,59.41,149.68,0.6034,-1,-1,-1
69,5,1094.70,395.15,181.43,456.26,0.8726,-1,-1,-1
69,4,34.40,383.07,263.52,684.28,0.8998,-1,-1,-1
69,3,442.00,347.15,225.34,700.27,0.8775,-1,-1,-1
69,2,830.58,330.79,222.62,685.58,0.8878,-1,-1,-1
70,10,1032.64,415.78,78.90,315.53,0.7091,-1,-1,-1
70,8,753.09,486.97,58.95,151.41,0.5373,-1,-1,-1
70,5,1097.30,390.90,182.30,456.46,0.8721,-1,-1,-1
70,4,15.86,375.20,274.10,695.97,0.9135,-1,-1,-1
70,3,436.91,341.24,232.75,707.68,0.8913,-1,-1,-1
70,2,829.84,328.23,225.87,682.16,0.8967,-1,-1,-1
71,10,1033.03,412.31,80.21,316.26,0.7217,-1,-1,-1
71,8,753.06,484.97,60.15,151.16,0.5789,-1,-1,-1
71,5,1100.55,386.41,179.62,453.54,0.8643,-1,-1,-1
71,4,2.91,368.03,267.61,703.60,0.9096,-1,-1,-1
71,3,431.96,334.02,236.64,721.77,0.8901,-1,-1,-1
71,2,833.42,325.60,224.13,681.24,0.8904,-1,-1,-1
72,10,1034.60,410.94,78.72,314.84,0.7227,-1,-1,-1
72,8,754.34,484.79,60.17,150.07,0.5615,-1,-1,-1
72,5,1103.03,384.64,178.65,450.59,0.8592,-1,-1,-1
72,4,0.00,360.50,257.27,711.69,0.9195,-1,-1,-1
72,3,426.90,323.92,240.00,748.00,0.8916,-1,-1,-1
72,2,832.66,319.23,226.45,682.28,0.8906,-1,-1,-1
73,10,1035.88,410.72,77.61,312.35,0.6758,-1,-1,-1
73,5,1104.59,381.38,176.96,444.24,0.8556,-1,-1,-1
73,4,0.00,347.31,241.97,725.05,0.9111,-1,-1,-1
73,3,420.67,314.29,243.65,762.26,0.8933,-1,-1,-1
73,2,834.43,313.16,224.56,678.64,0.8855,-1,-1,-1
74,10,1035.20,410.29,79.37,310.84,0.6848,-1,-1,-1
74,8,750.05,475.21,59.76,152.48,0.5560,-1,-1,-1
74,5,1106.04,377.79,172.75,441.65,0.8565,-1,-1,-1
74,4,0.19,342.82,223.97,733.25,0.9065,-1,-1,-1
74,3,412.35,310.72,247.05,763.45,0.8907,-1,-1,-1
74,2,833.40,308.28,224.92,664.08,0.8805,-1,-1,-1
75,10,1035.31,425.41,75.42,292.80,0.6642,-1,-1,-1
75,8,748.86,471.71,58.01,153.42,0.5618,-1,-1,-1
75,5,1105.34,375.35,173.41,440.49,0.8616,-1,-1,-1
75,4,0.56,329.79,207.59,746.49,0.8958,-1,-1,-1
75,3,401.80,302.70,250.01,771.45,0.8954,-1,-1,-1
75,2,837.19,304.38,219.29,661.92,0.8721,-1,-1,-1
76,10,1035.88,437.39,76.02,276.54,0.7228,-1,-1,-1
76,8,747.03,472.52,63.04,146.85,0.5169,-1,-1,-1
76,5,1109.41,373.41,166.86,439.92,0.8559,-1,-1,-1
76,4,0.69,322.76,192.02,749.80,0.8883,-1,-1,-1
76,3,391.32,296.55,254.75,774.14,0.8894,-1,-1,-1
76,2,842.50,300.55,215.27,661.34,0.8691,-1,-1,-1
77,10,1034.08,436.37,77.42,278.17,0.6324,-1,-1,-1
77,8,745.69,471.36,65.83,148.65,0.5040,-1,-1,-1
77,5,1109.35,371.94,167.05,443.02,0.8657,-1,-1,-1
77,4,0.79,317.48,176.36,758.05,0.8802,-1,-1,-1
77,3,381.81,294.47,257.56,772.08,0.8913,-1,-1,-1
77,2,847.37,298.41,207.33,664.69,0.8786,-1,-1,-1
78,10,1029.61,417.07,78.47,300.20,0.7076,-1,-1,-1
78,8,743.56,464.41,65.95,157.57,0.5499,-1,-1,-1
78,7,814.72,451.44,45.93,162.28,0.6321,-1,-1,-1
78,5,1108.81,370.80,166.61,444.09,0.8640,-1,-1,-1
78,4,0.59,311.78,157.79,760.08,0.8673,-1,-1,-1
78,3,366.55,289.94,265.09,781.06,0.8972,-1,-1,-1
78,2,852.22,295.84,197.92,667.60,0.8637,-1,-1,-1
79,10,1024.42,400.61,80.41,314.81,0.7189,-1,-1,-1
79,7,811.22,449.44,47.15,166.43,0.6450,-1,-1,-1
79,5,1108.42,367.76,165.67,445.53,0.8600,-1,-1,-1
79,4,0.35,310.82,143.53,762.60,0.8291,-1,-1,-1
79,3,350.39,284.92,266.95,786.51,0.9003,-1,-1,-1
79,2,852.96,292.13,197.76,673.34,0.8592,-1,-1,-1
80,10,1023.13,398.12,74.52,317.76,0.7097,-1,-1,-1
80,8,738.50,470.25,51.36,153.67,0.5411,-1,-1,-1
80,7,801.08,445.64,57.92,172.40,0.6151,-1,-1,-1
80,5,1105.92,363.94,162.16,448.65,0.8433,-1,-1,-1
80,4,0.49,430.54,118.92,362.93,0.5093,-1,-1,-1
80,3,331.59,275.38,276.24,795.00,0.8965,-1,-1,-1
80,2,851.63,289.64,192.42,677.22,0.8566,-1,-1,-1
81,10,1017.33,406.03,73.94,307.96,0.6937,-1,-1,-1
81,8,732.15,462.71,52.80,154.66,0.5612,-1,-1,-1
81,7,796.95,444.46,56.23,168.15,0.6196,-1,-1,-1
81,5,1103.89,364.32,156.70,445.79,0.8567,-1,-1,-1
81,4,0.31,438.09,92.10,435.28,0.6418,-1,-1,-1
81,3,314.88,266.21,279.41,803.22,0.9018,-1,-1,-1
81,2,849.78,293.73,190.11,675.83,0.8514,-1,-1,-1
82,10,1014.87,390.93,74.48,316.32,0.6466,-1,-1,-1
82,8,725.28,455.52,54.19,159.79,0.6341,-1,-1,-1
82,7,793.52,440.93,56.07,168.98,0.6749,-1,-1,-1
82,5,1098.64,359.55,154.79,448.07,0.8627,-1,-1,-1
82,4,0.31,444.19,70.98,355.24,0.7815,-1,-1,-1
82,3,291.39,252.04,297.58,820.24,0.8974,-1,-1,-1
82,2,846.49,294.59,186.10,674.70,0.8529,-1,-1,-1
83,10,1001.85,381.67,82.91,325.04,0.5449,-1,-1,-1
83,7,792.07,436.55,52.59,164.54,0.5785,-1,-1,-1
83,5,1095.72,358.40,151.98,452.69,0.8518,-1,-1,-1
83,3,268.33,239.45,303.59,830.96,0.8896,-1,-1,-1
83,2,845.31,292.59,178.82,673.52,0.8514,-1,-1,-1
84,10,995.16,376.11,80.92,321.10,0.7452,-1,-1,-1
84,8,712.40,450.17,55.19,154.65,0.5917,-1,-1,-1
84,7,783.88,434.99,51.74,166.11,0.5587,-1,-1,-1
84,5,1086.45,354.37,155.15,457.59,0.8586,-1,-1,-1
84,3,239.02,228.06,304.65,844.91,0.9033,-1,-1,-1
84,2,835.72,292.36,178.19,675.27,0.8476,-1,-1,-1
85,10,984.33,374.02,82.16,317.17,0.7616,-1,-1,-1
85,7,772.05,425.72,55.30,171.94,0.5998,-1,-1,-1
85,5,1079.50,354.44,149.14,452.89,0.8485,-1,-1,-1
85,3,205.68,215.94,333.19,858.27,0.9170,-1,-1,-1
85,2,824.40,290.42,178.19,671.18,0.8275,-1,-1,-1
86,10,970.89,369.44,90.58,319.97,0.8069,-1,-1,-1
86,8,695.40,444.21,58.34,155.65,0.5367,-1,-1,-1
86,7,770.36,419.72,46.36,177.28,0.5159,-1,-1,-1
86,5,1071.54,348.83,151.39,454.15,0.8318,-1,-1,-1
86,3,184.97,202.48,323.26,872.19,0.9056,-1,-1,-1
86,2,809.57,283.58,183.76,671.85,0.8417,-1,-1,-1
87,11,472.98,410.93,76.41,285.49,0.7296,-1,-1,-1
87,10,962.68,366.94,91.49,319.93,0.7796,-1,-1,-1
87,7,760.52,413.15,48.14,181.66,0.6884,-1,-1,-1
87,5,1062.39,346.99,153.56,451.90,0.8509,-1,-1,-1
87,3,152.58,187.55,332.37,887.61,0.9104,-1,-1,-1
87,2,796.20,277.80,190.72,676.90,0.8524,-1,-1,-1
88,11,445.64,408.12,95.18,286.75,0.7607,-1,-1,-1
88,10,949.03,358.34,96.44,325.24,0.7449,-1,-1,-1
88,8,680.50,439.64,56.44,155.51,0.6147,-1,-1,-1
88,5,1052.44,339.61,152.34,454.59,0.8485,-1,-1,-1
88,3,129.13,180.07,338.51,896.52,0.9155,-1,-1,-1
88,2,779.80,274.30,201.42,669.92,0.8571,-1,-1,-1
89,11,428.97,396.54,105.63,301.53,0.7739,-1,-1,-1
89,10,941.12,359.60,99.09,316.72,0.8162,-1,-1,-1
89,8,672.15,436.33,59.27,157.57,0.5573,-1,-1,-1
89,5,1042.42,333.62,161.04,454.46,0.8534,-1,-1,-1
89,3,100.42,167.75,353.06,907.01,0.9201,-1,-1,-1
89,2,765.23,267.79,203.78,668.75,0.8477,-1,-1,-1
90,11,421.24,388.87,104.77,303.43,0.7799,-1,-1,-1
90,10,937.85,355.07,95.84,314.82,0.7823,-1,-1,-1
90,5,1037.02,328.10,159.42,460.62,0.8482,-1,-1,-1
90,3,70.47,151.78,375.03,922.75,0.9241,-1,-1,-1
90,2,747.70,260.05,218.56,655.87,0.8689,-1,-1,-1
91,11,413.75,386.87,103.51,305.03,0.7615,-1,-1,-1
91,10,930.06,350.12,100.58,318.54,0.7997,-1,-1,-1
91,5,1030.59,324.52,164.61,455.79,0.8681,-1,-1,-1
91,3,49.34,141.57,384.32,930.50,0.9224,-1,-1,-1
91,2,734.94,257.03,224.61,647.68,0.8808,-1,-1,-1
92,11,404.02,385.07,106.83,307.09,0.8223,-1,-1,-1
92,10,923.90,349.63,96.53,316.60,0.7895,-1,-1,-1
92,8,654.03,423.10,60.00,158.44,0.5489,-1,-1,-1
92,5,1024.60,317.45,167.71,453.77,0.8636,-1,-1,-1
92,3,20.23,125.68,405.48,946.51,0.9221,-1,-1,-1
92,2,722.97,250.64,227.85,652.02,0.8787,-1,-1,-1
93,11,397.34,379.07,107.68,312.27,0.8071,-1,-1,-1
93,10,922.48,347.77,97.78,316.83,0.7763,-1,-1,-1
93,5,1017.44,313.74,172.26,454.29,0.8705,-1,-1,-1
93,3,0.43,116.35,413.00,956.26,0.9244,-1,-1,-1
93,2,714.80,244.59,235.84,656.46,0.8891,-1,-1,-1
94,11,389.49,378.82,110.89,308.13,0.8026,-1,-1,-1
94,10,918.76,346.48,99.91,319.30,0.8026,-1,-1,-1
94,5,1012.88,312.87,175.68,453.73,0.8726,-1,-1,-1
94,3,0.00,106.81,403.55,969.20,0.9323,-1,-1,-1
94,2,708.15,241.22,229.61,660.46,0.8729,-1,-1,-1
95,11,384.27,374.98,111.81,314.85,0.8174,-1,-1,-1
95,10,917.03,344.04,98.60,320.51,0.7805,-1,-1,-1
95,5,1007.21,311.67,179.44,453.55,0.8644,-1,-1,-1
95,3,0.25,96.65,401.78,978.88,0.9307,-1,-1,-1
95,2,701.82,240.05,230.97,667.21,0.8860,-1,-1,-1
96,11,379.82,374.64,110.71,321.84,0.8098,-1,-1,-1
96,10,912.18,345.37,102.47,319.96,0.7540,-1,-1,-1
96,5,1003.60,311.21,183.90,456.58,0.8598,-1,-1,-1
96,3,0.49,85.00,379.65,990.28,0.9349,-1,-1,-1
96,2,693.34,243.18,231.74,665.46,0.9045,-1,-1,-1
97,11,377.71,370.31,112.37,327.09,0.8189,-1,-1,-1
97,10,903.69,342.77,108.68,319.16,0.7328,-1,-1,-1
97,8,632.71,418.20,61.26,162.55,0.5593,-1,-1,-1
97,5,1001.87,311.27,187.34,456.53,0.8618,-1,-1,-1
97,3,0.51,75.27,368.57,999.75,0.9338,-1,-1,-1
97,2,695.51,241.64,227.49,673.04,0.8996,-1,-1,-1
98,11,377.07,368.55,112.55,330.40,0.8255,-1,-1,-1
98,10,907.47,343.48,104.52,321.00,0.7306,-1,-1,-1
98,8,632.14,415.53,59.38,167.25,0.6311,-1,-1,-1
98,5,1001.11,310.80,192.22,459.44,0.8591,-1,-1,-1
98,3,0.32,56.06,358.47,1015.02,0.9344,-1,-1,-1
98,2,694.17,243.94,226.29,676.61,0.8996,-1,-1,-1
99,11,375.58,366.59,113.59,334.00,0.8214,-1,-1,-1
99,10,908.79,343.59,104.27,320.96,0.7370,-1,-1,-1
99,8,633.31,416.44,54.25,165.08,0.6340,-1,-1,-1
99,5,1002.52,311.50,197.50,461.15,0.8700,-1,-1,-1
99,3,0.79,46.58,347.37,1025.57,0.9272,-1,-1,-1
99,2,693.49,248.23,226.57,677.69,0.8985,-1,-1,-1
100,11,373.06,369.05,115.15,332.62,0.8323,-1,-1,-1
100,10,911.13,349.77,105.60,316.69,0.7435,-1,-1,-1
100,8,630.85,415.12,59.46,166.21,0.6493,-1,-1,-1
100,5,1005.50,313.24,199.06,460.55,0.8763,-1,-1,-1
100,3,0.87,35.56,333.51,1034.99,0.9225,-1,-1,-1
100,2,695.23,251.06,222.54,675.08,0.8988,-1,-1,-1
101,11,375.06,365.87,114.71,337.56,0.8239,-1,-1,-1
101,10,913.82,348.34,104.79,317.25,0.7682,-1,-1,-1
101,8,633.63,414.00,59.20,164.84,0.7018,-1,-1,-1
101,5,1007.26,312.19,201.24,463.74,0.8568,-1,-1,-1
101,3,0.86,16.32,315.82,1059.24,0.9144,-1,-1,-1
101,2,702.07,250.85,215.49,675.58,0.8890,-1,-1,-1
102,11,375.49,365.08,116.66,341.43,0.8319,-1,-1,-1
102,10,920.73,347.07,102.47,319.69,0.7923,-1,-1,-1
102,8,637.52,414.32,59.74,165.53,0.5224,-1,-1,-1
102,5,1015.47,312.96,197.89,465.29,0.8308,-1,-1,-1
102,3,0.83,13.86,295.50,1058.83,0.9190,-1,-1,-1
102,2,703.77,251.47,220.30,668.39,0.8948,-1,-1,-1
103,11,386.23,366.99,113.45,335.92,0.8037,-1,-1,-1
103,10,931.65,340.66,100.44,323.12,0.7443,-1,-1,-1
103,8,643.35,408.80,61.12,166.40,0.5544,-1,-1,-1
103,5,1023.19,316.06,201.95,465.78,0.8433,-1,-1,-1
103,3,1.14,9.96,278.53,1061.65,0.9092,-1,-1,-1
103,2,716.46,251.04,221.61,665.92,0.8881,-1,-1,-1
104,11,396.19,371.13,112.91,333.32,0.8112,-1,-1,-1
104,10,941.65,338.27,107.17,322.57,0.7345,-1,-1,-1
104,8,658.84,407.24,56.36,169.18,0.6639,-1,-1,-1
104,5,1042.51,308.02,202.58,470.09,0.8582,-1,-1,-1
104,3,0.88,14.30,259.68,1045.43,0.8316,-1,-1,-1
104,2,726.04,246.63,222.29,668.73,0.8919,-1,-1,-1
105,11,404.51,365.78,111.38,337.74,0.8087,-1,-1,-1
105,10,953.13,333.33,103.75,329.01,0.7371,-1,-1,-1
105,5,1053.01,308.94,200.28,469.31,0.8547,-1,-1,-1
105,3,0.88,252.06,235.90,817.23,0.7801,-1,-1,-1
105,2,739.59,245.23,220.26,663.46,0.8861,-1,-1,-1
106,11,411.45,365.40,111.52,335.49,0.8015,-1,-1,-1
106,10,958.93,332.51,104.09,329.50,0.7895,-1,-1,-1
106,8,668.31,405.50,62.78,167.67,0.6820,-1,-1,-1
106,5,1066.18,303.31,205.31,478.03,0.8421,-1,-1,-1
106,3,0.24,247.79,133.84,660.45,0.6228,-1,-1,-1
106,2,748.67,242.29,213.29,649.05,0.8781,-1,-1,-1
107,11,414.61,361.63,112.70,338.79,0.7888,-1,-1,-1
107,10,963.66,330.70,107.17,326.59,0.7449,-1,-1,-1
107,8,669.69,404.28,67.28,169.51,0.6755,-1,-1,-1
107,5,1072.93,303.26,195.45,474.22,0.8424,-1,-1,-1
107,3,0.28,246.99,103.27,794.44,0.7251,-1,-1,-1
107,2,757.09,235.93,211.73,644.29,0.8783,-1,-1,-1
108,11,416.69,360.58,112.96,345.76,0.7966,-1,-1,-1
108,10,967.99,328.38,106.41,329.31,0.7282,-1,-1,-1
108,8,672.72,403.67,67.91,170.16,0.7286,-1,-1,-1
108,5,1081.11,301.61,173.73,471.23,0.8386,-1,-1,-1
108,2,761.93,233.24,209.18,645.23,0.8828,-1,-1,-1
109,12,1583.75,373.71,42.71,62.15,0.6009,-1,-1,-1
109,11,414.24,358.01,116.21,350.46,0.8082,-1,-1,-1
109,10,972.09,327.15,95.72,325.55,0.5493,-1,-1,-1
109,8,678.03,400.82,63.98,170.82,0.6812,-1,-1,-1
109,5,1085.07,297.57,170.65,468.57,0.8704,-1,-1,-1
109,2,771.90,232.27,201.58,645.87,0.8753,-1,-1,-1
110,11,411.22,353.38,118.35,357.71,0.7983,-1,-1,-1
110,10,976.55,323.99,103.58,327.32,0.6669,-1,-1,-1
110,8,679.55,397.56,67.17,170.98,0.6261,-1,-1,-1
110,5,1089.29,294.53,171.34,464.80,0.8721,-1,-1,-1
110,2,772.31,230.66,203.14,648.28,0.8753,-1,-1,-1
111,11,409.83,352.75,120.46,354.53,0.8059,-1,-1,-1
111,10,974.80,324.33,105.73,324.41,0.6149,-1,-1,-1
111,8,682.79,394.50,65.57,173.98,0.6588,-1,-1,-1
111,5,1093.11,291.43,169.17,461.52,0.8667,-1,-1,-1
111,2,776.68,229.87,198.53,651.40,0.8721,-1,-1,-1
112,11,412.93,349.01,117.07,359.38,0.7482,-1,-1,-1
112,10,974.14,324.05,110.17,326.41,0.6338,-1,-1,-1
112,8,685.10,395.34,67.40,174.33,0.6441,-1,-1,-1
112,5,1098.34,288.66,169.45,459.94,0.8549,-1,-1,-1
112,2,777.28,229.50,197.52,650.31,0.8674,-1,-1,-1
113,11,411.15,347.88,117.99,363.40,0.7392,-1,-1,-1
113,10,980.11,323.59,108.37,325.42,0.6026,-1,-1,-1
113,8,686.68,390.53,68.21,180.82,0.7009,-1,-1,-1
113,5,1104.38,286.14,165.92,463.90,0.8511,-1,-1,-1
113,2,779.72,229.06,194.87,651.04,0.8648,-1,-1,-1
114,11,412.58,344.89,116.90,366.02,0.7352,-1,-1,-1
114,10,987.48,321.05,102.35,319.78,0.5927,-1,-1,-1
114,8,690.73,394.04,66.74,174.95,0.6295,-1,-1,-1
114,5,1110.10,285.11,162.87,467.58,0.8578,-1,-1,-1
114,2,786.26,231.44,190.58,652.08,0.8545,-1,-1,-1
115,11,410.59,344.15,120.59,368.18,0.7379,-1,-1,-1
115,10,997.22,321.01,99.34,323.13,0.7349,-1,-1,-1
115,8,695.09,390.84,65.66,179.49,0.5955,-1,-1,-1
115,5,1112.19,286.64,163.71,466.20,0.8679,-1,-1,-1
115,2,791.82,232.96,191.59,651.94,0.8444,-1,-1,-1
116,11,403.60,342.65,127.37,369.92,0.7733,-1,-1,-1
116,10,992.90,323.08,109.18,319.51,0.7067,-1,-1,-1
116,8,693.35,393.29,69.11,179.19,0.5573,-1,-1,-1
116,5,1113.99,286.31,165.08,464.11,0.8630,-1,-1,-1
116,2,792.47,233.40,192.51,652.56,0.8509,-1,-1,-1
117,11,401.28,343.76,129.45,368.47,0.7213,-1,-1,-1
117,10,993.39,321.11,107.77,321.51,0.6699,-1,-1,-1
117,8,689.28,389.27,75.25,179.37,0.6245,-1,-1,-1
117,5,1116.86,284.94,165.11,467.67,0.8591,-1,-1,-1
117,2,791.11,233.87,190.02,652.61,0.8521,-1,-1,-1
118,11,395.19,338.65,132.09,375.81,0.7031,-1,-1,-1
118,10,981.75,322.69,120.01,321.96,0.7296,-1,-1,-1
118,8,688.06,392.36,75.32,179.12,0.6155,-1,-1,-1
118,5,1118.56,285.86,166.28,471.03,0.8564,-1,-1,-1
118,2,783.81,235.70,190.19,648.91,0.8566,-1,-1,-1
119,11,390.55,338.23,132.74,376.76,0.8252,-1,-1,-1
119,10,978.07,324.54,124.45,322.37,0.7557,-1,-1,-1
119,8,690.97,393.23,72.68,178.97,0.5529,-1,-1,-1
119,5,1122.95,287.81,162.20,473.45,0.8511,-1,-1,-1
119,2,781.79,234.81,189.42,649.73,0.8667,-1,-1,-1
120,11,386.49,333.51,132.64,384.54,0.8358,-1,-1,-1
120,10,972.89,324.86,126.96,323.66,0.7074,-1,-1,-1
120,8,686.13,392.31,77.01,178.45,0.5289,-1,-1,-1
120,5,1122.28,288.37,162.17,474.59,0.8532,-1,-1,-1
120,2,775.16,232.20,194.48,649.41,0.8782,-1,-1,-1
121,11,380.14,333.68,134.30,386.36,0.8384,-1,-1,-1
121,10,968.85,326.19,130.24,322.18,0.6075,-1,-1,-1
121,5,1119.67,290.56,163.58,475.73,0.8470,-1,-1,-1
121,2,768.92,227.71,197.19,644.19,0.8741,-1,-1,-1
122,11,369.18,333.37,139.43,395.14,0.8261,-1,-1,-1
122,10,968.82,325.36,130.94,322.71,0.6372,-1,-1,-1
122,5,1117.33,291.42,163.30,477.44,0.8405,-1,-1,-1
122,2,760.81,227.59,196.53,634.29,0.8656,-1,-1,-1
123,11,363.68,332.15,137.06,402.92,0.8542,-1,-1,-1
123,10,957.04,326.26,138.40,324.31,0.6224,-1,-1,-1
123,5,1115.09,290.67,161.50,478.17,0.8582,-1,-1,-1
123,2,748.60,226.07,203.28,635.74,0.8671,-1,-1,-1
124,11,355.28,332.66,139.92,404.73,0.8591,-1,-1,-1
124,10,956.47,327.59,122.12,325.46,0.6116,-1,-1,-1
124,5,1111.18,289.07,159.12,484.77,0.8491,-1,-1,-1
124,2,739.55,227.07,206.78,637.69,0.8720,-1,-1,-1
125,11,346.41,339.51,141.21,402.14,0.8451,-1,-1,-1
125,10,951.93,324.10,125.86,331.50,0.6953,-1,-1,-1
125,5,1106.89,289.54,160.73,479.94,0.8453,-1,-1,-1
125,2,731.44,228.16,210.30,641.88,0.8767,-1,-1,-1
126,11,333.11,336.88,143.85,407.92,0.8397,-1,-1,-1
126,10,952.72,320.40,126.20,334.23,0.5801,-1,-1,-1
126,5,1100.62,290.34,161.27,475.88,0.8445,-1,-1,-1
126,2,711.52,228.90,225.47,646.61,0.8684,-1,-1,-1
127,11,327.18,343.49,142.27,407.94,0.8475,-1,-1,-1
127,10,942.39,320.24,138.70,336.89,0.7700,-1,-1,-1
127,5,1093.84,290.90,166.43,481.80,0.8566,-1,-1,-1
127,2,708.93,231.69,224.90,647.21,0.8698,-1,-1,-1
128,11,318.45,341.30,144.90,411.63,0.8530,-1,-1,-1
128,10,932.22,323.63,144.98,334.25,0.6102,-1,-1,-1
128,5,1087.75,288.88,170.65,482.46,0.8706,-1,-1,-1
128,2,706.79,231.40,225.41,651.98,0.8799,-1,-1,-1
129,11,313.67,336.90,146.97,423.82,0.8338,-1,-1,-1
129,10,935.54,321.77,106.95,334.88,0.6498,-1,-1,-1
129,8,660.49,389.22,65.40,192.93,0.5347,-1,-1,-1
129,5,1082.73,286.34,175.77,483.29,0.8741,-1,-1,-1
129,2,710.55,235.90,219.10,648.06,0.8803,-1,-1,-1
130,11,310.85,333.05,148.67,432.40,0.8405,-1,-1,-1
130,10,934.54,320.24,105.14,334.74,0.7349,-1,-1,-1
130,8,659.73,389.16,62.18,192.89,0.5535,-1,-1,-1
130,5,1081.55,286.78,174.85,482.69,0.8673,-1,-1,-1
130,2,708.02,237.02,221.53,649.13,0.8819,-1,-1,-1
131,11,309.50,331.21,145.49,435.96,0.8388,-1,-1,-1
131,10,927.96,318.81,110.96,332.84,0.7373,-1,-1,-1
131,8,657.19,389.48,63.84,193.23,0.5875,-1,-1,-1
131,5,1080.22,283.91,176.74,482.43,0.8665,-1,-1,-1
131,2,708.61,238.91,222.71,649.35,0.8799,-1,-1,-1
132,14,1013.28,366.44,69.59,227.51,0.5586,-1,-1,-1
132,11,309.88,332.67,141.87,435.77,0.8290,-1,-1,-1
132,10,925.15,317.39,111.56,333.64,0.7335,-1,-1,-1
132,8,657.05,388.85,64.37,195.02,0.5692,-1,-1,-1
132,5,1080.35,282.49,174.84,481.40,0.8634,-1,-1,-1
132,2,710.35,238.62,220.93,649.58,0.8754,-1,-1,-1
133,14,1012.60,368.06,72.60,225.03,0.5763,-1,-1,-1
133,11,294.00,329.84,156.32,441.33,0.8195,-1,-1,-1
133,10,926.30,316.16,107.54,336.50,0.7468,-1,-1,-1
133,5,1076.54,282.34,179.69,481.90,0.8685,-1,-1,-1
133,2,713.93,238.94,220.68,646.84,0.8755,-1,-1,-1
134,14,1011.38,367.62,73.76,223.22,0.6110,-1,-1,-1
134,11,288.92,324.44,156.21,455.36,0.8404,-1,-1,-1
134,10,928.85,318.53,100.94,337.83,0.7328,-1,-1,-1
134,8,655.82,392.25,68.71,194.68,0.5317,-1,-1,-1
134,5,1074.66,284.17,183.87,486.11,0.8678,-1,-1,-1
134,2,715.78,238.34,215.81,649.79,0.8765,-1,-1,-1
135,14,1010.46,370.37,76.20,218.87,0.6537,-1,-1,-1
135,11,287.44,330.38,153.60,452.75,0.8316,-1,-1,-1
135,10,927.26,318.09,98.86,341.79,0.7097,-1,-1,-1
135,8,651.43,393.73,72.95,195.46,0.5442,-1,-1,-1
135,5,1073.33,285.15,184.41,489.07,0.8648,-1,-1,-1
135,2,717.93,239.89,213.85,648.10,0.8799,-1,-1,-1
136,14,1010.96,364.04,77.20,231.37,0.7067,-1,-1,-1
136,11,281.85,327.40,158.06,459.55,0.8387,-1,-1,-1
136,10,926.25,320.60,99.80,339.21,0.7318,-1,-1,-1
136,8,644.39,395.00,81.40,196.99,0.6849,-1,-1,-1
136,5,1071.81,287.97,188.12,490.14,0.8665,-1,-1,-1
136,2,723.25,240.15,210.52,641.56,0.8737,-1,-1,-1
137,14,1014.08,370.00,76.79,225.04,0.7447,-1,-1,-1
137,11,284.49,323.59,154.12,465.75,0.8409,-1,-1,-1
137,10,928.07,319.51,97.17,341.63,0.7313,-1,-1,-1
137,8,649.03,395.08,77.12,201.79,0.6352,-1,-1,-1
137,5,1070.48,291.08,193.64,492.40,0.8635,-1,-1,-1
137,2,723.95,240.62,211.82,624.30,0.8833,-1,-1,-1
138,14,1018.24,368.18,75.57,229.44,0.7447,-1,-1,-1
138,11,279.49,322.98,157.54,469.12,0.8038,-1,-1,-1
138,10,928.36,321.42,96.93,342.10,0.7456,-1,-1,-1
138,8,651.64,397.23,71.27,200.45,0.5942,-1,-1,-1
138,5,1078.04,295.19,192.28,490.68,0.8618,-1,-1,-1
138,2,722.39,242.39,217.94,622.24,0.8864,-1,-1,-1
139,14,1021.26,364.20,75.55,230.59,0.7169,-1,-1,-1
139,11,269.81,320.16,164.34,475.37,0.8146,-1,-1,-1
139,10,930.39,320.94,97.17,343.78,0.7266,-1,-1,-1
139,8,651.88,395.48,71.01,204.88,0.5823,-1,-1,-1
139,5,1082.44,295.72,193.24,490.91,0.8479,-1,-1,-1
139,2,729.65,242.39,212.47,622.53,0.8851,-1,-1,-1
140,14,1022.88,369.02,76.55,226.48,0.7775,-1,-1,-1
140,11,268.68,318.57,166.23,486.73,0.8302,-1,-1,-1
140,10,938.16,320.04,92.45,345.47,0.7149,-1,-1,-1
140,8,648.63,396.95,76.19,204.95,0.6319,-1,-1,-1
140,5,1089.70,296.84,188.58,489.10,0.8453,-1,-1,-1
140,2,743.82,241.32,200.18,629.20,0.8780,-1,-1,-1
141,14,1024.36,366.84,80.36,228.08,0.6852,-1,-1,-1
141,11,272.34,319.98,164.17,497.87,0.8246,-1,-1,-1
141,10,934.68,322.38,97.42,344.00,0.7389,-1,-1,-1
141,8,647.08,395.13,80.08,206.86,0.7632,-1,-1,-1
141,5,1093.67,295.75,188.71,496.64,0.8582,-1,-1,-1
141,2,749.28,246.09,195.36,631.27,0.8735,-1,-1,-1
142,14,1029.75,372.69,78.91,225.89,0.7247,-1,-1,-1
142,11,271.42,323.29,167.33,500.47,0.8492,-1,-1,-1
142,10,935.28,325.73,97.49,340.27,0.7639,-1,-1,-1
142,8,648.30,400.37,86.36,201.93,0.6909,-1,-1,-1
142,5,1101.11,296.61,186.15,499.86,0.8516,-1,-1,-1
142,2,754.70,252.06,192.38,628.83,0.8694,-1,-1,-1
143,14,1038.23,372.38,72.71,225.87,0.7463,-1,-1,-1
143,11,269.22,326.40,171.36,502.49,0.8474,-1,-1,-1
143,10,953.28,325.78,85.96,340.68,0.7232,-1,-1,-1
143,8,654.93,400.38,83.34,204.31,0.6631,-1,-1,-1
143,5,1107.99,296.76,186.69,502.75,0.8675,-1,-1,-1
143,2,768.76,253.87,185.85,634.45,0.8787,-1,-1,-1
144,14,1040.27,372.54,78.34,227.47,0.7546,-1,-1,-1
144,11,267.14,325.50,175.25,511.12,0.8580,-1,-1,-1
144,10,959.30,331.61,83.04,332.18,0.8004,-1,-1,-1
144,8,662.99,396.90,75.43,208.06,0.7032,-1,-1,-1
144,5,1112.45,296.76,186.68,500.95,0.8615,-1,-1,-1
144,2,771.79,256.09,186.48,633.71,0.8729,-1,-1,-1
145,14,1041.91,376.09,79.30,222.44,0.7400,-1,-1,-1
145,11,264.87,324.72,178.81,513.16,0.8532,-1,-1,-1
145,10,961.88,329.04,83.56,338.27,0.7497,-1,-1,-1
145,8,664.31,396.43,80.33,210.48,0.7018,-1,-1,-1
145,5,1121.80,296.60,186.92,500.44,0.8608,-1,-1,-1
145,2,779.17,258.39,185.04,634.85,0.8604,-1,-1,-1
146,14,1048.46,378.49,77.89,219.07,0.6476,-1,-1,-1
146,11,268.36,324.64,177.88,524.58,0.8772,-1,-1,-1
146,10,969.15,332.12,86.70,337.41,0.6867,-1,-1,-1
146,8,669.90,397.73,80.25,209.89,0.6982,-1,-1,-1
146,5,1129.21,301.46,183.30,491.84,0.8740,-1,-1,-1
146,2,780.46,262.71,189.27,636.58,0.8638,-1,-1,-1
147,14,1049.92,382.13,80.40,220.66,0.6330,-1,-1,-1
147,11,262.32,326.12,182.54,528.76,0.8601,-1,-1,-1
147,10,964.34,330.77,92.10,341.28,0.7115,-1,-1,-1
147,8,670.06,395.98,80.45,216.38,0.7260,-1,-1,-1
147,5,1134.09,298.25,187.64,490.37,0.8670,-1,-1,-1
147,2,781.60,265.46,190.37,637.61,0.8650,-1,-1,-1
148,14,1053.86,376.55,77.45,228.45,0.6768,-1,-1,-1
148,11,257.87,325.75,186.31,542.02,0.8684,-1,-1,-1
148,10,969.00,331.13,91.29,341.14,0.7303,-1,-1,-1
148,8,673.65,395.03,75.45,218.79,0.7258,-1,-1,-1
148,5,1140.63,297.42,181.91,491.01,0.8671,-1,-1,-1
148,2,790.00,265.67,184.95,635.52,0.8554,-1,-1,-1
149,14,1055.79,378.42,77.42,229.42,0.6365,-1,-1,-1
149,11,251.59,322.89,182.51,550.11,0.8649,-1,-1,-1
149,10,973.31,336.58,86.88,337.78,0.7344,-1,-1,-1
149,8,675.38,401.57,76.29,217.03,0.6009,-1,-1,-1
149,5,1148.24,298.52,178.47,487.84,0.8619,-1,-1,-1
149,2,793.71,266.14,183.89,638.17,0.8616,-1,-1,-1
150,14,1056.61,368.81,76.36,239.78,0.6722,-1,-1,-1
150,11,246.65,318.06,179.37,559.32,0.8501,-1,-1,-1
150,10,975.69,340.04,89.33,338.97,0.7367,-1,-1,-1
150,8,673.53,406.26,79.41,215.39,0.6131,-1,-1,-1
150,5,1151.31,300.04,178.57,490.56,0.8644,-1,-1,-1
150,2,793.02,266.50,185.33,637.31,0.8498,-1,-1,-1
151,14,1056.39,369.30,77.16,241.71,0.5983,-1,-1,-1
151,11,233.29,317.49,185.34,568.96,0.8507,-1,-1,-1
151,10,981.04,340.74,84.40,342.26,0.7332,-1,-1,-1
151,8,675.40,409.98,77.51,212.84,0.6688,-1,-1,-1
151,5,1152.33,299.37,180.20,501.89,0.8714,-1,-1,-1
151,2,792.43,266.46,188.99,632.93,0.8409,-1,-1,-1
152,14,1054.21,373.08,79.56,236.97,0.6059,-1,-1,-1
152,11,225.49,313.61,188.40,578.09,0.8509,-1,-1,-1
152,10,977.97,341.45,86.89,341.27,0.7104,-1,-1,-1
152,8,675.21,409.71,81.21,215.76,0.7133,-1,-1,-1
152,5,1153.33,300.31,181.57,499.32,0.8801,-1,-1,-1
152,2,789.02,265.03,192.82,624.22,0.8417,-1,-1,-1
153,14,1055.55,372.49,79.21,239.07,0.6199,-1,-1,-1
153,11,212.95,311.09,196.12,582.60,0.8585,-1,-1,-1
153,10,983.62,341.31,82.44,346.09,0.7248,-1,-1,-1
153,8,675.38,410.07,84.04,219.59,0.7124,-1,-1,-1
153,5,1158.19,302.71,179.40,498.30,0.8824,-1,-1,-1
153,2,782.86,262.58,202.85,617.35,0.8418,-1,-1,-1
154,14,1053.78,374.21,80.77,238.47,0.6567,-1,-1,-1
154,11,201.10,308.95,203.23,588.36,0.8723,-1,-1,-1
154,10,980.22,341.17,84.59,344.46,0.7265,-1,-1,-1
154,8,676.02,411.14,86.96,220.90,0.7176,-1,-1,-1
154,5,1158.89,303.02,178.69,496.11,0.8731,-1,-1,-1
154,2,776.33,260.97,211.04,618.25,0.8594,-1,-1,-1
155,14,1053.92,372.59,80.23,238.88,0.7016,-1,-1,-1
155,11,190.78,306.43,208.18,591.96,0.8712,-1,-1,-1
155,10,984.01,340.02,80.43,342.28,0.7272,-1,-1,-1
155,8,671.58,406.54,100.08,224.43,0.7297,-1,-1,-1
155,5,1160.63,302.59,177.37,500.11,0.8790,-1,-1,-1
155,2,769.08,258.52,218.22,619.89,0.8684,-1,-1,-1
156,14,1052.33,370.16,80.34,243.18,0.6923,-1,-1,-1
156,11,180.82,301.91,207.18,598.91,0.8714,-1,-1,-1
156,10,981.38,339.58,83.63,344.12,0.7022,-1,-1,-1
156,8,672.23,405.01,99.60,226.60,0.7665,-1,-1,-1
156,5,1158.88,306.62,180.46,507.13,0.8774,-1,-1,-1
156,2,764.67,257.48,225.88,623.66,0.8702,-1,-1,-1
157,14,1049.37,370.09,82.65,244.11,0.6787,-1,-1,-1
157,11,170.41,300.73,211.65,604.32,0.8634,-1,-1,-1
157,10,971.23,341.16,93.78,346.95,0.6965,-1,-1,-1
157,8,667.37,407.21,99.84,225.80,0.7038,-1,-1,-1
157,5,1155.26,308.14,178.03,508.25,0.8730,-1,-1,-1
157,2,758.94,260.16,231.23,625.97,0.8774,-1,-1,-1
158,14,1044.31,371.10,85.53,243.40,0.7391,-1,-1,-1
158,11,155.87,297.08,214.56,611.31,0.8608,-1,-1,-1
158,10,967.04,341.51,90.90,344.31,0.7418,-1,-1,-1
158,8,661.79,405.69,79.14,228.14,0.6732,-1,-1,-1
158,5,1149.75,304.73,177.21,507.41,0.8647,-1,-1,-1
158,2,760.33,257.11,225.33,630.78,0.8731,-1,-1,-1
159,15,1710.04,377.13,59.25,75.68,0.5084,-1,-1,-1
159,14,1040.30,378.02,85.73,236.55,0.7010,-1,-1,-1
159,11,137.85,294.59,218.15,622.49,0.8558,-1,-1,-1
159,10,965.98,341.84,86.31,339.35,0.6546,-1,-1,-1
159,8,658.75,400.93,85.32,230.86,0.6600,-1,-1,-1
159,5,1146.47,306.93,174.95,503.49,0.8761,-1,-1,-1
159,2,766.16,263.12,216.96,628.99,0.8666,-1,-1,-1
160,14,1037.59,378.83,83.05,234.35,0.6979,-1,-1,-1
160,11,126.93,290.85,221.84,642.23,0.8640,-1,-1,-1
160,10,961.67,338.84,91.39,340.08,0.7255,-1,-1,-1
160,8,649.87,401.74,96.15,229.59,0.6724,-1,-1,-1
160,5,1141.60,305.94,173.69,506.90,0.8769,-1,-1,-1
160,2,769.02,265.17,211.18,630.84,0.8642,-1,-1,-1
161,14,1032.86,385.26,84.98,226.82,0.7512,-1,-1,-1
161,11,112.52,290.61,225.50,659.42,0.8549,-1,-1,-1
161,10,955.69,338.65,88.54,341.59,0.6698,-1,-1,-1
161,8,645.82,397.66,91.17,237.00,0.6919,-1,-1,-1
161,5,1138.26,306.20,172.36,506.04,0.8782,-1,-1,-1
161,2,770.99,271.49,209.29,628.17,0.8709,-1,-1,-1
162,16,730.61,360.43,78.52,279.44,0.6036,-1,-1,-1
162,14,1025.73,386.61,83.25,224.80,0.7441,-1,-1,-1
162,11,94.67,283.39,230.46,660.26,0.8687,-1,-1,-1
162,10,950.44,335.86,81.65,348.97,0.6473,-1,-1,-1
162,8,637.66,395.17,77.84,239.66,0.7041,-1,-1,-1
162,5,1132.97,298.92,171.52,513.97,0.8733,-1,-1,-1
162,2,774.13,271.50,204.65,626.73,0.8824,-1,-1,-1
163,16,725.78,357.54,76.42,280.97,0.6666,-1,-1,-1
163,14,1020.07,387.27,84.48,224.21,0.6823,-1,-1,-1
163,11,82.25,284.69,221.75,678.84,0.8466,-1,-1,-1
163,10,946.65,331.30,85.72,352.51,0.6175,-1,-1,-1
163,8,629.54,394.46,83.30,240.56,0.7249,-1,-1,-1
163,5,1122.38,299.69,176.37,512.26,0.8682,-1,-1,-1
163,2,774.07,270.19,200.43,629.14,0.8929,-1,-1,-1
164,16,713.18,362.72,79.09,278.09,0.6744,-1,-1,-1
164,14,1018.71,390.64,78.49,218.99,0.7023,-1,-1,-1
164,11,55.93,282.60,246.47,697.58,0.8834,-1,-1,-1
164,10,943.24,333.50,82.57,350.07,0.6623,-1,-1,-1
164,8,619.00,392.44,87.32,244.02,0.7237,-1,-1,-1
164,5,1112.82,297.40,183.92,510.08,0.8672,-1,-1,-1
164,2,767.26,267.76,203.80,624.30,0.8909,-1,-1,-1
165,16,707.66,364.09,79.01,277.23,0.7069,-1,-1,-1
165,14,1014.56,391.20,78.55,215.01,0.6871,-1,-1,-1
165,11,37.00,280.35,249.91,716.06,0.8713,-1,-1,-1
165,10,942.08,332.90,81.86,346.93,0.6922,-1,-1,-1
165,8,610.05,393.08,85.21,243.82,0.6888,-1,-1,-1
165,5,1106.88,299.25,181.79,505.41,0.8747,-1,-1,-1
165,2,763.77,262.77,198.15,628.04,0.8865,-1,-1,-1
166,16,704.28,365.09,80.05,277.92,0.7309,-1,-1,-1
166,14,1008.62,390.00,79.75,214.07,0.6685,-1,-1,-1
166,11,19.22,278.59,262.21,726.53,0.8876,-1,-1,-1
166,10,932.99,325.79,85.36,353.06,0.6957,-1,-1,-1
166,8,605.66,391.08,88.90,246.83,0.7174,-1,-1,-1
166,5,1100.28,297.21,186.34,500.59,0.8768,-1,-1,-1
166,2,766.16,258.65,194.69,631.68,0.8856,-1,-1,-1
167,16,697.63,361.69,87.82,282.32,0.7083,-1,-1,-1
167,14,1008.86,397.84,77.22,207.93,0.5622,-1,-1,-1
167,11,5.64,273.69,255.51,737.37,0.8650,-1,-1,-1
167,10,934.12,325.06,83.96,349.49,0.6918,-1,-1,-1
167,8,601.13,389.75,86.49,248.97,0.7259,-1,-1,-1
167,5,1093.99,291.94,192.17,505.84,0.8659,-1,-1,-1
167,2,767.14,256.05,192.65,631.02,0.8746,-1,-1,-1
168,16,682.50,356.77,97.80,287.31,0.7777,-1,-1,-1
168,14,1007.66,374.77,77.99,234.17,0.6034,-1,-1,-1
168,11,0.53,263.88,256.92,752.07,0.8876,-1,-1,-1
168,10,930.38,329.68,86.54,348.76,0.6991,-1,-1,-1
168,8,596.63,389.54,88.23,248.78,0.6911,-1,-1,-1
168,5,1090.88,291.61,191.48,504.06,0.8647,-1,-1,-1
168,2,774.00,253.34,184.53,619.42,0.8656,-1,-1,-1
169,16,680.30,356.10,96.27,281.55,0.7693,-1,-1,-1
169,14,1004.11,374.94,80.63,228.91,0.6366,-1,-1,-1
169,11,0.08,256.77,241.47,763.87,0.9024,-1,-1,-1
169,10,930.52,329.39,82.73,342.27,0.6958,-1,-1,-1
169,8,590.76,387.36,91.21,252.25,0.7353,-1,-1,-1
169,5,1086.88,291.48,193.84,502.59,0.8698,-1,-1,-1
169,2,777.62,248.87,184.03,611.44,0.8632,-1,-1,-1
170,16,672.51,352.22,104.55,288.23,0.7918,-1,-1,-1
170,14,1004.22,371.10,80.83,232.69,0.6332,-1,-1,-1
170,11,0.00,250.33,228.91,776.85,0.9022,-1,-1,-1
170,10,928.15,329.65,81.55,342.63,0.6886,-1,-1,-1
170,8,588.95,386.80,80.92,251.29,0.6201,-1,-1,-1
170,5,1081.19,290.89,198.53,506.06,0.8706,-1,-1,-1
170,2,778.65,247.90,181.01,610.45,0.8545,-1,-1,-1
171,16,664.04,352.45,112.62,292.70,0.8041,-1,-1,-1
171,14,1005.92,366.55,77.16,230.59,0.6707,-1,-1,-1
171,11,0.01,245.72,217.68,789.82,0.9018,-1,-1,-1
171,10,927.63,328.52,83.57,348.21,0.7115,-1,-1,-1
171,8,580.95,382.03,90.71,260.23,0.6402,-1,-1,-1
171,5,1078.88,290.61,201.06,510.05,0.8685,-1,-1,-1
171,2,777.54,245.97,180.30,614.38,0.8563,-1,-1,-1
172,16,659.12,350.65,117.60,295.89,0.8317,-1,-1,-1
172,14,1002.23,367.14,78.63,229.78,0.6558,-1,-1,-1
172,11,0.00,240.95,204.60,799.67,0.8958,-1,-1,-1
172,10,928.31,338.86,80.47,332.53,0.6798,-1,-1,-1
172,8,573.46,384.73,99.43,260.96,0.6855,-1,-1,-1
172,5,1075.54,290.23,204.35,509.30,0.8735,-1,-1,-1
172,2,775.34,247.36,184.23,618.96,0.8505,-1,-1,-1
173,16,656.75,347.57,122.89,299.20,0.8321,-1,-1,-1
173,14,1002.39,372.99,78.60,220.68,0.6627,-1,-1,-1
173,11,0.00,235.82,194.35,816.51,0.8878,-1,-1,-1
173,10,926.72,336.47,78.03,335.46,0.6678,-1,-1,-1
173,8,565.45,385.95,103.30,261.33,0.7057,-1,-1,-1
173,5,1074.40,288.92,202.85,511.53,0.8676,-1,-1,-1
173,2,777.29,245.37,180.19,621.73,0.8552,-1,-1,-1
174,16,655.48,345.39,125.58,301.28,0.8182,-1,-1,-1
174,14,1002.93,367.40,76.75,228.45,0.6675,-1,-1,-1
174,11,0.07,231.94,186.83,828.15,0.8844,-1,-1,-1
174,10,928.19,335.29,77.66,337.03,0.6463,-1,-1,-1
174,8,562.65,380.15,94.79,270.33,0.6958,-1,-1,-1
174,5,1076.91,288.83,204.51,516.18,0.8719,-1,-1,-1
174,2,775.93,246.25,182.80,623.31,0.8592,-1,-1,-1
175,16,653.82,345.06,128.71,304.11,0.8186,-1,-1,-1
175,14,1004.06,367.74,76.26,231.03,0.6663,-1,-1,-1
175,11,0.16,226.50,179.01,836.97,0.8854,-1,-1,-1
175,10,930.25,329.19,77.97,343.19,0.6395,-1,-1,-1
175,8,559.89,379.18,95.92,272.98,0.6820,-1,-1,-1
175,5,1080.53,289.00,203.78,520.37,0.8729,-1,-1,-1
175,2,780.12,247.57,178.32,628.25,0.8637,-1,-1,-1
176,16,654.39,345.39,126.84,310.70,0.8107,-1,-1,-1
176,14,1008.38,365.72,74.64,231.92,0.6799,-1,-1,-1
176,11,0.15,226.94,172.62,844.08,0.8836,-1,-1,-1
176,10,932.90,325.16,74.34,347.78,0.6373,-1,-1,-1
176,8,555.34,378.56,100.86,276.48,0.7237,-1,-1,-1
176,5,1084.19,289.78,203.02,520.13,0.8721,-1,-1,-1
176,2,785.18,254.34,175.66,628.36,0.8478,-1,-1,-1
177,16,654.35,346.01,127.12,311.20,0.8152,-1,-1,-1
177,14,1009.18,368.37,75.04,228.85,0.6887,-1,-1,-1
177,11,0.30,225.17,162.25,850.61,0.8760,-1,-1,-1
177,10,935.05,323.87,64.27,349.45,0.5903,-1,-1,-1
177,8,554.29,380.00,101.98,274.35,0.7126,-1,-1,-1
177,5,1087.06,290.81,202.49,517.31,0.8748,-1,-1,-1
177,2,786.75,258.59,176.61,626.71,0.8483,-1,-1,-1
178,16,653.84,348.77,133.04,314.39,0.8253,-1,-1,-1
178,14,1014.38,371.09,74.41,228.39,0.6444,-1,-1,-1
178,11,0.32,222.35,155.22,853.95,0.8740,-1,-1,-1
178,8,554.70,379.75,100.14,277.34,0.7328,-1,-1,-1
178,5,1090.92,290.18,205.85,524.33,0.8788,-1,-1,-1
178,2,790.30,262.54,177.80,625.36,0.8574,-1,-1,-1
179,16,651.03,349.84,140.76,314.58,0.8254,-1,-1,-1
179,14,1015.73,375.27,75.24,222.24,0.6751,-1,-1,-1
179,11,0.53,227.42,143.74,849.16,0.8739,-1,-1,-1
179,10,931.02,300.50,72.94,372.90,0.5756,-1,-1,-1
179,8,553.28,379.62,102.23,279.98,0.7101,-1,-1,-1
179,5,1099.41,287.54,200.89,527.41,0.8803,-1,-1,-1
179,2,792.17,263.54,177.25,624.19,0.8564,-1,-1,-1
180,16,653.69,351.39,134.99,315.47,0.7987,-1,-1,-1
180,14,1018.95,384.64,74.14,214.97,0.6105,-1,-1,-1
180,11,0.63,231.42,133.51,846.12,0.8652,-1,-1,-1
180,8,553.07,378.75,104.52,283.92,0.7641,-1,-1,-1
180,5,1104.46,290.68,201.77,523.05,0.8717,-1,-1,-1
180,2,795.63,267.09,180.72,616.47,0.8630,-1,-1,-1
181,16,654.42,351.27,137.47,320.60,0.8163,-1,-1,-1
181,14,1019.03,370.97,77.48,228.75,0.6325,-1,-1,-1
181,11,0.54,261.48,127.29,816.05,0.8625,-1,-1,-1
181,8,554.32,382.49,103.26,283.25,0.7259,-1,-1,-1
181,5,1114.27,284.60,196.57,527.59,0.8748,-1,-1,-1
181,2,796.37,265.67,183.85,618.32,0.8678,-1,-1,-1
182,16,654.58,351.42,137.27,323.63,0.8205,-1,-1,-1
182,15,1713.88,355.29,59.53,77.43,0.5690,-1,-1,-1
182,14,1022.15,378.39,80.51,219.88,0.7335,-1,-1,-1
182,11,0.42,288.59,118.25,789.70,0.8565,-1,-1,-1
182,8,555.26,383.38,107.08,286.62,0.7499,-1,-1,-1
182,5,1120.93,286.13,196.58,526.35,0.8726,-1,-1,-1
182,2,796.50,264.95,185.05,617.53,0.8722,-1,-1,-1
183,16,654.64,348.81,143.70,324.73,0.8300,-1,-1,-1
183,14,1024.81,384.73,80.42,214.74,0.6706,-1,-1,-1
183,11,0.74,313.49,105.27,763.48,0.8433,-1,-1,-1
183,8,555.03,387.01,107.36,286.33,0.7397,-1,-1,-1
183,5,1131.93,282.44,191.18,519.00,0.8705,-1,-1,-1
183,2,799.41,263.17,191.91,610.28,0.8732,-1,-1,-1
184,16,660.63,347.39,143.98,327.57,0.8309,-1,-1,-1
184,14,1031.36,381.17,80.86,222.53,0.6438,-1,-1,-1
184,11,0.56,383.87,93.12,692.04,0.8429,-1,-1,-1
184,8,555.60,389.73,110.79,283.38,0.7550,-1,-1,-1
184,5,1133.57,282.58,193.02,515.12,0.8755,-1,-1,-1
184,2,801.97,264.87,193.22,596.76,0.8759,-1,-1,-1
185,16,670.11,328.60,136.78,350.33,0.8513,-1,-1,-1
185,14,1037.39,384.78,76.88,216.82,0.6756,-1,-1,-1
185,11,0.47,390.44,85.55,685.07,0.8066,-1,-1,-1
185,10,958.11,313.05,70.62,362.58,0.6058,-1,-1,-1
185,8,557.61,390.75,116.70,285.57,0.7165,-1,-1,-1
185,5,1139.91,283.36,192.54,512.10,0.8707,-1,-1,-1
185,2,802.00,261.99,194.43,598.58,0.8585,-1,-1,-1
186,16,669.80,324.42,138.51,357.06,0.8471,-1,-1,-1
186,14,1037.30,383.63,82.71,218.57,0.6856,-1,-1,-1
186,11,0.48,396.93,84.40,678.79,0.7608,-1,-1,-1
186,10,962.54,319.05,66.81,358.25,0.5453,-1,-1,-1
186,8,558.23,390.80,119.14,287.98,0.7527,-1,-1,-1
186,5,1149.92,284.73,185.42,514.60,0.8792,-1,-1,-1
186,2,803.83,257.18,192.87,605.79,0.8641,-1,-1,-1
187,16,671.10,328.67,138.16,350.88,0.8511,-1,-1,-1
187,14,1042.73,377.76,79.69,221.13,0.7038,-1,-1,-1
187,8,557.77,385.43,124.43,294.80,0.7652,-1,-1,-1
187,5,1153.85,279.39,189.61,521.73,0.8826,-1,-1,-1
187,2,805.96,253.57,195.17,605.00,0.8674,-1,-1,-1
188,16,668.80,325.67,139.05,352.10,0.8549,-1,-1,-1
188,14,1037.14,376.60,85.43,223.85,0.7109,-1,-1,-1
188,8,557.02,385.16,125.78,294.13,0.7757,-1,-1,-1
188,5,1154.80,279.07,189.68,520.61,0.8860,-1,-1,-1
188,2,800.63,252.41,203.55,607.58,0.8690,-1,-1,-1
189,16,666.73,325.07,141.79,355.49,0.8495,-1,-1,-1
189,14,1037.45,375.06,85.40,224.31,0.7259,-1,-1,-1
189,8,554.04,381.47,131.20,298.73,0.7088,-1,-1,-1
189,5,1159.89,275.91,182.22,523.93,0.8822,-1,-1,-1
189,2,798.96,252.84,203.93,611.11,0.8673,-1,-1,-1
190,16,672.01,323.04,136.25,360.07,0.8446,-1,-1,-1
190,14,1031.62,376.28,91.50,221.32,0.7129,-1,-1,-1
190,8,547.92,379.76,141.31,301.84,0.7273,-1,-1,-1
190,5,1159.86,275.32,185.68,527.36,0.8806,-1,-1,-1
190,2,803.60,251.49,199.60,613.89,0.8584,-1,-1,-1
191,16,671.48,324.80,135.56,361.16,0.8073,-1,-1,-1
191,14,1034.14,373.90,89.71,226.05,0.6989,-1,-1,-1
191,8,546.04,378.07,136.57,305.86,0.6629,-1,-1,-1
191,5,1161.26,278.44,185.69,529.24,0.8796,-1,-1,-1
191,2,805.42,253.18,197.82,618.73,0.8553,-1,-1,-1
192,16,666.38,325.70,140.22,361.48,0.8327,-1,-1,-1
192,14,1031.92,378.77,89.69,222.54,0.7029,-1,-1,-1
192,8,541.18,377.60,100.99,307.25,0.7031,-1,-1,-1
192,5,1160.40,285.77,183.73,527.86,0.8861,-1,-1,-1
192,2,811.58,260.78,191.50,618.17,0.8579,-1,-1,-1
193,16,657.04,330.90,148.83,359.79,0.7862,-1,-1,-1
193,14,1030.55,376.04,88.96,227.42,0.6982,-1,-1,-1
193,8,535.64,377.13,130.99,308.62,0.6637,-1,-1,-1
193,5,1160.30,285.20,179.31,531.16,0.8836,-1,-1,-1
193,2,810.07,264.84,194.48,617.36,0.8681,-1,-1,-1
194,16,656.24,332.31,145.82,365.26,0.8255,-1,-1,-1
194,14,1034.89,378.37,84.75,227.22,0.7260,-1,-1,-1
194,8,530.63,377.63,132.80,313.35,0.7530,-1,-1,-1
194,5,1158.82,288.13,177.57,534.91,0.8792,-1,-1,-1
194,2,806.42,268.58,198.58,613.67,0.8654,-1,-1,-1
195,16,645.34,337.67,153.12,367.30,0.8444,-1,-1,-1
195,15,1757.68,367.67,64.86,79.49,0.5028,-1,-1,-1
195,14,1026.48,381.21,90.61,225.16,0.7374,-1,-1,-1
195,8,521.46,380.75,112.67,316.51,0.7483,-1,-1,-1
195,5,1155.07,291.43,175.83,534.23,0.8688,-1,-1,-1
195,2,802.14,274.61,205.60,609.58,0.8796,-1,-1,-1
196,16,643.92,342.91,151.16,365.48,0.8285,-1,-1,-1
196,14,1021.12,384.14,93.28,223.02,0.7186,-1,-1,-1
196,8,514.72,379.75,115.28,323.61,0.7627,-1,-1,-1
196,5,1148.62,294.64,176.46,536.94,0.8562,-1,-1,-1
196,2,798.31,270.62,206.75,615.66,0.8865,-1,-1,-1
197,16,634.07,342.37,154.02,369.85,0.8226,-1,-1,-1
197,14,1018.62,388.53,93.25,221.64,0.7606,-1,-1,-1
197,8,506.59,383.47,114.92,323.74,0.7714,-1,-1,-1
197,5,1144.33,294.99,173.92,536.31,0.8556,-1,-1,-1
197,2,796.20,271.34,208.95,615.25,0.8946,-1,-1,-1
198,16,619.12,343.53,159.27,375.72,0.8376,-1,-1,-1
198,14,1015.42,391.17,91.67,220.70,0.7204,-1,-1,-1
198,8,495.16,385.86,118.90,330.98,0.7919,-1,-1,-1
198,5,1137.85,297.27,177.94,526.29,0.8549,-1,-1,-1
198,2,797.85,273.06,207.34,615.84,0.8890,-1,-1,-1
199,16,604.21,348.51,164.82,383.33,0.8336,-1,-1,-1
199,14,1010.03,398.06,91.21,214.44,0.7434,-1,-1,-1
199,8,488.38,388.82,122.33,332.43,0.8202,-1,-1,-1
199,5,1133.17,297.91,180.36,544.46,0.8627,-1,-1,-1
199,2,806.59,276.46,195.52,593.36,0.8820,-1,-1,-1
200,16,609.21,349.43,150.87,383.61,0.8438,-1,-1,-1
200,15,1734.49,381.07,72.24,80.04,0.5505,-1,-1,-1
200,14,1009.66,406.99,87.47,208.56,0.6664,-1,-1,-1
200,8,478.48,393.77,132.44,336.00,0.7002,-1,-1,-1
200,5,1124.95,299.65,183.81,541.66,0.8619,-1,-1,-1
200,2,801.06,281.33,201.39,584.56,0.8845,-1,-1,-1
201,16,581.54,347.27,166.32,383.66,0.7975,-1,-1,-1
201,14,1009.29,393.43,81.09,223.77,0.7350,-1,-1,-1
201,8,467.42,396.23,115.23,333.66,0.7716,-1,-1,-1
201,5,1116.21,304.33,188.29,529.70,0.8699,-1,-1,-1
201,2,801.20,281.14,195.05,588.69,0.8868,-1,-1,-1
202,16,584.85,346.03,152.93,389.82,0.8090,-1,-1,-1
202,14,1005.86,405.73,79.71,213.92,0.6839,-1,-1,-1
202,8,457.54,400.00,129.90,334.28,0.8075,-1,-1,-1
202,5,1110.67,304.20,190.47,531.57,0.8721,-1,-1,-1
202,2,796.22,281.23,194.20,593.68,0.8919,-1,-1,-1
203,16,578.69,344.03,155.91,397.48,0.8280,-1,-1,-1
203,14,1001.10,409.08,82.10,215.09,0.7236,-1,-1,-1
203,8,443.58,396.31,107.97,345.48,0.6158,-1,-1,-1
203,5,1106.45,304.49,193.26,531.86,0.8731,-1,-1,-1
203,2,800.15,281.95,186.62,595.84,0.8817,-1,-1,-1
204,16,572.83,344.47,156.45,397.28,0.8171,-1,-1,-1
204,14,1004.33,413.12,77.14,217.21,0.7367,-1,-1,-1
204,8,434.38,398.92,143.11,346.56,0.7255,-1,-1,-1
204,5,1104.28,303.45,191.34,530.68,0.8712,-1,-1,-1
204,2,807.67,284.99,175.85,596.77,0.8649,-1,-1,-1
205,17,758.86,397.07,68.39,245.17,0.6578,-1,-1,-1
205,16,564.56,343.46,152.42,399.99,0.8010,-1,-1,-1
205,14,1002.58,413.96,76.34,214.35,0.7010,-1,-1,-1
205,8,425.21,399.04,146.05,348.74,0.7800,-1,-1,-1
205,5,1102.99,303.67,192.89,529.46,0.8741,-1,-1,-1
205,2,807.84,286.35,174.50,598.40,0.8644,-1,-1,-1
206,17,756.00,396.43,69.41,249.36,0.6906,-1,-1,-1
206,16,558.91,342.51,155.63,405.02,0.8320,-1,-1,-1
206,14,999.79,415.61,79.02,210.95,0.6888,-1,-1,-1
206,8,418.53,396.67,150.66,352.79,0.7962,-1,-1,-1
206,5,1099.61,307.22,199.68,531.71,0.8667,-1,-1,-1
206,2,808.13,287.93,172.54,599.96,0.8670,-1,-1,-1
207,17,753.58,396.00,71.84,248.47,0.6905,-1,-1,-1
207,16,551.32,344.27,161.99,406.57,0.8532,-1,-1,-1
207,14,1000.04,413.99,78.20,214.67,0.6986,-1,-1,-1
207,8,412.33,394.98,148.14,356.44,0.8315,-1,-1,-1
207,5,1096.03,307.84,204.59,533.94,0.8681,-1,-1,-1
207,2,808.31,289.33,171.12,598.53,0.8645,-1,-1,-1
208,17,753.76,393.74,71.48,250.57,0.6877,-1,-1,-1
208,16,546.13,335.31,161.61,414.74,0.8587,-1,-1,-1
208,14,1003.27,409.08,75.07,211.76,0.7247,-1,-1,-1
208,8,404.39,394.74,143.45,358.13,0.8411,-1,-1,-1
208,5,1094.17,304.03,207.96,540.31,0.8680,-1,-1,-1
208,2,809.06,290.02,169.19,598.05,0.8560,-1,-1,-1
209,17,754.61,394.25,67.33,251.85,0.6307,-1,-1,-1
209,16,536.75,335.41,174.32,420.65,0.8638,-1,-1,-1
209,14,1002.22,402.75,76.08,217.45,0.7160,-1,-1,-1
209,8,399.55,391.04,147.50,362.56,0.8272,-1,-1,-1
209,5,1095.17,305.16,209.34,542.08,0.8675,-1,-1,-1
209,2,807.52,291.50,170.03,598.30,0.8554,-1,-1,-1
210,17,748.05,392.88,71.89,254.94,0.6420,-1,-1,-1
210,16,532.05,339.99,177.62,422.38,0.8501,-1,-1,-1
210,14,1001.76,404.00,78.05,216.59,0.5573,-1,-1,-1
210,8,392.34,389.21,146.84,365.99,0.8246,-1,-1,-1
210,5,1096.41,308.91,210.79,539.79,0.8719,-1,-1,-1
210,2,804.44,294.90,173.13,597.38,0.8648,-1,-1,-1
211,17,745.41,394.25,72.08,258.02,0.6483,-1,-1,-1
211,16,519.80,328.38,186.72,443.00,0.8324,-1,-1,-1
211,14,1004.16,419.92,73.64,200.85,0.5491,-1,-1,-1
211,8,384.58,389.37,147.87,367.07,0.8250,-1,-1,-1
211,5,1096.98,310.20,210.30,545.27,0.8726,-1,-1,-1
211,2,803.28,293.85,175.03,601.28,0.8701,-1,-1,-1
212,17,742.32,395.41,75.05,258.85,0.6523,-1,-1,-1
212,16,503.27,331.12,200.73,448.82,0.8214,-1,-1,-1
212,14,999.05,404.07,79.26,219.65,0.6687,-1,-1,-1
212,8,376.86,389.46,143.35,376.55,0.8260,-1,-1,-1
212,5,1095.61,315.05,213.58,540.55,0.8651,-1,-1,-1
212,2,796.92,291.92,184.18,600.50,0.8608,-1,-1,-1
213,17,740.11,396.83,69.99,263.48,0.6698,-1,-1,-1
213,16,507.77,341.21,191.84,443.00,0.8368,-1,-1,-1
213,14,995.59,402.23,82.25,222.68,0.7168,-1,-1,-1
213,8,368.24,390.86,150.88,387.35,0.8420,-1,-1,-1
213,5,1095.53,310.84,212.56,546.80,0.8610,-1,-1,-1
213,2,793.37,293.44,183.34,600.25,0.8643,-1,-1,-1
214,17,739.01,403.45,69.07,259.51,0.6716,-1,-1,-1
214,16,505.92,344.40,191.22,448.01,0.8454,-1,-1,-1
214,14,995.09,411.64,83.67,218.92,0.7440,-1,-1,-1
214,8,364.54,397.64,150.64,391.24,0.8434,-1,-1,-1
214,5,1096.51,319.37,212.77,545.04,0.8704,-1,-1,-1
214,2,790.89,299.25,184.91,589.26,0.8605,-1,-1,-1
215,17,738.50,401.25,68.12,259.88,0.6939,-1,-1,-1
215,16,503.52,341.38,193.61,455.97,0.8642,-1,-1,-1
215,14,994.50,406.37,86.21,222.84,0.7162,-1,-1,-1
215,8,360.39,396.79,150.10,396.86,0.8483,-1,-1,-1
215,5,1101.60,312.78,208.89,555.86,0.8721,-1,-1,-1
215,2,788.10,293.28,188.76,582.25,0.8647,-1,-1,-1
216,17,741.28,400.48,67.13,258.81,0.6173,-1,-1,-1
216,16,501.38,336.86,192.03,467.45,0.8712,-1,-1,-1
216,14,1004.21,414.27,79.35,215.38,0.7528,-1,-1,-1
216,8,357.99,397.07,149.65,402.61,0.8468,-1,-1,-1
216,5,1112.42,310.26,199.84,559.99,0.8832,-1,-1,-1
216,2,786.06,291.37,192.92,588.46,0.8661,-1,-1,-1
217,17,743.21,398.20,67.71,267.85,0.6353,-1,-1,-1
217,16,501.41,333.19,191.45,474.75,0.8698,-1,-1,-1
217,14,1007.44,417.84,80.89,213.55,0.7733,-1,-1,-1
217,8,356.39,397.84,149.45,401.83,0.8455,-1,-1,-1
217,5,1116.69,308.70,201.42,559.54,0.8829,-1,-1,-1
217,2,785.93,290.28,194.97,589.55,0.8724,-1,-1,-1
218,17,748.12,397.19,65.11,270.88,0.6781,-1,-1,-1
218,16,503.77,325.59,188.03,485.60,0.8720,-1,-1,-1
218,14,1011.23,424.47,79.87,206.81,0.7528,-1,-1,-1
218,8,354.08,397.17,157.98,409.69,0.8515,-1,-1,-1
218,5,1125.29,313.02,195.99,551.14,0.8742,-1,-1,-1
218,2,790.85,289.91,194.05,592.31,0.8777,-1,-1,-1
219,17,750.34,398.02,67.03,273.16,0.6841,-1,-1,-1
219,16,507.57,323.73,188.38,488.34,0.8773,-1,-1,-1
219,14,1016.38,419.41,81.65,217.52,0.7159,-1,-1,-1
219,8,353.28,396.74,166.09,414.73,0.8510,-1,-1,-1
219,5,1131.55,313.61,196.34,546.13,0.8746,-1,-1,-1
219,2,795.21,290.86,194.94,592.72,0.8762,-1,-1,-1
220,17,750.25,398.76,72.58,272.60,0.6722,-1,-1,-1
220,16,510.41,322.79,187.95,491.16,0.8668,-1,-1,-1
220,14,1020.39,419.22,81.22,216.84,0.7220,-1,-1,-1
220,8,353.48,395.01,168.06,416.88,0.8581,-1,-1,-1
220,5,1136.53,314.39,196.84,545.33,0.8721,-1,-1,-1
220,2,794.13,296.20,198.27,593.23,0.8704,-1,-1,-1
221,18,664.96,404.25,65.07,185.51,0.5404,-1,-1,-1
221,17,753.77,396.46,75.60,277.04,0.7016,-1,-1,-1
221,16,510.68,318.19,188.23,496.99,0.8653,-1,-1,-1
221,14,1026.05,423.22,80.74,214.33,0.7112,-1,-1,-1
221,8,352.15,389.49,171.30,423.83,0.8507,-1,-1,-1
221,5,1145.73,314.76,199.43,545.64,0.8733,-1,-1,-1
221,2,802.13,298.36,199.16,596.00,0.8588,-1,-1,-1
222,18,667.65,406.67,69.01,188.46,0.5041,-1,-1,-1
222,17,757.08,397.12,78.14,277.87,0.7172,-1,-1,-1
222,16,511.28,315.38,189.01,502.96,0.8747,-1,-1,-1
222,14,1023.05,423.58,88.18,216.90,0.7122,-1,-1,-1
222,8,350.94,386.43,172.69,428.33,0.8545,-1,-1,-1
222,5,1155.70,318.49,192.71,545.72,0.8892,-1,-1,-1
222,2,807.96,300.22,195.68,598.54,0.8566,-1,-1,-1
223,18,668.84,406.90,70.26,190.82,0.5440,-1,-1,-1
223,17,759.69,395.73,79.72,279.38,0.7202,-1,-1,-1
223,16,511.17,312.67,192.20,501.68,0.8739,-1,-1,-1
223,14,1035.14,420.42,77.81,219.66,0.7051,-1,-1,-1
223,8,347.87,385.61,175.61,430.18,0.8504,-1,-1,-1
223,5,1163.28,317.43,190.21,548.12,0.8806,-1,-1,-1
223,2,817.62,302.96,191.69,596.13,0.8708,-1,-1,-1
224,17,760.59,392.69,83.21,286.03,0.8185,-1,-1,-1
224,16,508.89,304.78,196.56,513.80,0.8765,-1,-1,-1
224,14,1038.44,418.50,80.81,219.18,0.7568,-1,-1,-1
224,8,347.48,384.98,173.34,430.95,0.8485,-1,-1,-1
224,5,1169.09,311.28,189.18,556.30,0.8861,-1,-1,-1
224,2,823.13,305.30,193.76,593.32,0.8797,-1,-1,-1
225,18,672.68,404.20,68.80,202.19,0.5329,-1,-1,-1
225,17,760.31,393.33,89.06,286.50,0.8125,-1,-1,-1
225,16,506.70,300.18,201.47,526.03,0.8707,-1,-1,-1
225,14,1038.82,421.12,81.95,215.48,0.7665,-1,-1,-1
225,8,347.82,384.37,167.63,434.76,0.8530,-1,-1,-1
225,5,1175.97,313.86,188.97,555.10,0.8826,-1,-1,-1
225,2,826.65,303.88,200.39,593.63,0.8805,-1,-1,-1
226,18,672.14,405.42,72.03,215.04,0.6472,-1,-1,-1
226,17,759.77,393.89,95.05,287.64,0.7940,-1,-1,-1
226,16,498.65,300.69,208.57,533.32,0.8716,-1,-1,-1
226,14,1038.31,422.90,82.90,212.81,0.7551,-1,-1,-1
226,8,340.48,381.82,170.45,438.14,0.8617,-1,-1,-1
226,5,1179.27,313.52,187.31,558.11,0.8712,-1,-1,-1
226,2,837.33,301.72,195.30,586.87,0.8722,-1,-1,-1
227,18,671.76,403.13,73.27,218.12,0.6699,-1,-1,-1
227,17,754.71,393.59,101.92,290.28,0.7859,-1,-1,-1
227,16,492.19,296.27,212.83,546.97,0.8763,-1,-1,-1
227,14,1041.10,427.02,85.96,207.69,0.7622,-1,-1,-1
227,8,333.96,378.64,171.08,449.35,0.8501,-1,-1,-1
227,5,1182.45,314.76,188.58,558.32,0.8638,-1,-1,-1
227,2,837.80,301.30,197.44,578.67,0.8734,-1,-1,-1
228,18,666.98,400.66,78.99,226.77,0.6484,-1,-1,-1
228,17,754.53,393.24,104.97,293.21,0.7976,-1,-1,-1
228,16,472.08,291.70,231.99,554.13,0.8746,-1,-1,-1
228,14,1043.26,419.80,85.52,214.31,0.7658,-1,-1,-1
228,8,330.43,371.38,162.25,464.11,0.8496,-1,-1,-1
228,5,1184.36,315.47,187.28,564.09,0.8641,-1,-1,-1
228,2,841.16,298.47,195.22,597.88,0.8665,-1,-1,-1
229,18,663.00,401.09,81.07,226.55,0.6377,-1,-1,-1
229,17,754.66,393.79,103.07,296.21,0.8026,-1,-1,-1
229,16,471.54,291.03,227.07,554.86,0.8691,-1,-1,-1
229,14,1046.73,420.58,82.76,213.13,0.7604,-1,-1,-1
229,8,321.00,368.72,162.26,474.52,0.8458,-1,-1,-1
229,5,1184.05,316.70,187.18,565.46,0.8665,-1,-1,-1
229,2,848.67,296.37,188.93,592.83,0.8580,-1,-1,-1
230,18,658.28,397.89,86.13,231.95,0.6842,-1,-1,-1
230,17,755.24,396.17,101.93,297.28,0.8083,-1,-1,-1
230,16,451.19,291.10,243.84,567.52,0.8506,-1,-1,-1
230,14,1048.49,419.04,80.28,216.31,0.7609,-1,-1,-1
230,8,307.89,371.67,175.34,482.58,0.8696,-1,-1,-1
230,5,1185.27,316.78,186.70,564.88,0.8679,-1,-1,-1
230,2,855.25,297.35,186.47,582.03,0.8512,-1,-1,-1
231,19,1850.03,401.65,66.56,89.18,0.5354,-1,-1,-1
231,18,653.01,397.82,91.59,245.76,0.6946,-1,-1,-1
231,17,755.18,395.75,102.06,300.34,0.8188,-1,-1,-1
231,16,444.19,288.78,248.57,582.03,0.8316,-1,-1,-1
231,14,1047.68,416.66,80.68,219.23,0.7491,-1,-1,-1
231,8,293.52,376.88,177.75,480.57,0.8452,-1,-1,-1
231,5,1184.56,315.81,187.08,567.49,0.8617,-1,-1,-1
231,2,862.30,298.69,180.77,574.55,0.8567,-1,-1,-1
232,19,1851.41,402.77,65.30,91.17,0.5292,-1,-1,-1
232,18,646.36,398.72,93.24,267.73,0.7757,-1,-1,-1
232,17,749.81,400.65,102.62,300.02,0.8368,-1,-1,-1
232,16,438.13,287.63,243.50,589.49,0.8571,-1,-1,-1
232,14,1045.08,422.25,79.47,214.60,0.7542,-1,-1,-1
232,8,275.21,372.91,178.15,494.67,0.8270,-1,-1,-1
232,5,1182.76,316.40,186.80,570.85,0.8625,-1,-1,-1
232,2,863.02,298.64,179.63,574.20,0.8496,-1,-1,-1
233,19,1849.15,408.39,66.94,88.21,0.5331,-1,-1,-1
233,18,636.62,406.21,95.50,279.61,0.7755,-1,-1,-1
233,17,734.43,394.83,112.43,307.34,0.8272,-1,-1,-1
233,16,425.94,284.65,245.90,606.44,0.8819,-1,-1,-1
233,14,1042.21,422.07,79.99,220.13,0.7542,-1,-1,-1
233,8,252.64,370.37,194.16,511.10,0.8721,-1,-1,-1
233,5,1178.74,318.32,190.36,577.42,0.8611,-1,-1,-1
233,2,855.88,301.80,183.96,583.79,0.8623,-1,-1,-1
234,18,630.72,403.69,96.98,287.43,0.7805,-1,-1,-1
234,17,735.12,391.03,107.57,312.81,0.8215,-1,-1,-1
234,16,410.69,280.41,242.87,616.85,0.8917,-1,-1,-1
234,14,1036.36,426.75,81.25,217.97,0.7213,-1,-1,-1
234,8,247.67,367.78,189.58,522.69,0.8781,-1,-1,-1
234,5,1173.09,322.04,194.18,574.78,0.8715,-1,-1,-1
234,2,856.45,303.18,184.38,585.35,0.8706,-1,-1,-1
235,18,624.46,404.80,94.64,289.96,0.7867,-1,-1,-1
235,17,722.08,391.43,111.48,314.37,0.8083,-1,-1,-1
235,16,394.78,272.51,248.29,626.60,0.8765,-1,-1,-1
235,14,1037.28,426.69,78.81,217.16,0.7092,-1,-1,-1
235,8,231.87,363.70,190.33,534.25,0.8850,-1,-1,-1
235,5,1162.85,320.96,199.45,577.32,0.8778,-1,-1,-1
235,2,855.45,304.31,185.17,588.89,0.8744,-1,-1,-1
236,19,1850.16,415.87,65.61,85.60,0.5014,-1,-1,-1
236,18,612.69,405.89,100.88,302.83,0.8305,-1,-1,-1
236,17,721.78,392.31,108.81,319.21,0.7960,-1,-1,-1
236,16,386.18,269.35,241.81,635.65,0.8691,-1,-1,-1
236,14,1032.22,428.95,82.21,213.55,0.6683,-1,-1,-1
236,8,218.20,362.86,194.41,536.18,0.8437,-1,-1,-1
236,5,1156.67,323.43,204.51,576.43,0.8717,-1,-1,-1
236,2,856.96,307.41,181.22,589.95,0.8761,-1,-1,-1
237,19,1849.18,416.24,66.91,88.28,0.5012,-1,-1,-1
237,18,607.12,406.47,98.62,304.76,0.7909,-1,-1,-1
237,17,708.82,393.47,118.75,322.22,0.7992,-1,-1,-1
237,16,375.60,265.77,242.20,642.46,0.8657,-1,-1,-1
237,14,1035.35,427.68,76.68,219.84,0.6896,-1,-1,-1
237,8,203.59,360.86,198.60,542.83,0.8654,-1,-1,-1
237,5,1153.31,325.09,208.41,570.00,0.8788,-1,-1,-1
237,2,858.57,312.10,177.23,588.93,0.8785,-1,-1,-1
238,19,1846.42,416.12,69.10,91.89,0.5427,-1,-1,-1
238,18,598.87,406.32,102.90,306.12,0.7959,-1,-1,-1
238,17,713.84,388.18,112.41,327.16,0.8140,-1,-1,-1
238,16,360.09,260.08,239.86,658.13,0.8688,-1,-1,-1
238,14,1036.80,427.02,74.32,222.35,0.5363,-1,-1,-1
238,8,190.14,351.12,197.87,557.64,0.8589,-1,-1,-1
238,5,1148.12,329.39,213.43,562.91,0.8780,-1,-1,-1
238,2,857.89,312.90,174.13,592.86,0.8762,-1,-1,-1
239,19,1847.22,418.58,65.98,91.27,0.5648,-1,-1,-1
239,18,593.06,404.96,101.02,312.44,0.7616,-1,-1,-1
239,17,701.99,387.64,118.87,331.16,0.8319,-1,-1,-1
239,16,337.11,257.71,256.20,661.69,0.8638,-1,-1,-1
239,14,1031.87,426.89,71.42,225.76,0.5558,-1,-1,-1
239,8,176.09,349.81,192.67,565.50,0.8871,-1,-1,-1
239,5,1145.95,327.76,212.44,564.02,0.8812,-1,-1,-1
239,2,856.24,318.65,173.43,590.67,0.8674,-1,-1,-1
240,19,1841.22,420.93,68.58,92.51,0.5892,-1,-1,-1
240,18,588.56,407.24,100.92,313.43,0.7664,-1,-1,-1
240,17,697.50,388.10,119.14,334.59,0.8188,-1,-1,-1
240,16,307.49,252.64,282.96,670.55,0.8766,-1,-1,-1
240,14,1030.47,433.82,73.98,228.30,0.5879,-1,-1,-1
240,8,151.89,345.64,205.20,575.23,0.8435,-1,-1,-1
240,5,1135.83,327.29,218.72,568.24,0.8883,-1,-1,-1
240,2,850.44,322.90,169.82,589.44,0.8587,-1,-1,-1
241,18,578.39,407.08,102.32,323.10,0.8254,-1,-1,-1
241,17,692.01,389.94,120.95,334.55,0.8160,-1,-1,-1
241,16,305.55,250.48,264.10,676.98,0.8830,-1,-1,-1
241,8,136.28,347.71,207.21,572.43,0.8463,-1,-1,-1
241,5,1132.37,326.35,216.96,571.46,0.8764,-1,-1,-1
241,2,844.00,323.34,168.30,589.36,0.8660,-1,-1,-1
242,18,569.34,403.85,103.16,328.17,0.8342,-1,-1,-1
242,17,682.74,389.83,121.94,338.09,0.8128,-1,-1,-1
242,16,282.27,245.62,280.17,696.07,0.8867,-1,-1,-1
242,14,1012.45,424.01,78.43,233.49,0.5242,-1,-1,-1
242,8,98.57,340.00,232.24,590.83,0.8461,-1,-1,-1
242,5,1130.06,328.48,215.50,570.27,0.8684,-1,-1,-1
242,2,833.73,324.11,169.75,588.45,0.8503,-1,-1,-1
243,19,1825.83,420.67,71.21,94.31,0.5534,-1,-1,-1
243,18,553.66,402.72,113.23,330.47,0.8132,-1,-1,-1
243,17,681.33,389.62,115.33,343.27,0.8159,-1,-1,-1
243,16,247.19,241.24,305.98,720.37,0.8871,-1,-1,-1
243,14,1007.73,426.33,78.30,242.73,0.5489,-1,-1,-1
243,8,81.74,338.49,231.91,597.53,0.8168,-1,-1,-1
243,5,1124.59,329.50,213.75,571.80,0.8706,-1,-1,-1
243,2,824.78,318.63,174.59,592.10,0.8415,-1,-1,-1
244,19,1823.64,421.52,70.68,92.11,0.5685,-1,-1,-1
244,18,543.50,400.20,114.10,338.44,0.7690,-1,-1,-1
244,17,675.67,392.86,113.38,342.01,0.8387,-1,-1,-1
244,16,214.53,236.75,327.79,761.36,0.8653,-1,-1,-1
244,14,1005.32,426.07,78.65,234.31,0.6817,-1,-1,-1
244,8,64.22,336.12,231.91,629.47,0.8239,-1,-1,-1
244,5,1117.78,332.58,215.62,571.09,0.8609,-1,-1,-1
244,2,815.19,317.16,178.88,591.93,0.8400,-1,-1,-1
245,19,1821.61,422.03,68.10,92.47,0.5657,-1,-1,-1
245,18,531.78,398.77,114.79,345.53,0.7877,-1,-1,-1
245,17,666.01,393.57,118.22,345.58,0.8310,-1,-1,-1
245,16,202.78,236.77,328.22,746.95,0.8578,-1,-1,-1
245,14,1003.68,411.96,75.91,242.44,0.5797,-1,-1,-1
245,8,21.88,336.08,256.38,635.55,0.8574,-1,-1,-1
245,5,1114.56,333.05,214.97,571.31,0.8653,-1,-1,-1
245,2,802.09,316.75,185.18,585.88,0.8471,-1,-1,-1
246,19,1818.03,422.08,67.72,91.88,0.5318,-1,-1,-1
246,18,520.52,397.40,121.73,350.35,0.8030,-1,-1,-1
246,17,653.00,392.14,123.25,353.61,0.8207,-1,-1,-1
246,16,183.17,233.10,339.98,802.34,0.8850,-1,-1,-1
246,14,998.79,418.86,74.83,231.10,0.6104,-1,-1,-1
246,8,14.01,334.36,243.70,643.23,0.8508,-1,-1,-1
246,5,1109.78,333.35,217.74,573.56,0.8730,-1,-1,-1
246,2,792.95,316.58,193.04,577.06,0.8483,-1,-1,-1
247,19,1810.35,420.37,70.28,92.68,0.5252,-1,-1,-1
247,18,514.10,398.61,117.28,359.38,0.7666,-1,-1,-1
247,17,646.53,393.40,126.95,355.61,0.8231,-1,-1,-1
247,16,146.36,230.35,363.36,814.46,0.8750,-1,-1,-1
247,14,995.14,432.07,74.37,220.21,0.5127,-1,-1,-1
247,8,0.00,336.37,245.43,657.30,0.8650,-1,-1,-1
247,5,1105.25,335.60,220.55,573.53,0.8730,-1,-1,-1
247,2,789.00,316.74,195.46,576.22,0.8436,-1,-1,-1
248,18,505.78,400.10,115.37,366.85,0.8087,-1,-1,-1
248,17,640.39,397.56,125.08,358.21,0.7830,-1,-1,-1
248,16,110.11,230.12,386.67,810.26,0.8776,-1,-1,-1
248,8,0.00,335.83,233.09,679.50,0.8501,-1,-1,-1
248,5,1100.34,335.76,221.53,583.98,0.8771,-1,-1,-1
248,2,783.50,320.21,203.47,577.25,0.8275,-1,-1,-1
249,18,497.28,403.55,122.69,377.31,0.7966,-1,-1,-1
249,17,631.71,395.47,131.56,368.14,0.7800,-1,-1,-1
249,16,95.30,225.64,382.67,837.62,0.8827,-1,-1,-1
249,8,0.00,354.99,202.57,685.96,0.8293,-1,-1,-1
249,5,1101.90,338.68,218.32,586.94,0.8771,-1,-1,-1
249,2,779.45,323.00,194.19,578.94,0.8299,-1,-1,-1
250,20,937.80,373.30,71.78,378.00,0.5598,-1,-1,-1
250,18,493.61,406.96,120.27,379.89,0.7876,-1,-1,-1
250,17,628.85,396.12,131.55,373.13,0.8157,-1,-1,-1
250,16,81.27,220.85,382.19,848.85,0.8587,-1,-1,-1
250,8,0.19,342.78,184.90,724.21,0.8306,-1,-1,-1
250,5,1102.05,339.46,217.76,589.13,0.8789,-1,-1,-1
250,2,775.44,321.61,196.26,584.14,0.8366,-1,-1,-1
251,18,486.66,412.85,127.08,380.75,0.8384,-1,-1,-1
251,17,625.68,398.53,133.74,376.02,0.8166,-1,-1,-1
251,16,73.75,216.72,372.86,856.88,0.8853,-1,-1,-1
251,8,0.22,338.74,174.03,730.92,0.8394,-1,-1,-1
251,5,1103.50,338.49,216.62,592.42,0.8795,-1,-1,-1
251,2,774.82,326.97,195.06,586.50,0.8484,-1,-1,-1
252,18,478.26,414.53,132.44,382.48,0.8333,-1,-1,-1
252,17,610.60,399.87,146.28,379.97,0.8205,-1,-1,-1
252,16,68.90,210.85,364.19,863.12,0.8886,-1,-1,-1
252,8,0.40,338.34,156.65,732.58,0.8276,-1,-1,-1
252,5,1104.28,341.52,216.41,591.63,0.8808,-1,-1,-1
252,2,774.45,329.32,190.25,591.92,0.8512,-1,-1,-1
253,18,473.14,412.76,136.12,389.96,0.8361,-1,-1,-1
253,17,602.17,397.24,153.19,378.39,0.8347,-1,-1,-1
253,16,70.42,201.84,349.50,865.43,0.9057,-1,-1,-1
253,8,0.58,335.50,138.35,738.80,0.8348,-1,-1,-1
253,5,1109.81,340.73,214.12,595.57,0.8716,-1,-1,-1
253,2,773.98,330.20,190.97,597.65,0.8523,-1,-1,-1
254,20,943.65,391.01,111.83,373.50,0.6339,-1,-1,-1
254,18,470.69,416.65,134.03,395.74,0.8382,-1,-1,-1
254,17,603.35,399.03,152.97,380.31,0.8475,-1,-1,-1
254,16,50.53,197.03,352.62,871.88,0.9119,-1,-1,-1
254,8,1.09,336.80,123.59,735.51,0.8302,-1,-1,-1
254,5,1112.65,339.58,211.15,591.84,0.8703,-1,-1,-1
254,2,775.05,334.46,194.29,595.65,0.8485,-1,-1,-1
255,20,945.73,396.96,120.02,369.60,0.6908,-1,-1,-1
255,18,469.49,416.34,133.86,400.30,0.8348,-1,-1,-1
255,17,601.15,399.54,156.25,384.14,0.8397,-1,-1,-1
255,16,31.77,188.02,364.47,884.14,0.9113,-1,-1,-1
255,8,0.95,333.24,105.63,740.58,0.7595,-1,-1,-1
255,5,1116.12,337.99,213.83,589.83,0.8780,-1,-1,-1
255,2,777.56,339.45,200.08,592.97,0.8591,-1,-1,-1
256,20,949.08,396.49,127.31,372.48,0.6646,-1,-1,-1
256,19,1822.49,424.56,84.71,92.94,0.5408,-1,-1,-1
256,18,466.60,415.59,139.80,407.36,0.8295,-1,-1,-1
256,17,596.83,402.10,163.15,388.39,0.8377,-1,-1,-1
256,16,14.24,178.14,375.29,896.73,0.9073,-1,-1,-1
256,8,0.63,334.24,93.07,736.82,0.7023,-1,-1,-1
256,5,1121.27,341.60,215.82,583.12,0.8771,-1,-1,-1
256,2,786.33,347.02,192.16,588.13,0.8654,-1,-1,-1
257,20,954.80,423.14,127.60,348.20,0.5346,-1,-1,-1
257,18,464.83,415.66,140.40,411.82,0.8237,-1,-1,-1
257,17,595.83,400.79,162.25,397.57,0.8299,-1,-1,-1
257,16,7.31,180.25,372.67,887.51,0.9080,-1,-1,-1
257,8,0.00,430.24,82.00,634.26,0.5348,-1,-1,-1
257,5,1128.39,341.87,213.30,578.71,0.8827,-1,-1,-1
257,2,791.22,352.30,193.94,581.88,0.8738,-1,-1,-1
258,20,961.21,441.66,125.66,328.39,0.5035,-1,-1,-1
258,18,464.13,412.74,137.13,414.29,0.8268,-1,-1,-1
258,17,593.45,400.77,164.20,405.91,0.8384,-1,-1,-1
258,16,1.57,174.08,373.40,893.57,0.9188,-1,-1,-1
258,5,1134.62,340.47,211.11,580.97,0.8779,-1,-1,-1
258,2,797.62,349.90,190.26,584.69,0.8659,-1,-1,-1
259,20,963.10,426.11,125.74,345.53,0.5845,-1,-1,-1
259,18,458.56,409.62,137.09,413.81,0.8326,-1,-1,-1
259,17,586.67,405.10,170.67,401.44,0.8511,-1,-1,-1
259,16,0.00,168.54,371.60,899.46,0.9223,-1,-1,-1
259,5,1139.11,340.51,208.81,581.30,0.8936,-1,-1,-1
259,2,800.37,350.37,191.09,587.34,0.8702,-1,-1,-1
260,20,979.96,431.73,113.67,336.76,0.5952,-1,-1,-1
260,18,452.17,407.27,142.74,421.43,0.8239,-1,-1,-1
260,17,583.51,409.85,174.33,401.03,0.8414,-1,-1,-1
260,16,0.00,159.12,366.40,910.66,0.9303,-1,-1,-1
260,5,1145.64,339.90,205.36,588.43,0.8958,-1,-1,-1
260,2,804.83,347.37,192.14,588.73,0.8502,-1,-1,-1
261,20,976.32,430.71,119.83,341.78,0.6731,-1,-1,-1
261,18,449.46,403.80,143.94,424.85,0.8192,-1,-1,-1
261,17,586.00,411.04,169.14,405.67,0.8246,-1,-1,-1
261,16,0.00,150.32,359.03,921.79,0.9334,-1,-1,-1
261,5,1148.27,340.28,204.23,589.56,0.9040,-1,-1,-1
261,2,817.63,343.23,183.03,573.99,0.8507,-1,-1,-1
262,21,783.93,455.29,58.49,207.86,0.5735,-1,-1,-1
262,20,977.04,428.51,123.34,344.31,0.6616,-1,-1,-1
262,18,445.24,403.61,143.65,433.24,0.8476,-1,-1,-1
262,17,592.75,411.04,157.03,409.12,0.7842,-1,-1,-1
262,16,0.00,142.51,348.72,930.42,0.9328,-1,-1,-1
262,5,1151.58,339.47,203.69,591.31,0.9056,-1,-1,-1
262,2,822.38,341.30,180.98,567.85,0.8614,-1,-1,-1
263,21,784.31,451.20,60.90,212.34,0.5929,-1,-1,-1
263,20,984.53,426.11,121.47,346.51,0.6632,-1,-1,-1
263,18,439.46,400.39,144.02,440.76,0.8473,-1,-1,-1
263,17,589.32,407.44,153.52,420.03,0.7176,-1,-1,-1
263,16,0.14,129.00,336.38,943.03,0.9311,-1,-1,-1
263,5,1156.18,336.90,202.53,594.60,0.9056,-1,-1,-1
263,2,826.85,341.00,175.41,564.92,0.8498,-1,-1,-1
264,21,787.18,448.49,58.74,216.78,0.6359,-1,-1,-1
264,20,983.66,420.25,131.94,353.58,0.6286,-1,-1,-1
264,18,425.00,394.45,158.58,456.66,0.8482,-1,-1,-1
264,17,585.52,403.19,152.43,425.95,0.7754,-1,-1,-1
264,16,0.40,122.70,322.42,946.99,0.9193,-1,-1,-1
264,5,1158.28,335.69,203.05,595.98,0.8981,-1,-1,-1
264,2,825.73,339.77,176.64,564.24,0.8389,-1,-1,-1
265,21,786.58,444.77,62.15,229.44,0.6921,-1,-1,-1
265,20,997.31,413.12,125.31,357.36,0.7844,-1,-1,-1
265,18,413.33,394.96,164.71,455.31,0.8464,-1,-1,-1
265,17,583.42,395.90,146.34,423.27,0.7812,-1,-1,-1
265,16,0.60,114.09,303.68,953.41,0.8963,-1,-1,-1
265,5,1159.27,333.82,203.63,598.43,0.8976,-1,-1,-1
265,2,829.88,328.94,169.57,569.75,0.8412,-1,-1,-1
266,21,785.79,443.74,65.55,229.52,0.7491,-1,-1,-1
266,20,997.23,408.11,139.72,359.76,0.7645,-1,-1,-1
266,18,405.48,397.60,159.41,454.69,0.8254,-1,-1,-1
266,17,574.17,389.07,151.96,427.92,0.7627,-1,-1,-1
266,16,0.62,120.03,279.86,940.30,0.8295,-1,-1,-1
266,5,1160.50,331.40,203.24,601.75,0.8978,-1,-1,-1
266,2,832.42,323.67,168.83,578.30,0.8497,-1,-1,-1
267,21,786.29,442.65,67.97,234.90,0.7602,-1,-1,-1
267,20,1008.04,405.50,131.46,359.42,0.7736,-1,-1,-1
267,18,404.23,389.70,152.77,465.77,0.8342,-1,-1,-1
267,17,544.76,378.83,179.24,446.33,0.8280,-1,-1,-1
267,16,0.34,240.87,250.73,813.98,0.8200,-1,-1,-1
267,5,1162.65,330.35,203.22,603.45,0.8954,-1,-1,-1
267,2,837.03,323.43,164.95,579.23,0.8438,-1,-1,-1
268,21,785.26,441.29,71.70,236.10,0.7922,-1,-1,-1
268,20,1011.21,403.62,130.11,362.90,0.8020,-1,-1,-1
268,18,402.01,389.80,153.20,469.29,0.8424,-1,-1,-1
268,17,552.30,373.78,168.22,453.03,0.8387,-1,-1,-1
268,16,0.44,239.15,208.85,750.35,0.8357,-1,-1,-1
268,5,1163.01,327.66,203.43,604.70,0.8972,-1,-1,-1
268,2,843.59,324.30,155.97,580.35,0.8447,-1,-1,-1
269,21,784.59,438.44,70.86,234.84,0.7774,-1,-1,-1
269,20,1002.57,400.65,142.90,371.92,0.7270,-1,-1,-1
269,18,393.86,379.23,156.28,483.00,0.8692,-1,-1,-1
269,17,548.27,362.15,167.10,464.37,0.8324,-1,-1,-1
269,16,0.36,222.74,182.46,821.73,0.8226,-1,-1,-1
269,5,1162.41,324.38,204.48,612.58,0.8879,-1,-1,-1
269,2,847.34,325.14,151.04,579.58,0.8459,-1,-1,-1
270,21,782.78,434.26,71.14,231.89,0.7537,-1,-1,-1
270,20,1002.61,396.46,147.18,373.37,0.6428,-1,-1,-1
270,18,384.42,369.53,164.32,489.87,0.8760,-1,-1,-1
270,17,543.13,350.40,171.82,474.01,0.8409,-1,-1,-1
270,16,0.08,219.85,152.52,511.90,0.5937,-1,-1,-1
270,5,1161.17,317.40,203.60,615.58,0.8820,-1,-1,-1
270,2,830.92,319.60,168.37,582.99,0.8153,-1,-1,-1
271,21,780.68,430.17,71.56,231.59,0.7619,-1,-1,-1
271,20,1010.47,396.36,137.93,373.97,0.7599,-1,-1,-1
271,18,374.34,364.18,170.92,495.02,0.8749,-1,-1,-1
271,17,536.19,347.88,175.54,474.41,0.8422,-1,-1,-1
271,5,1160.83,316.05,202.59,610.82,0.8906,-1,-1,-1
271,2,832.32,320.77,164.59,578.72,0.7983,-1,-1,-1
272,21,776.10,425.38,71.79,227.58,0.7917,-1,-1,-1
272,20,1009.79,393.82,137.91,372.29,0.7888,-1,-1,-1
272,18,355.89,350.94,171.29,508.13,0.8721,-1,-1,-1
272,17,530.22,344.72,174.73,477.17,0.8574,-1,-1,-1
272,5,1159.12,309.21,200.38,610.05,0.8949,-1,-1,-1
272,2,839.67,318.31,148.12,576.20,0.8418,-1,-1,-1
273,21,768.08,418.89,74.41,227.74,0.7439,-1,-1,-1
273,20,1007.47,391.63,138.23,374.77,0.7886,-1,-1,-1
273,18,341.25,343.13,169.76,512.72,0.8806,-1,-1,-1
273,17,524.36,340.01,171.72,478.31,0.8676,-1,-1,-1
273,5,1154.69,304.81,201.07,609.02,0.8988,-1,-1,-1
273,2,830.35,317.41,154.49,570.82,0.8372,-1,-1,-1
274,21,765.67,412.85,71.34,242.35,0.7058,-1,-1,-1
274,20,998.03,387.26,146.49,378.33,0.7956,-1,-1,-1
274,18,330.99,333.42,166.25,517.69,0.8700,-1,-1,-1
274,17,518.48,334.79,181.72,489.84,0.8622,-1,-1,-1
274,5,1149.85,301.47,204.14,604.07,0.8962,-1,-1,-1
274,2,825.57,306.38,155.25,577.83,0.8516,-1,-1,-1
275,21,758.34,403.16,71.37,251.27,0.6670,-1,-1,-1
275,20,987.39,380.36,154.52,382.29,0.8150,-1,-1,-1
275,18,316.22,321.48,177.47,524.80,0.8608,-1,-1,-1
275,17,506.81,325.89,187.38,496.93,0.8633,-1,-1,-1
275,5,1138.78,293.93,212.65,599.29,0.8891,-1,-1,-1
275,2,811.98,300.99,169.09,575.37,0.8568,-1,-1,-1
276,21,752.38,398.53,69.02,252.74,0.6718,-1,-1,-1
276,20,981.93,372.78,154.81,387.91,0.8268,-1,-1,-1
276,18,299.26,316.77,183.08,531.56,0.8738,-1,-1,-1
276,17,498.34,317.98,187.80,507.43,0.8690,-1,-1,-1
276,5,1135.52,288.65,213.86,594.44,0.8892,-1,-1,-1
276,2,804.39,288.05,165.26,582.82,0.8376,-1,-1,-1
277,21,743.82,392.16,68.17,247.65,0.6602,-1,-1,-1
277,20,993.64,366.29,139.43,394.91,0.7620,-1,-1,-1
277,18,288.64,302.62,176.43,548.83,0.8822,-1,-1,-1
277,17,488.77,304.58,188.10,508.53,0.8566,-1,-1,-1
277,5,1130.20,280.51,216.15,595.31,0.8845,-1,-1,-1
277,2,796.98,282.30,164.98,566.82,0.8437,-1,-1,-1
278,21,740.82,388.03,63.35,237.77,0.6231,-1,-1,-1
278,20,977.47,354.27,153.72,400.07,0.7672,-1,-1,-1
278,18,273.69,301.38,176.42,554.41,0.8597,-1,-1,-1
278,17,481.03,298.22,182.95,527.29,0.8625,-1,-1,-1
278,5,1124.80,274.86,215.05,596.62,0.8731,-1,-1,-1
278,2,785.85,277.98,168.79,561.11,0.8565,-1,-1,-1
279,21,732.99,376.35,66.46,242.29,0.6374,-1,-1,-1
279,20,976.46,345.22,153.60,402.80,0.7963,-1,-1,-1
279,18,257.54,293.80,188.18,569.38,0.8748,-1,-1,-1
279,17,473.18,294.65,183.69,531.14,0.8795,-1,-1,-1
279,5,1121.76,266.30,217.54,597.51,0.8720,-1,-1,-1
279,2,775.49,268.74,176.79,563.70,0.8402,-1,-1,-1
280,21,730.14,370.67,65.89,246.97,0.6923,-1,-1,-1
280,20,981.44,334.28,148.28,407.70,0.7760,-1,-1,-1
280,18,246.09,277.99,188.22,581.98,0.8669,-1,-1,-1
280,17,469.59,281.31,183.33,545.47,0.8746,-1,-1,-1
280,5,1117.72,256.63,220.17,602.23,0.8696,-1,-1,-1
280,2,773.68,259.89,172.93,562.30,0.8442,-1,-1,-1
281,23,922.82,278.34,83.01,421.20,0.6057,-1,-1,-1
281,21,729.20,366.61,61.18,234.62,0.6351,-1,-1,-1
281,20,983.05,319.38,148.10,420.16,0.7970,-1,-1,-1
281,18,234.17,270.78,200.04,590.49,0.8721,-1,-1,-1
281,17,463.99,271.33,187.91,554.40,0.8881,-1,-1,-1
281,5,1120.49,250.43,217.92,600.80,0.8828,-1,-1,-1
281,2,776.56,250.61,173.11,555.65,0.8473,-1,-1,-1
282,21,727.56,354.67,62.70,247.58,0.6158,-1,-1,-1
282,20,986.17,306.65,144.36,422.54,0.7747,-1,-1,-1
282,18,225.57,250.40,205.83,600.29,0.8828,-1,-1,-1
282,17,458.97,244.96,193.28,573.13,0.8818,-1,-1,-1
282,5,1117.03,239.72,219.91,606.50,0.8779,-1,-1,-1
282,2,762.27,236.78,187.45,571.15,0.8555,-1,-1,-1
283,23,920.01,262.37,73.60,414.48,0.5167,-1,-1,-1
283,21,726.06,345.55,62.52,252.55,0.6340,-1,-1,-1
283,20,984.45,298.30,148.04,429.62,0.7853,-1,-1,-1
283,18,211.79,237.91,214.70,610.77,0.8723,-1,-1,-1
283,17,452.54,228.62,199.13,576.59,0.8750,-1,-1,-1
283,5,1118.95,228.38,221.79,608.44,0.8831,-1,-1,-1
283,2,762.17,230.63,188.30,569.32,0.8245,-1,-1,-1
284,23,918.92,254.57,73.49,418.92,0.5821,-1,-1,-1
284,21,724.73,341.97,64.39,244.17,0.6227,-1,-1,-1
284,20,976.67,288.63,162.03,435.87,0.7919,-1,-1,-1
284,18,204.38,225.72,216.91,630.21,0.8726,-1,-1,-1
284,17,442.34,220.69,210.47,573.18,0.8763,-1,-1,-1
284,5,1120.94,220.47,222.94,616.15,0.8842,-1,-1,-1
284,2,764.34,222.98,188.70,569.13,0.8240,-1,-1,-1
285,21,725.71,332.79,65.59,251.57,0.6385,-1,-1,-1
285,20,980.75,282.55,162.03,439.57,0.7200,-1,-1,-1
285,18,194.04,212.82,222.96,635.58,0.8813,-1,-1,-1
285,17,435.47,207.38,218.70,591.03,0.8819,-1,-1,-1
285,5,1122.33,212.80,225.34,619.95,0.8894,-1,-1,-1
285,2,767.98,215.30,184.72,573.95,0.8502,-1,-1,-1
286,21,724.54,323.37,69.46,254.13,0.6690,-1,-1,-1
286,20,972.57,273.08,179.30,457.08,0.7824,-1,-1,-1
286,18,180.54,200.15,226.20,645.64,0.8713,-1,-1,-1
286,17,434.88,191.13,219.42,596.78,0.8973,-1,-1,-1
286,5,1124.96,206.38,225.25,623.87,0.8912,-1,-1,-1
286,2,772.65,210.54,182.03,573.74,0.8569,-1,-1,-1
287,23,922.31,232.37,80.20,421.57,0.5895,-1,-1,-1
287,21,726.09,312.85,72.99,260.88,0.7310,-1,-1,-1
287,20,973.80,261.37,185.59,458.65,0.7522,-1,-1,-1
287,18,172.84,186.54,227.90,653.87,0.8782,-1,-1,-1
287,17,432.60,178.16,221.81,607.26,0.9020,-1,-1,-1
287,5,1125.13,201.89,233.39,619.24,0.8860,-1,-1,-1
287,2,779.55,203.63,175.35,574.01,0.8645,-1,-1,-1
288,21,731.01,304.38,70.20,260.84,0.7738,-1,-1,-1
288,20,987.09,258.49,180.90,462.38,0.6565,-1,-1,-1
288,18,168.06,177.65,226.54,660.26,0.8819,-1,-1,-1
288,17,430.89,166.49,222.98,619.70,0.8978,-1,-1,-1
288,5,1141.01,191.94,226.43,624.63,0.8755,-1,-1,-1
288,2,778.61,200.43,180.77,569.47,0.8553,-1,-1,-1
289,23,928.80,224.75,73.84,400.93,0.5344,-1,-1,-1
289,21,731.85,298.12,73.99,269.06,0.7492,-1,-1,-1
289,20,1006.95,255.37,164.91,467.01,0.6330,-1,-1,-1
289,18,153.38,161.62,233.84,674.88,0.8979,-1,-1,-1
289,17,419.52,161.80,236.94,635.79,0.9002,-1,-1,-1
289,5,1147.70,184.57,229.77,627.49,0.8709,-1,-1,-1
289,2,782.28,189.73,187.02,568.92,0.8407,-1,-1,-1
290,21,734.89,295.91,74.08,265.99,0.7407,-1,-1,-1
290,20,1025.50,246.06,155.10,481.23,0.7886,-1,-1,-1
290,18,148.71,148.73,231.57,687.30,0.9037,-1,-1,-1
290,17,414.83,154.48,243.05,654.55,0.9080,-1,-1,-1
290,5,1160.60,183.28,222.27,623.24,0.8728,-1,-1,-1
290,2,789.37,189.25,191.15,570.24,0.8398,-1,-1,-1
291,21,738.61,288.40,76.79,268.42,0.7280,-1,-1,-1
291,20,1029.57,239.01,160.71,490.89,0.7919,-1,-1,-1
291,18,136.37,140.80,239.45,696.21,0.9061,-1,-1,-1
291,17,408.62,151.86,251.42,659.28,0.9072,-1,-1,-1
291,5,1175.03,179.54,214.36,621.18,0.8647,-1,-1,-1
291,2,798.50,184.92,182.52,565.28,0.8223,-1,-1,-1
292,21,740.10,282.76,81.31,272.52,0.7387,-1,-1,-1
292,20,1032.97,232.76,167.13,490.53,0.8051,-1,-1,-1
292,18,129.57,135.42,234.09,711.45,0.9045,-1,-1,-1
292,17,404.66,150.97,257.40,672.02,0.9081,-1,-1,-1
292,5,1183.13,172.40,216.32,616.28,0.8790,-1,-1,-1
292,2,797.85,181.10,188.88,559.24,0.8275,-1,-1,-1
293,23,961.54,200.94,92.49,415.07,0.6720,-1,-1,-1
293,21,744.80,278.46,84.01,273.98,0.7462,-1,-1,-1
293,20,1036.80,230.29,179.63,495.75,0.8317,-1,-1,-1
293,18,109.00,134.88,247.88,736.13,0.8796,-1,-1,-1
293,17,399.51,146.69,259.27,689.82,0.9056,-1,-1,-1
293,5,1192.11,170.60,213.43,608.34,0.8885,-1,-1,-1
293,2,810.32,175.28,182.17,552.61,0.8413,-1,-1,-1
294,23,964.86,200.55,98.13,431.60,0.7163,-1,-1,-1
294,21,750.68,279.24,87.99,273.41,0.7554,-1,-1,-1
294,20,1045.70,226.54,180.21,499.43,0.8480,-1,-1,-1
294,18,76.48,134.48,275.10,757.30,0.8919,-1,-1,-1
294,17,397.54,145.34,259.87,702.01,0.9051,-1,-1,-1
294,5,1209.39,170.51,207.21,610.95,0.8750,-1,-1,-1
294,2,820.14,172.72,177.29,553.10,0.8254,-1,-1,-1
295,23,971.80,201.85,87.03,431.62,0.6422,-1,-1,-1
295,21,757.33,278.98,89.28,277.04,0.7888,-1,-1,-1
295,20,1052.87,220.41,184.21,512.92,0.8542,-1,-1,-1
295,18,52.91,131.24,292.45,770.05,0.8917,-1,-1,-1
295,17,393.44,142.15,264.76,732.83,0.9053,-1,-1,-1
295,5,1225.02,171.66,199.16,614.61,0.8756,-1,-1,-1
295,2,828.39,182.81,179.15,549.96,0.8325,-1,-1,-1
296,23,973.32,200.42,97.15,428.74,0.6068,-1,-1,-1
296,21,759.98,277.20,92.86,279.13,0.7958,-1,-1,-1
296,20,1061.53,209.54,183.53,536.48,0.8659,-1,-1,-1
296,18,32.43,131.97,304.31,780.69,0.8953,-1,-1,-1
296,17,387.84,136.43,273.23,748.85,0.9053,-1,-1,-1
296,5,1236.26,173.18,195.72,617.73,0.8677,-1,-1,-1
296,2,838.79,176.07,172.13,556.00,0.8425,-1,-1,-1
297,23,979.16,208.20,115.07,411.08,0.6991,-1,-1,-1
297,21,768.61,276.49,88.76,278.17,0.7940,-1,-1,-1
297,20,1070.68,207.25,194.06,539.90,0.8557,-1,-1,-1
297,18,28.60,127.52,302.80,802.31,0.8992,-1,-1,-1
297,17,379.57,129.80,278.01,760.02,0.9120,-1,-1,-1
297,5,1250.72,172.24,192.09,627.21,0.8732,-1,-1,-1
297,2,851.65,178.03,160.84,556.75,0.8252,-1,-1,-1
298,23,986.04,215.53,102.67,418.35,0.6981,-1,-1,-1
298,21,773.36,278.85,89.07,273.27,0.8058,-1,-1,-1
298,20,1077.37,204.35,196.07,547.00,0.8600,-1,-1,-1
298,18,28.12,124.34,297.28,817.74,0.9006,-1,-1,-1
298,17,374.14,117.60,281.28,778.14,0.9057,-1,-1,-1
298,5,1261.65,171.80,188.37,631.58,0.8681,-1,-1,-1
298,2,856.97,180.18,163.87,556.57,0.8207,-1,-1,-1
299,23,991.79,202.10,97.98,429.36,0.6974,-1,-1,-1
299,21,778.39,277.70,91.22,279.46,0.7901,-1,-1,-1
299,20,1077.26,204.50,208.32,552.53,0.8726,-1,-1,-1
299,18,20.73,112.29,301.27,848.24,0.8969,-1,-1,-1
299,17,366.04,105.03,284.64,796.42,0.9076,-1,-1,-1
299,5,1263.21,168.71,191.10,636.95,0.8652,-1,-1,-1
299,2,866.53,181.46,155.95,555.70,0.8375,-1,-1,-1
300,23,998.49,201.58,96.04,426.18,0.7376,-1,-1,-1
300,21,781.50,277.06,94.65,279.36,0.7573,-1,-1,-1
300,20,1084.84,201.76,214.47,570.91,0.8651,-1,-1,-1
300,18,9.19,105.59,309.33,876.78,0.8934,-1,-1,-1
300,17,351.44,94.95,298.69,811.93,0.9086,-1,-1,-1
300,5,1256.35,168.66,205.08,640.93,0.8556,-1,-1,-1
300,2,867.51,184.64,156.51,559.39,0.8303,-1,-1,-1
