1,1,118.00,157.54,79.99,171.14,0.8484,-1,-1,-1
1,2,16.01,148.76,74.71,190.85,0.8159,-1,-1,-1
2,1,118.05,154.91,82.14,174.66,0.8474,-1,-1,-1
2,2,17.59,145.32,74.08,194.76,0.8564,-1,-1,-1
3,1,124.61,153.60,68.50,177.40,0.7125,-1,-1,-1
3,2,22.15,137.97,73.92,203.07,0.8289,-1,-1,-1
4,1,129.90,154.12,78.49,179.17,0.8467,-1,-1,-1
4,2,27.46,141.90,72.90,201.17,0.8197,-1,-1,-1
4,3,253.00,193.87,24.96,67.00,0.4797,-1,-1,-1
5,1,136.47,156.85,83.68,180.23,0.8143,-1,-1,-1
5,2,35.33,140.63,73.38,206.92,0.8697,-1,-1,-1
5,3,263.45,198.63,23.50,64.61,0.5432,-1,-1,-1
6,1,141.46,155.47,86.54,183.80,0.8338,-1,-1,-1
6,2,35.64,140.63,78.03,209.30,0.8531,-1,-1,-1
6,3,269.38,198.32,24.89,66.27,0.5848,-1,-1,-1
6,4,222.71,197.99,23.85,67.02,0.6154,-1,-1,-1
6,5,251.17,197.66,21.84,66.03,0.4303,-1,-1,-1
7,1,144.60,152.17,87.77,187.05,0.8595,-1,-1,-1
7,2,38.97,139.17,76.79,210.29,0.8357,-1,-1,-1
7,3,274.25,198.69,25.84,63.72,0.6744,-1,-1,-1
7,4,226.25,197.76,24.82,66.17,0.6563,-1,-1,-1
7,5,256.79,195.94,21.47,62.92,0.6028,-1,-1,-1
8,1,152.13,152.82,88.96,190.20,0.8705,-1,-1,-1
8,2,43.25,140.06,78.10,213.22,0.8246,-1,-1,-1
8,3,281.23,200.90,26.53,64.75,0.5862,-1,-1,-1
8,4,234.53,200.20,24.63,65.57,0.6827,-1,-1,-1
8,5,265.05,198.05,20.57,64.04,0.5556,-1,-1,-1
9,1,156.59,151.65,88.24,193.06,0.8672,-1,-1,-1
9,2,47.22,139.60,77.80,214.06,0.8304,-1,-1,-1
9,3,287.55,200.20,25.69,65.64,0.7195,-1,-1,-1
9,4,240.32,203.04,24.92,63.21,0.5636,-1,-1,-1
9,5,269.92,198.77,22.02,65.88,0.6477,-1,-1,-1
10,1,164.82,148.03,88.02,197.40,0.8699,-1,-1,-1
10,2,50.41,135.28,83.19,219.51,0.8570,-1,-1,-1
10,3,296.14,200.90,25.50,64.97,0.6351,-1,-1,-1
10,4,250.18,198.31,25.26,67.11,0.6476,-1,-1,-1
10,5,278.76,196.91,21.74,66.85,0.4569,-1,-1,-1
11,1,171.09,147.14,88.85,200.44,0.8611,-1,-1,-1
11,2,55.11,135.09,84.92,221.57,0.8677,-1,-1,-1
11,3,305.23,201.13,22.79,64.57,0.6469,-1,-1,-1
11,4,256.10,200.32,22.98,65.04,0.4890,-1,-1,-1
11,5,285.23,197.61,22.88,67.29,0.6966,-1,-1,-1
11,9,143.72,195.55,28.50,69.84,0.5637,-1,-1,-1
12,1,181.90,147.53,91.59,204.67,0.8704,-1,-1,-1
12,2,64.58,131.78,84.47,230.56,0.8809,-1,-1,-1
12,3,316.46,204.78,22.54,63.17,0.5016,-1,-1,-1
12,4,268.83,200.21,24.21,67.49,0.6251,-1,-1,-1
12,9,153.88,197.76,29.55,69.10,0.5749,-1,-1,-1
13,1,184.44,147.19,95.81,208.29,0.8587,-1,-1,-1
13,2,67.92,138.80,85.81,225.84,0.8563,-1,-1,-1
13,3,321.40,197.72,24.35,70.12,0.4617,-1,-1,-1
13,4,275.35,200.27,23.98,67.96,0.5106,-1,-1,-1
13,9,159.07,196.84,30.33,70.55,0.5691,-1,-1,-1
13,5,303.78,203.03,21.15,63.67,0.4761,-1,-1,-1
14,1,197.40,144.95,94.52,211.42,0.8290,-1,-1,-1
14,2,81.53,130.67,82.70,235.26,0.8715,-1,-1,-1
14,3,334.17,202.46,22.11,64.94,0.3741,-1,-1,-1
14,4,286.97,202.49,23.59,64.35,0.5899,-1,-1,-1
14,9,170.58,195.62,29.85,71.17,0.5988,-1,-1,-1
14,5,316.34,201.73,21.63,64.55,0.5775,-1,-1,-1
15,1,208.75,144.87,95.28,215.04,0.8599,-1,-1,-1
15,2,87.02,135.67,85.24,233.67,0.8602,-1,-1,-1
15,3,345.47,204.44,25.25,64.39,0.6195,-1,-1,-1
15,4,297.11,202.47,22.81,65.92,0.5773,-1,-1,-1
15,9,181.80,197.21,28.95,70.86,0.6604,-1,-1,-1
15,5,326.01,200.84,22.66,66.45,0.5191,-1,-1,-1
16,1,211.96,143.18,98.66,216.49,0.8458,-1,-1,-1
16,2,82.15,126.32,92.95,242.84,0.8776,-1,-1,-1
16,3,351.58,200.21,26.67,66.54,0.5434,-1,-1,-1
16,4,301.03,198.71,23.63,66.44,0.6868,-1,-1,-1
16,9,185.66,193.52,29.83,71.57,0.6426,-1,-1,-1
16,5,330.69,195.99,23.70,69.52,0.5508,-1,-1,-1
16,12,1.10,142.45,45.78,156.63,0.4308,-1,-1,-1
17,1,213.84,140.19,105.23,221.91,0.7738,-1,-1,-1
17,2,84.26,123.86,93.19,247.08,0.8982,-1,-1,-1
17,3,354.17,190.88,26.06,74.24,0.4913,-1,-1,-1
17,4,305.69,196.46,23.91,68.72,0.5980,-1,-1,-1
17,9,188.95,192.67,29.00,71.81,0.6422,-1,-1,-1
17,5,334.61,195.29,23.31,69.72,0.4471,-1,-1,-1
17,12,1.15,140.62,60.21,149.78,0.3768,-1,-1,-1
18,1,216.20,138.24,109.77,228.62,0.8572,-1,-1,-1
18,2,84.06,123.81,96.13,252.05,0.9013,-1,-1,-1
18,4,311.33,195.68,22.59,70.57,0.7058,-1,-1,-1
18,9,193.30,194.34,27.93,70.66,0.5464,-1,-1,-1
18,12,1.02,140.51,54.36,155.38,0.4964,-1,-1,-1
19,1,216.68,133.12,112.36,233.83,0.8666,-1,-1,-1
19,2,81.34,118.80,97.78,256.68,0.9064,-1,-1,-1
19,4,311.22,192.37,24.53,71.02,0.6221,-1,-1,-1
19,9,193.67,192.25,28.63,70.29,0.5145,-1,-1,-1
19,12,-0.18,137.38,47.60,156.83,0.3060,-1,-1,-1
20,1,214.34,129.05,114.05,240.07,0.8877,-1,-1,-1
20,2,76.63,113.82,99.01,263.83,0.9029,-1,-1,-1
20,9,192.10,188.50,28.75,72.19,0.5803,-1,-1,-1
21,1,213.60,127.11,116.45,246.65,0.8791,-1,-1,-1
21,2,72.85,109.10,101.52,272.74,0.8988,-1,-1,-1
21,9,191.90,187.25,28.20,73.95,0.6602,-1,-1,-1
21,14,42.27,186.18,25.33,69.64,0.5713,-1,-1,-1
21,12,-0.98,132.35,39.09,164.58,0.5208,-1,-1,-1
22,1,214.42,123.28,118.40,253.33,0.8829,-1,-1,-1
22,2,68.93,104.25,105.03,280.34,0.8850,-1,-1,-1
22,9,193.87,185.94,27.43,73.93,0.3509,-1,-1,-1
22,14,41.70,183.18,27.95,70.88,0.4103,-1,-1,-1
22,12,-0.35,129.28,37.87,207.92,0.3507,-1,-1,-1
23,1,215.58,124.19,120.38,260.65,0.8812,-1,-1,-1
23,2,67.57,105.50,108.12,289.04,0.8965,-1,-1,-1
23,9,197.90,190.53,26.63,73.80,0.5789,-1,-1,-1
23,14,48.44,190.57,24.24,68.17,0.3665,-1,-1,-1
23,12,-0.13,133.68,38.89,224.91,0.3568,-1,-1,-1
24,1,219.92,121.91,117.52,265.59,0.7988,-1,-1,-1
24,2,65.57,104.06,111.30,294.70,0.8602,-1,-1,-1
24,12,0.61,133.24,39.47,190.53,0.4349,-1,-1,-1
25,1,228.54,121.26,112.26,274.23,0.8810,-1,-1,-1
25,2,62.52,103.27,114.85,302.83,0.8911,-1,-1,-1
25,12,0.81,134.22,38.00,178.26,0.3614,-1,-1,-1
26,1,230.43,117.47,110.36,280.88,0.8712,-1,-1,-1
26,2,58.70,100.38,117.35,308.99,0.8826,-1,-1,-1
26,12,0.56,132.64,36.87,174.53,0.3655,-1,-1,-1
27,1,235.45,113.13,110.54,289.27,0.8809,-1,-1,-1
27,2,55.13,95.38,120.75,317.05,0.8972,-1,-1,-1
27,12,-0.34,129.85,37.46,172.71,0.4621,-1,-1,-1
28,1,240.12,111.55,110.27,294.45,0.8851,-1,-1,-1
28,2,54.43,94.30,123.01,322.67,0.9022,-1,-1,-1
28,12,0.76,130.07,38.29,171.13,0.3368,-1,-1,-1
29,1,236.54,105.69,120.11,302.35,0.8659,-1,-1,-1
29,2,52.00,87.17,127.34,335.60,0.8817,-1,-1,-1
30,1,235.32,103.63,123.21,309.43,0.8839,-1,-1,-1
30,2,48.18,84.36,131.17,344.35,0.8888,-1,-1,-1
31,1,243.20,99.27,121.19,319.88,0.8790,-1,-1,-1
31,2,43.58,80.52,137.63,353.27,0.8946,-1,-1,-1
32,1,252.57,97.06,121.39,330.44,0.8769,-1,-1,-1
32,2,44.54,78.36,140.58,363.29,0.8790,-1,-1,-1
32,17,147.28,80.27,47.81,176.01,0.5285,-1,-1,-1
33,1,260.12,90.19,126.59,339.42,0.8614,-1,-1,-1
33,2,51.27,71.06,140.25,374.24,0.8887,-1,-1,-1
33,17,153.53,76.55,46.89,181.86,0.3756,-1,-1,-1
33,18,418.38,188.65,26.54,75.39,0.6739,-1,-1,-1
33,4,360.90,187.03,26.93,75.26,0.6280,-1,-1,-1
34,1,269.45,89.06,130.50,350.52,0.8579,-1,-1,-1
34,2,57.89,70.63,142.14,381.98,0.8851,-1,-1,-1
34,17,158.92,75.66,53.26,181.07,0.5096,-1,-1,-1
34,18,426.12,187.99,27.04,78.42,0.6605,-1,-1,-1
34,4,369.00,187.45,29.01,76.56,0.6828,-1,-1,-1
34,3,425.86,187.53,27.06,79.17,0.6605,-1,-1,-1
35,1,272.84,88.69,142.70,360.22,0.8551,-1,-1,-1
35,2,64.36,70.85,142.15,388.40,0.9042,-1,-1,-1
35,18,434.97,190.33,28.15,78.71,0.6581,-1,-1,-1
35,4,377.98,189.81,28.66,76.98,0.7054,-1,-1,-1
35,19,1.37,118.95,35.46,103.83,0.6117,-1,-1,-1
35,20,410.42,188.05,24.56,77.65,0.4801,-1,-1,-1
35,3,435.56,190.48,28.07,78.66,0.6581,-1,-1,-1
36,1,275.55,82.08,156.78,369.80,0.8937,-1,-1,-1
36,2,71.76,63.44,145.37,399.43,0.8947,-1,-1,-1
36,18,447.33,189.38,28.34,78.45,0.6636,-1,-1,-1
36,4,388.63,189.01,28.03,76.46,0.5824,-1,-1,-1
36,20,421.00,182.50,25.89,82.49,0.4843,-1,-1,-1
36,3,448.09,189.63,28.27,78.29,0.6636,-1,-1,-1
36,17,174.93,71.72,55.55,183.06,0.5570,-1,-1,-1
37,1,274.21,78.66,165.40,378.31,0.8908,-1,-1,-1
37,2,72.07,61.19,148.38,406.19,0.9014,-1,-1,-1
37,18,452.00,189.98,27.37,78.63,0.6192,-1,-1,-1
37,4,392.22,189.37,28.37,76.32,0.6547,-1,-1,-1
37,20,424.91,186.46,24.47,79.45,0.3203,-1,-1,-1
37,3,452.75,190.21,27.42,78.44,0.6192,-1,-1,-1
37,17,177.67,71.02,54.32,185.44,0.4362,-1,-1,-1
38,1,278.63,76.50,174.14,387.86,0.8878,-1,-1,-1
38,2,71.67,58.94,152.49,415.47,0.8759,-1,-1,-1
38,18,457.00,189.88,28.56,80.35,0.7279,-1,-1,-1
38,4,398.09,193.29,28.89,73.92,0.4970,-1,-1,-1
38,20,430.04,189.22,26.44,78.88,0.5459,-1,-1,-1
38,3,457.71,190.15,28.53,80.08,0.7279,-1,-1,-1
38,17,181.34,70.70,56.51,193.23,0.4525,-1,-1,-1
39,1,283.40,70.52,178.72,397.84,0.8902,-1,-1,-1
39,2,70.01,53.34,157.13,424.72,0.8789,-1,-1,-1
39,18,460.56,187.34,31.86,81.78,0.6727,-1,-1,-1
39,4,403.40,194.40,27.56,71.29,0.5582,-1,-1,-1
39,20,434.50,187.13,26.37,78.29,0.5778,-1,-1,-1
39,3,461.26,187.60,31.70,81.50,0.6727,-1,-1,-1
39,17,183.08,64.43,57.16,195.72,0.5569,-1,-1,-1
39,5,434.69,187.11,26.10,77.99,0.5778,-1,-1,-1
40,1,285.48,67.28,186.57,410.11,0.8876,-1,-1,-1
40,2,68.18,53.15,162.34,428.85,0.8847,-1,-1,-1
40,18,464.71,188.41,31.97,83.06,0.7032,-1,-1,-1
40,4,409.04,198.92,24.86,70.00,0.4654,-1,-1,-1
40,20,438.62,186.91,27.75,81.23,0.5362,-1,-1,-1
40,3,465.38,188.63,31.85,82.79,0.7032,-1,-1,-1
40,17,185.29,63.81,56.70,199.50,0.6957,-1,-1,-1
40,5,439.10,186.71,27.56,81.21,0.5362,-1,-1,-1
41,1,287.99,63.72,192.42,417.46,0.8832,-1,-1,-1
41,2,64.05,49.86,166.86,433.24,0.8903,-1,-1,-1
41,18,467.67,188.76,31.81,58.84,0.6164,-1,-1,-1
41,20,440.07,188.17,27.50,80.18,0.5486,-1,-1,-1
41,3,468.24,188.94,31.74,59.06,0.6164,-1,-1,-1
41,17,183.60,63.04,57.67,199.86,0.7385,-1,-1,-1
41,5,440.67,187.89,27.41,80.28,0.5486,-1,-1,-1
41,19,0.41,114.38,49.19,153.25,0.3844,-1,-1,-1
42,1,283.52,56.43,197.93,425.91,0.8999,-1,-1,-1
42,2,51.92,41.72,171.60,440.29,0.8915,-1,-1,-1
42,18,465.08,187.39,33.40,42.67,0.5377,-1,-1,-1
42,3,465.57,187.51,33.32,43.10,0.5377,-1,-1,-1
42,17,178.02,55.92,59.08,207.26,0.6336,-1,-1,-1
43,1,281.90,53.10,204.41,430.42,0.9045,-1,-1,-1
43,2,46.73,36.28,173.85,446.11,0.8963,-1,-1,-1
43,18,464.37,189.98,31.70,32.78,0.5272,-1,-1,-1
43,3,464.82,190.03,31.65,33.12,0.5272,-1,-1,-1
43,17,175.53,51.60,58.57,208.27,0.6478,-1,-1,-1
44,1,281.68,50.22,209.67,433.17,0.9040,-1,-1,-1
44,2,43.72,31.07,177.10,450.68,0.8976,-1,-1,-1
44,17,175.46,48.61,59.14,211.92,0.6433,-1,-1,-1
44,9,266.55,186.93,26.06,77.82,0.3625,-1,-1,-1
45,1,283.67,46.43,213.93,435.45,0.8964,-1,-1,-1
45,2,41.74,27.15,179.14,452.95,0.8951,-1,-1,-1
45,17,176.23,46.71,60.77,215.10,0.6476,-1,-1,-1
45,9,267.93,185.84,27.38,77.81,0.4529,-1,-1,-1
46,1,279.64,42.71,222.91,440.00,0.9094,-1,-1,-1
46,2,36.06,20.63,184.16,460.47,0.8836,-1,-1,-1
46,17,174.72,44.68,62.21,218.53,0.6942,-1,-1,-1
46,22,-0.15,97.48,37.23,329.54,0.4195,-1,-1,-1
47,1,282.90,38.12,223.87,443.79,0.9064,-1,-1,-1
47,2,33.08,14.88,186.31,465.03,0.8725,-1,-1,-1
47,17,174.55,41.19,61.71,218.31,0.6582,-1,-1,-1
47,22,0.33,93.99,36.82,333.58,0.3063,-1,-1,-1
47,9,269.70,183.60,27.28,79.20,0.3716,-1,-1,-1
48,1,288.53,31.05,224.95,450.49,0.8999,-1,-1,-1
48,2,30.27,11.08,192.03,469.75,0.8636,-1,-1,-1
48,17,176.77,38.25,63.28,222.59,0.6428,-1,-1,-1
48,22,0.44,92.92,39.69,339.85,0.3433,-1,-1,-1
49,1,287.50,28.49,230.40,453.24,0.8895,-1,-1,-1
49,2,26.71,8.95,199.17,470.14,0.8603,-1,-1,-1
49,17,176.32,36.43,65.29,226.31,0.6405,-1,-1,-1
50,1,286.20,23.27,234.14,458.12,0.8995,-1,-1,-1
50,2,20.69,3.30,204.32,476.37,0.8585,-1,-1,-1
50,17,174.39,34.19,66.65,234.68,0.6500,-1,-1,-1
51,1,285.75,19.62,238.92,460.45,0.9086,-1,-1,-1
51,2,20.94,0.97,203.64,476.49,0.8588,-1,-1,-1
51,17,174.39,33.04,69.77,237.77,0.7362,-1,-1,-1
51,23,0.31,89.41,30.63,117.83,0.4481,-1,-1,-1
52,1,289.00,15.61,240.97,462.47,0.9019,-1,-1,-1
52,2,17.26,-0.27,206.64,477.42,0.8464,-1,-1,-1
52,17,173.73,30.18,71.54,239.88,0.5960,-1,-1,-1
52,23,0.44,87.43,31.22,151.44,0.4830,-1,-1,-1
53,1,288.56,13.05,248.96,467.27,0.9044,-1,-1,-1
53,2,12.55,-1.36,212.14,481.74,0.8605,-1,-1,-1
53,17,173.22,27.93,71.61,241.71,0.6318,-1,-1,-1
53,23,-0.54,86.16,36.15,164.66,0.3691,-1,-1,-1
54,1,290.10,11.80,250.54,469.82,0.9116,-1,-1,-1
54,2,12.29,-1.03,211.88,480.04,0.8424,-1,-1,-1
54,17,173.31,27.77,71.42,242.51,0.5766,-1,-1,-1
54,23,-0.13,86.36,36.37,134.84,0.4177,-1,-1,-1
55,1,292.20,8.12,258.75,468.44,0.8858,-1,-1,-1
55,2,10.65,1.03,217.11,477.50,0.8571,-1,-1,-1
55,17,174.31,26.64,73.30,243.25,0.5491,-1,-1,-1
55,23,0.71,86.95,38.21,182.60,0.4524,-1,-1,-1
56,1,290.67,5.61,263.58,472.34,0.8457,-1,-1,-1
56,2,10.20,0.23,218.09,478.94,0.8620,-1,-1,-1
56,17,175.04,25.08,72.78,246.56,0.5890,-1,-1,-1
56,23,-0.15,85.33,37.82,178.17,0.4636,-1,-1,-1
57,1,297.41,2.94,264.40,476.32,0.9115,-1,-1,-1
57,2,7.77,0.51,220.48,477.41,0.8578,-1,-1,-1
57,17,175.84,23.43,73.65,275.53,0.6122,-1,-1,-1
57,23,0.10,83.99,36.87,173.86,0.5690,-1,-1,-1
58,1,301.10,1.66,266.89,478.85,0.8997,-1,-1,-1
58,2,6.82,0.67,221.78,477.67,0.8594,-1,-1,-1
58,17,176.11,21.24,76.04,344.03,0.4966,-1,-1,-1
58,23,0.07,83.63,35.70,171.58,0.4866,-1,-1,-1
59,1,302.95,0.16,273.60,480.92,0.9035,-1,-1,-1
59,2,4.81,0.12,224.06,478.58,0.8447,-1,-1,-1
59,17,176.64,19.83,76.42,343.35,0.7051,-1,-1,-1
59,23,-0.54,83.55,33.42,169.30,0.4017,-1,-1,-1
60,1,303.43,-1.44,280.36,480.52,0.9006,-1,-1,-1
60,2,3.58,-0.62,225.83,478.79,0.8185,-1,-1,-1
60,17,174.88,18.08,79.08,388.83,0.5711,-1,-1,-1
60,23,-0.68,80.11,30.94,205.06,0.3765,-1,-1,-1
61,1,306.34,-1.42,284.94,480.91,0.8971,-1,-1,-1
61,2,1.27,0.33,227.05,477.26,0.8556,-1,-1,-1
61,17,174.82,17.56,79.51,403.07,0.6077,-1,-1,-1
61,23,-0.45,79.75,29.13,214.24,0.3827,-1,-1,-1
62,1,310.93,-1.39,286.65,478.05,0.8307,-1,-1,-1
62,2,0.82,-0.04,226.08,477.20,0.8611,-1,-1,-1
62,17,177.06,15.79,78.73,416.10,0.7277,-1,-1,-1
62,23,0.09,77.81,30.36,226.01,0.4517,-1,-1,-1
63,1,312.83,-0.70,286.67,479.47,0.8857,-1,-1,-1
63,2,0.56,0.66,225.39,475.94,0.7896,-1,-1,-1
63,17,177.09,14.89,79.60,422.36,0.7196,-1,-1,-1
63,23,0.60,75.70,34.73,314.55,0.3731,-1,-1,-1
63,22,0.18,75.64,37.64,361.88,0.3731,-1,-1,-1
64,1,316.51,-0.69,288.14,480.27,0.8757,-1,-1,-1
64,2,0.42,1.76,227.92,476.10,0.8099,-1,-1,-1
64,17,176.35,14.77,82.54,420.45,0.5741,-1,-1,-1
64,23,0.64,75.29,34.45,361.58,0.3595,-1,-1,-1
64,22,0.37,75.39,34.74,377.29,0.3595,-1,-1,-1
64,5,501.00,191.66,26.72,77.53,0.6102,-1,-1,-1
65,1,317.18,-0.67,289.48,480.25,0.8766,-1,-1,-1
65,2,-0.02,1.70,234.02,474.84,0.7657,-1,-1,-1
65,17,177.23,14.17,83.53,377.79,0.5247,-1,-1,-1
65,23,0.46,74.62,35.26,364.49,0.3505,-1,-1,-1
65,22,0.31,74.75,35.00,362.09,0.3505,-1,-1,-1
65,5,501.91,192.65,26.38,76.61,0.6443,-1,-1,-1
66,1,314.25,-0.51,292.90,480.21,0.8839,-1,-1,-1
66,2,-0.45,1.28,232.27,473.34,0.8418,-1,-1,-1
66,17,177.04,12.99,85.05,347.56,0.6341,-1,-1,-1
66,23,0.15,74.19,34.04,378.94,0.3673,-1,-1,-1
66,22,0.08,74.41,33.58,371.68,0.3673,-1,-1,-1
66,5,502.26,192.32,26.40,76.56,0.6824,-1,-1,-1
67,1,312.31,-0.15,298.62,479.93,0.8852,-1,-1,-1
67,2,-0.07,1.62,228.82,475.21,0.8087,-1,-1,-1
67,17,179.03,12.06,84.33,393.85,0.7479,-1,-1,-1
67,23,0.53,75.03,32.81,386.51,0.5338,-1,-1,-1
67,22,0.45,75.25,32.30,377.48,0.5338,-1,-1,-1
67,5,503.71,192.84,25.13,76.28,0.6490,-1,-1,-1
68,1,315.58,0.21,296.98,480.04,0.8942,-1,-1,-1
68,2,-0.20,2.52,226.68,474.86,0.7487,-1,-1,-1
68,17,179.18,11.24,84.72,421.33,0.6779,-1,-1,-1
68,23,0.50,74.95,33.37,361.19,0.3680,-1,-1,-1
68,22,0.42,75.16,33.02,350.20,0.3680,-1,-1,-1
68,5,505.75,193.20,23.61,76.57,0.6037,-1,-1,-1
69,1,317.29,0.30,294.49,479.83,0.8915,-1,-1,-1
69,2,-0.30,2.59,225.57,475.12,0.7380,-1,-1,-1
69,17,179.06,9.99,85.19,433.09,0.6036,-1,-1,-1
69,23,0.37,73.70,33.89,366.35,0.3943,-1,-1,-1
69,22,0.31,73.86,33.61,357.07,0.3943,-1,-1,-1
69,5,505.99,193.61,22.39,75.68,0.6365,-1,-1,-1
69,9,293.95,176.06,28.68,86.47,0.5637,-1,-1,-1
70,1,317.87,0.41,293.60,479.73,0.8924,-1,-1,-1
70,2,-0.23,1.72,223.79,477.26,0.8235,-1,-1,-1
70,17,181.94,9.17,84.15,430.92,0.8348,-1,-1,-1
70,23,0.51,74.09,34.30,364.72,0.4031,-1,-1,-1
70,22,0.44,74.27,34.09,356.00,0.4031,-1,-1,-1
70,5,506.52,193.51,22.54,75.74,0.6172,-1,-1,-1
70,27,0.15,77.53,22.52,128.51,0.3834,-1,-1,-1
70,9,295.13,176.67,27.17,85.55,0.5253,-1,-1,-1
71,1,318.03,0.16,292.37,479.92,0.8761,-1,-1,-1
71,2,-0.07,1.57,222.80,478.03,0.8286,-1,-1,-1
71,17,183.52,8.35,84.48,430.23,0.8365,-1,-1,-1
71,23,0.61,73.99,33.82,371.52,0.3847,-1,-1,-1
71,22,0.55,74.14,33.64,363.90,0.3847,-1,-1,-1
71,5,506.90,193.60,22.37,74.91,0.5617,-1,-1,-1
71,27,0.20,77.92,22.50,126.50,0.4387,-1,-1,-1
71,9,293.78,176.76,28.09,84.91,0.5884,-1,-1,-1
72,1,316.97,0.56,294.21,479.40,0.8827,-1,-1,-1
72,2,0.13,1.78,223.06,478.18,0.8600,-1,-1,-1
72,17,184.64,8.08,85.12,429.98,0.8375,-1,-1,-1
72,23,0.83,75.20,33.44,374.04,0.4914,-1,-1,-1
72,22,0.76,75.35,33.27,367.15,0.4914,-1,-1,-1
72,5,507.25,193.27,22.48,75.70,0.5834,-1,-1,-1
72,27,0.32,78.37,22.78,126.40,0.4064,-1,-1,-1
72,9,291.83,176.97,30.57,85.00,0.6204,-1,-1,-1
73,1,314.71,0.52,296.81,479.31,0.8920,-1,-1,-1
73,2,0.08,1.67,223.05,478.21,0.8543,-1,-1,-1
73,17,185.08,9.64,86.89,427.56,0.8394,-1,-1,-1
73,23,0.72,74.45,34.08,368.97,0.3447,-1,-1,-1
73,22,0.66,74.56,33.95,362.63,0.3447,-1,-1,-1
73,5,506.33,192.61,22.80,77.21,0.5062,-1,-1,-1
73,27,0.20,78.18,22.57,127.72,0.4076,-1,-1,-1
73,9,290.55,177.22,30.83,83.22,0.6042,-1,-1,-1
73,28,586.32,196.29,23.09,51.79,0.5500,-1,-1,-1
74,1,313.50,0.24,296.20,479.50,0.8500,-1,-1,-1
74,2,0.12,1.68,223.34,477.52,0.8477,-1,-1,-1
74,17,185.43,9.31,88.52,426.85,0.8486,-1,-1,-1
74,23,0.68,73.83,34.22,361.31,0.3463,-1,-1,-1
74,22,0.62,73.91,34.10,355.62,0.3463,-1,-1,-1
74,5,505.79,193.10,22.63,76.13,0.5653,-1,-1,-1
74,27,0.17,78.33,22.64,126.43,0.4138,-1,-1,-1
74,9,290.32,177.18,30.60,82.44,0.5464,-1,-1,-1
75,1,309.11,0.57,295.85,478.53,0.8711,-1,-1,-1
75,2,1.03,1.62,222.61,477.08,0.8279,-1,-1,-1
75,17,186.78,9.75,89.15,425.07,0.8458,-1,-1,-1
75,27,0.50,78.02,22.91,125.45,0.3664,-1,-1,-1
75,9,290.30,177.25,31.12,81.90,0.6049,-1,-1,-1
76,1,306.33,0.22,297.39,477.51,0.8883,-1,-1,-1
76,2,1.24,1.52,222.32,476.74,0.8184,-1,-1,-1
76,17,187.10,10.08,89.83,424.28,0.8553,-1,-1,-1
76,27,0.43,78.34,22.79,127.41,0.3271,-1,-1,-1
76,9,290.26,176.87,30.68,81.32,0.6551,-1,-1,-1
77,1,304.28,0.09,296.98,476.67,0.8744,-1,-1,-1
77,2,1.33,1.62,222.91,476.06,0.8269,-1,-1,-1
77,17,187.52,10.03,90.20,423.44,0.8452,-1,-1,-1
77,27,0.27,78.96,22.93,120.58,0.3556,-1,-1,-1
77,9,290.11,176.76,31.87,81.14,0.6553,-1,-1,-1
78,1,302.35,0.07,297.77,476.43,0.8931,-1,-1,-1
78,2,1.16,1.54,223.20,477.62,0.8335,-1,-1,-1
78,17,188.75,9.46,88.11,423.56,0.8443,-1,-1,-1
78,27,0.16,79.00,22.81,114.07,0.4589,-1,-1,-1
78,9,289.63,177.17,31.38,80.88,0.4946,-1,-1,-1
79,1,303.92,-0.08,291.57,478.59,0.8717,-1,-1,-1
79,2,1.15,0.96,222.97,477.84,0.8325,-1,-1,-1
79,17,188.69,9.81,86.13,423.64,0.8373,-1,-1,-1
79,27,-0.12,79.00,22.93,121.25,0.3723,-1,-1,-1
79,9,288.70,177.54,32.76,80.50,0.4671,-1,-1,-1
80,1,310.82,-0.11,279.10,479.52,0.8759,-1,-1,-1
80,2,0.63,1.25,224.05,478.42,0.8516,-1,-1,-1
80,17,188.63,10.66,85.64,424.32,0.8294,-1,-1,-1
80,27,-0.31,79.50,23.10,119.12,0.3803,-1,-1,-1
81,1,312.30,-0.09,276.78,479.32,0.8798,-1,-1,-1
81,2,1.01,1.47,226.13,477.86,0.8432,-1,-1,-1
81,17,189.15,11.04,84.86,420.56,0.7937,-1,-1,-1
81,27,0.24,79.53,23.64,118.70,0.3807,-1,-1,-1
81,22,0.63,75.54,32.94,370.11,0.4099,-1,-1,-1
82,1,316.50,-0.13,270.99,480.23,0.8624,-1,-1,-1
82,2,0.34,1.45,229.85,477.35,0.8403,-1,-1,-1
82,17,188.97,11.82,84.53,420.41,0.7392,-1,-1,-1
82,27,-0.31,79.73,23.28,115.93,0.4136,-1,-1,-1
82,22,0.03,75.46,33.31,362.33,0.3528,-1,-1,-1
83,1,311.87,0.04,275.23,477.84,0.8782,-1,-1,-1
83,2,0.25,1.47,227.07,478.19,0.8173,-1,-1,-1
83,17,188.27,13.02,84.08,423.46,0.8172,-1,-1,-1
83,27,-0.25,79.34,22.87,118.41,0.4516,-1,-1,-1
83,22,0.00,74.34,32.83,374.37,0.3457,-1,-1,-1
84,1,308.57,0.04,273.90,478.86,0.9028,-1,-1,-1
84,2,0.15,1.18,224.82,476.81,0.7691,-1,-1,-1
84,17,184.83,12.27,85.15,425.96,0.7983,-1,-1,-1
84,27,-0.21,78.74,21.56,121.42,0.4579,-1,-1,-1
85,1,308.51,0.08,277.04,478.87,0.8923,-1,-1,-1
85,2,0.18,1.29,228.89,475.75,0.7584,-1,-1,-1
85,17,182.76,14.11,84.17,424.71,0.7471,-1,-1,-1
85,27,-0.13,78.76,21.76,123.65,0.3620,-1,-1,-1
86,1,307.70,0.31,278.55,476.73,0.8679,-1,-1,-1
86,2,0.41,1.86,228.98,475.75,0.7405,-1,-1,-1
86,17,179.16,16.57,84.56,423.40,0.7507,-1,-1,-1
86,27,-0.01,79.66,22.13,125.20,0.3754,-1,-1,-1
86,29,615.35,193.43,24.22,56.56,0.4649,-1,-1,-1
87,1,309.29,-0.07,276.93,478.87,0.8880,-1,-1,-1
87,2,-0.16,1.51,231.46,475.31,0.7021,-1,-1,-1
87,17,174.96,16.84,84.75,414.63,0.6689,-1,-1,-1
87,27,-0.34,79.56,21.37,123.47,0.3263,-1,-1,-1
87,29,614.97,193.26,24.51,56.15,0.4894,-1,-1,-1
87,5,503.74,193.02,23.69,75.80,0.6588,-1,-1,-1
87,22,-0.06,74.66,32.38,367.36,0.4767,-1,-1,-1
88,1,307.56,0.84,279.73,479.17,0.8988,-1,-1,-1
88,2,-0.10,2.08,228.63,475.78,0.8129,-1,-1,-1
88,17,174.11,20.85,83.18,412.11,0.7451,-1,-1,-1
88,27,-0.14,80.76,21.80,123.54,0.4351,-1,-1,-1
88,5,504.99,193.39,23.44,76.93,0.5258,-1,-1,-1
88,22,0.01,74.28,32.95,378.07,0.3262,-1,-1,-1
89,1,310.47,0.57,277.00,479.51,0.8955,-1,-1,-1
89,2,-0.16,1.87,227.30,476.48,0.8042,-1,-1,-1
89,17,172.09,22.70,83.84,406.96,0.7138,-1,-1,-1
89,27,-0.15,81.03,21.89,123.58,0.3758,-1,-1,-1
89,5,505.74,192.97,22.40,77.09,0.5054,-1,-1,-1
89,22,-0.01,75.21,32.68,355.70,0.3430,-1,-1,-1
90,1,308.90,0.72,278.67,479.27,0.8977,-1,-1,-1
90,2,-0.35,1.86,224.95,477.01,0.7954,-1,-1,-1
90,17,169.28,23.70,86.57,403.79,0.7513,-1,-1,-1
90,5,505.80,192.98,21.44,77.10,0.4277,-1,-1,-1
90,22,-0.12,77.49,32.29,364.24,0.4337,-1,-1,-1
91,1,308.62,1.00,279.85,478.85,0.8943,-1,-1,-1
91,2,-0.02,1.78,223.46,476.99,0.7909,-1,-1,-1
91,17,167.77,24.16,89.19,402.62,0.7204,-1,-1,-1
91,5,505.51,192.47,21.16,76.64,0.3014,-1,-1,-1
91,22,0.19,78.86,32.13,373.42,0.4672,-1,-1,-1
91,27,-0.11,83.45,21.96,128.81,0.4233,-1,-1,-1
92,1,305.99,0.87,282.44,478.90,0.9045,-1,-1,-1
92,2,0.14,1.85,230.38,476.22,0.7655,-1,-1,-1
92,17,166.71,24.73,92.58,400.61,0.6925,-1,-1,-1
92,5,506.41,192.87,20.74,76.80,0.3287,-1,-1,-1
92,22,0.11,80.31,32.92,364.51,0.4237,-1,-1,-1
93,1,305.94,0.51,280.16,478.87,0.8917,-1,-1,-1
93,2,0.18,1.45,225.58,475.31,0.8433,-1,-1,-1
93,17,166.82,24.09,100.57,406.63,0.7883,-1,-1,-1
93,22,0.18,79.72,32.98,360.61,0.3017,-1,-1,-1
93,31,299.33,180.44,25.51,76.31,0.4503,-1,-1,-1
94,1,306.58,0.04,278.31,479.66,0.9028,-1,-1,-1
94,2,0.47,1.16,223.86,475.14,0.8469,-1,-1,-1
94,17,167.64,23.79,103.96,408.74,0.7889,-1,-1,-1
94,22,0.49,79.52,32.78,364.43,0.3167,-1,-1,-1
94,31,299.73,179.25,25.65,78.39,0.4521,-1,-1,-1
94,33,267.17,190.87,17.77,57.76,0.4865,-1,-1,-1
95,1,307.40,-0.06,276.91,477.94,0.9010,-1,-1,-1
95,2,0.74,1.38,223.21,474.86,0.8603,-1,-1,-1
95,17,169.79,22.45,104.39,411.50,0.7886,-1,-1,-1
95,22,0.67,79.21,33.71,369.18,0.4191,-1,-1,-1
95,31,301.17,178.72,24.21,80.70,0.5122,-1,-1,-1
95,33,266.81,192.71,16.26,55.80,0.5569,-1,-1,-1
96,1,306.97,-0.09,275.88,479.12,0.8999,-1,-1,-1
96,2,0.46,1.48,222.59,474.30,0.8357,-1,-1,-1
96,17,171.52,21.98,102.57,411.17,0.7914,-1,-1,-1
96,22,0.21,82.07,34.34,365.13,0.4157,-1,-1,-1
96,31,301.65,177.87,22.70,81.11,0.5020,-1,-1,-1
96,33,265.53,192.15,16.55,56.53,0.5346,-1,-1,-1
97,1,307.21,0.16,275.93,477.52,0.9031,-1,-1,-1
97,2,0.48,1.66,222.39,472.64,0.8640,-1,-1,-1
97,17,174.33,21.22,99.47,412.01,0.8179,-1,-1,-1
97,22,0.07,84.07,34.07,328.69,0.3742,-1,-1,-1
97,31,301.83,178.68,22.88,81.25,0.5721,-1,-1,-1
97,33,262.85,192.21,16.73,58.15,0.5794,-1,-1,-1
97,9,282.81,179.80,25.12,78.44,0.3714,-1,-1,-1
98,1,308.65,0.03,275.12,477.87,0.9064,-1,-1,-1
98,2,0.95,1.30,222.27,472.74,0.8745,-1,-1,-1
98,17,180.31,20.42,94.01,412.46,0.8351,-1,-1,-1
98,22,0.39,83.15,33.13,341.20,0.5054,-1,-1,-1
98,31,302.41,178.08,22.68,82.68,0.5933,-1,-1,-1
98,5,506.67,192.56,21.38,76.57,0.5041,-1,-1,-1
99,1,309.08,0.04,274.85,478.03,0.9089,-1,-1,-1
99,2,0.73,1.18,222.34,473.93,0.8855,-1,-1,-1
99,17,184.02,20.79,91.60,411.78,0.8484,-1,-1,-1
99,22,0.28,80.01,34.72,361.40,0.4600,-1,-1,-1
99,31,301.48,177.83,23.63,81.43,0.5364,-1,-1,-1
99,5,506.83,192.47,21.81,76.70,0.3765,-1,-1,-1
99,9,280.15,179.68,26.03,79.18,0.3549,-1,-1,-1
100,1,309.55,-0.06,273.95,477.75,0.9027,-1,-1,-1
100,2,0.49,0.99,221.72,475.03,0.8820,-1,-1,-1
100,17,186.66,18.94,90.40,413.27,0.8406,-1,-1,-1
100,22,-0.04,81.27,34.82,345.32,0.4245,-1,-1,-1
100,31,300.96,178.17,24.93,80.47,0.5874,-1,-1,-1
100,5,506.13,192.51,22.03,76.07,0.5333,-1,-1,-1
100,9,279.28,178.70,26.33,80.10,0.5712,-1,-1,-1
101,1,310.24,-0.01,274.07,479.35,0.9086,-1,-1,-1
101,2,0.64,0.95,221.68,475.27,0.8767,-1,-1,-1
101,17,189.34,17.60,91.50,413.77,0.8511,-1,-1,-1
101,22,0.09,81.49,34.07,353.76,0.4260,-1,-1,-1
101,31,300.96,178.07,24.36,81.49,0.4528,-1,-1,-1
101,5,507.09,192.72,21.88,76.21,0.3761,-1,-1,-1
101,9,279.31,178.99,26.43,79.83,0.4007,-1,-1,-1
102,1,311.84,-0.05,272.08,478.70,0.9022,-1,-1,-1
102,2,0.55,0.67,221.52,475.74,0.8734,-1,-1,-1
102,17,189.96,16.23,93.23,413.50,0.8479,-1,-1,-1
102,22,0.04,81.62,33.97,348.77,0.4412,-1,-1,-1
103,1,313.31,-0.06,271.57,479.82,0.9122,-1,-1,-1
103,2,0.52,0.76,221.56,476.53,0.8702,-1,-1,-1
103,17,191.24,16.76,93.25,414.61,0.8402,-1,-1,-1
103,22,0.09,82.04,33.92,329.56,0.3833,-1,-1,-1
104,1,314.24,-0.03,273.38,480.04,0.9108,-1,-1,-1
104,2,0.26,0.87,222.41,476.85,0.8893,-1,-1,-1
104,17,192.20,17.38,91.14,414.95,0.8419,-1,-1,-1
104,22,0.08,80.73,33.88,337.48,0.3355,-1,-1,-1
105,1,314.08,-0.06,274.62,480.20,0.9087,-1,-1,-1
105,2,-0.20,0.75,223.08,476.90,0.8627,-1,-1,-1
105,17,191.98,17.12,89.88,412.04,0.8375,-1,-1,-1
105,22,-0.29,82.98,32.23,348.01,0.3764,-1,-1,-1
106,1,314.12,-0.09,276.17,479.56,0.9044,-1,-1,-1
106,2,-0.12,0.54,223.46,477.62,0.8800,-1,-1,-1
106,17,192.42,16.66,87.30,414.21,0.8269,-1,-1,-1
106,22,-0.23,82.72,32.62,357.61,0.4081,-1,-1,-1
106,35,540.78,203.79,12.32,36.00,0.4060,-1,-1,-1
106,31,300.90,178.72,23.97,82.19,0.6317,-1,-1,-1
106,9,279.04,178.85,25.59,81.32,0.5835,-1,-1,-1
107,1,313.73,0.18,278.70,478.95,0.8953,-1,-1,-1
107,2,-0.10,0.35,224.42,478.11,0.8803,-1,-1,-1
107,17,192.47,16.69,86.44,414.73,0.8186,-1,-1,-1
107,22,-0.23,82.66,31.81,361.21,0.3576,-1,-1,-1
107,35,541.30,204.16,11.90,35.66,0.3816,-1,-1,-1
107,31,300.87,178.63,24.28,82.13,0.5889,-1,-1,-1
107,9,279.37,179.32,25.53,79.90,0.5654,-1,-1,-1
108,1,312.62,-0.10,282.74,477.90,0.8996,-1,-1,-1
108,2,-0.26,-0.03,225.32,477.99,0.8742,-1,-1,-1
108,17,192.03,16.10,86.11,415.47,0.8234,-1,-1,-1
108,35,541.20,202.43,12.08,37.55,0.4677,-1,-1,-1
108,31,300.96,178.70,24.24,81.48,0.6020,-1,-1,-1
108,9,279.27,180.47,25.04,78.15,0.5106,-1,-1,-1
109,1,312.39,-0.18,284.79,475.93,0.8313,-1,-1,-1
109,2,-0.41,-0.01,225.06,478.56,0.8857,-1,-1,-1
109,17,190.14,16.49,87.78,414.33,0.8310,-1,-1,-1
109,31,300.93,178.36,24.04,82.07,0.5538,-1,-1,-1
109,9,278.95,180.40,25.69,78.15,0.5028,-1,-1,-1
110,1,312.21,-0.25,288.19,477.21,0.7599,-1,-1,-1
110,2,-0.72,0.23,224.61,478.45,0.9072,-1,-1,-1
110,17,188.40,16.67,90.60,414.13,0.8395,-1,-1,-1
110,31,300.54,178.19,24.54,82.17,0.4505,-1,-1,-1
111,1,311.29,0.05,290.10,476.96,0.7984,-1,-1,-1
111,2,-0.21,0.05,222.89,478.97,0.8961,-1,-1,-1
111,17,188.08,17.10,91.89,414.18,0.8444,-1,-1,-1
112,1,323.83,0.11,279.71,478.84,0.7949,-1,-1,-1
112,2,-0.29,0.12,222.78,479.39,0.9072,-1,-1,-1
112,17,187.70,17.04,94.64,415.57,0.8493,-1,-1,-1
112,31,298.46,177.72,26.60,83.10,0.3507,-1,-1,-1
113,1,315.73,0.24,283.38,479.37,0.8647,-1,-1,-1
113,2,-0.21,0.17,222.74,479.21,0.9028,-1,-1,-1
113,17,187.73,17.82,94.51,416.61,0.8531,-1,-1,-1
114,1,311.30,0.21,287.04,479.21,0.8970,-1,-1,-1
114,2,0.14,0.15,222.18,478.62,0.8955,-1,-1,-1
114,17,187.67,19.12,94.81,414.24,0.8538,-1,-1,-1
115,1,309.79,0.14,284.67,477.90,0.8815,-1,-1,-1
115,2,0.48,-0.17,221.56,478.79,0.8898,-1,-1,-1
115,17,188.42,19.84,94.44,414.78,0.8666,-1,-1,-1
116,1,307.09,0.05,284.90,478.62,0.8949,-1,-1,-1
116,2,0.98,-0.48,220.51,478.12,0.8794,-1,-1,-1
116,17,191.04,20.18,92.84,414.90,0.8595,-1,-1,-1
117,1,306.15,0.18,282.12,477.93,0.8835,-1,-1,-1
117,2,1.48,-0.31,220.78,476.99,0.8703,-1,-1,-1
117,17,192.67,20.24,93.59,415.15,0.8547,-1,-1,-1
118,1,304.42,0.53,278.12,476.76,0.8898,-1,-1,-1
118,2,1.57,0.28,222.02,476.77,0.8679,-1,-1,-1
118,17,193.85,20.43,92.68,415.75,0.8588,-1,-1,-1
119,1,303.30,0.82,278.48,477.46,0.9113,-1,-1,-1
119,2,1.65,1.22,226.12,477.19,0.8854,-1,-1,-1
119,17,196.94,20.69,91.97,413.00,0.8164,-1,-1,-1
119,5,498.85,193.28,29.78,78.21,0.6998,-1,-1,-1
119,22,0.10,80.30,30.40,342.05,0.4008,-1,-1,-1
120,1,302.22,0.50,279.97,478.75,0.9103,-1,-1,-1
120,2,0.93,1.27,230.21,478.28,0.8727,-1,-1,-1
120,17,199.97,21.39,89.29,411.35,0.8094,-1,-1,-1
120,5,498.78,193.18,29.82,78.70,0.7203,-1,-1,-1
121,1,302.84,0.91,280.28,478.11,0.8873,-1,-1,-1
121,2,1.42,1.35,234.47,478.05,0.8772,-1,-1,-1
121,17,200.80,21.71,88.84,413.32,0.8196,-1,-1,-1
121,5,498.65,192.76,30.08,79.15,0.6617,-1,-1,-1
122,1,305.45,0.84,281.27,476.82,0.8887,-1,-1,-1
122,2,1.79,1.25,238.52,478.33,0.8574,-1,-1,-1
122,17,202.52,22.40,85.07,415.52,0.8232,-1,-1,-1
122,5,498.78,193.56,29.77,78.16,0.6640,-1,-1,-1
122,22,1.47,76.19,34.69,391.44,0.3786,-1,-1,-1
123,1,303.33,1.00,281.92,477.64,0.8961,-1,-1,-1
123,2,1.87,1.49,242.19,478.01,0.8722,-1,-1,-1
123,17,202.78,21.78,84.48,414.40,0.8338,-1,-1,-1
123,5,499.05,193.80,30.28,77.80,0.6804,-1,-1,-1
123,22,1.50,76.00,37.49,399.75,0.5531,-1,-1,-1
124,1,304.21,0.43,280.03,478.62,0.9043,-1,-1,-1
124,2,1.55,1.08,245.29,477.98,0.8645,-1,-1,-1
124,17,203.38,22.30,82.80,409.98,0.8398,-1,-1,-1
124,5,499.50,194.04,29.99,77.73,0.6531,-1,-1,-1
124,22,1.13,75.81,38.45,402.25,0.5479,-1,-1,-1
125,1,304.80,0.58,278.35,478.78,0.9025,-1,-1,-1
125,2,0.98,1.05,248.29,478.01,0.8533,-1,-1,-1
125,17,203.47,22.71,81.84,407.01,0.8189,-1,-1,-1
125,5,500.38,193.77,29.15,77.65,0.6406,-1,-1,-1
125,22,0.71,76.47,41.22,404.46,0.5959,-1,-1,-1
125,37,561.13,201.91,16.17,37.95,0.4810,-1,-1,-1
125,31,297.63,178.50,27.23,79.09,0.3564,-1,-1,-1
126,1,305.16,0.46,276.86,479.37,0.8998,-1,-1,-1
126,2,-0.01,0.80,251.38,469.60,0.7892,-1,-1,-1
126,17,203.76,22.60,80.70,406.62,0.7895,-1,-1,-1
126,5,500.88,194.00,28.32,77.81,0.6269,-1,-1,-1
126,22,0.16,76.59,42.72,403.68,0.4500,-1,-1,-1
126,37,561.23,202.31,16.24,37.45,0.4963,-1,-1,-1
126,9,286.69,180.08,26.03,78.27,0.3457,-1,-1,-1
127,1,306.19,0.38,276.68,479.49,0.8968,-1,-1,-1
127,2,0.39,1.07,251.15,473.31,0.8428,-1,-1,-1
127,17,205.09,22.79,79.26,406.36,0.8087,-1,-1,-1
127,5,502.21,193.36,27.36,77.74,0.5878,-1,-1,-1
127,22,0.08,77.63,45.13,404.05,0.4094,-1,-1,-1
127,37,562.35,202.95,15.35,37.03,0.5211,-1,-1,-1
128,1,305.97,0.36,277.16,479.60,0.9036,-1,-1,-1
128,2,-0.17,0.77,253.94,473.69,0.8329,-1,-1,-1
128,17,204.98,22.66,79.40,407.04,0.7369,-1,-1,-1
128,5,502.79,193.88,26.66,77.02,0.6020,-1,-1,-1
128,22,-0.31,77.55,46.95,404.66,0.5861,-1,-1,-1
128,37,562.23,203.39,15.78,37.41,0.4789,-1,-1,-1
129,1,306.57,0.13,275.95,479.47,0.8964,-1,-1,-1
129,2,-0.28,0.72,254.45,474.23,0.8553,-1,-1,-1
129,17,204.79,22.79,79.36,407.70,0.7420,-1,-1,-1
129,5,502.94,194.02,26.44,77.10,0.5890,-1,-1,-1
129,22,-0.53,79.20,47.85,402.99,0.6338,-1,-1,-1
129,37,561.51,203.94,16.22,37.13,0.4410,-1,-1,-1
130,1,306.27,0.05,276.58,479.75,0.9090,-1,-1,-1
130,2,0.75,0.64,251.28,473.76,0.8327,-1,-1,-1
130,17,204.80,23.46,79.21,407.72,0.7662,-1,-1,-1
130,5,503.88,193.82,26.39,77.07,0.6022,-1,-1,-1
130,22,-0.60,80.04,48.91,402.15,0.6942,-1,-1,-1
130,37,561.44,203.41,16.32,37.81,0.4589,-1,-1,-1
130,9,288.82,188.92,21.12,69.28,0.3439,-1,-1,-1
131,1,306.00,0.14,276.11,479.72,0.8997,-1,-1,-1
131,2,7.97,0.60,242.13,471.97,0.8096,-1,-1,-1
131,17,204.13,23.14,79.91,406.02,0.7974,-1,-1,-1
131,5,502.64,193.73,27.40,77.57,0.6511,-1,-1,-1
131,22,-0.66,80.11,49.25,291.46,0.3753,-1,-1,-1
131,37,560.34,203.58,17.11,37.15,0.4561,-1,-1,-1
131,9,288.56,190.90,20.61,67.29,0.3437,-1,-1,-1
132,1,306.32,-0.08,274.50,480.10,0.8961,-1,-1,-1
132,2,9.73,0.44,238.36,472.26,0.7880,-1,-1,-1
132,17,202.32,22.82,81.36,406.40,0.8254,-1,-1,-1
132,5,502.48,193.10,27.47,77.83,0.6410,-1,-1,-1
132,9,284.13,190.26,20.84,67.32,0.3154,-1,-1,-1
132,31,295.81,177.85,27.03,81.09,0.5026,-1,-1,-1
133,1,306.01,-0.21,273.81,478.25,0.8985,-1,-1,-1
133,2,8.79,0.32,237.45,474.76,0.8360,-1,-1,-1
133,17,201.11,22.56,82.41,407.15,0.8321,-1,-1,-1
133,5,502.14,193.03,27.91,78.39,0.5934,-1,-1,-1
133,9,281.04,188.61,21.63,67.80,0.3829,-1,-1,-1
133,31,294.73,177.93,28.95,81.03,0.5434,-1,-1,-1
134,1,305.31,-0.05,271.97,477.54,0.9034,-1,-1,-1
134,2,9.13,0.44,235.39,477.21,0.8550,-1,-1,-1
134,17,200.89,22.59,81.69,410.52,0.8371,-1,-1,-1
134,5,501.39,192.83,28.71,79.17,0.6285,-1,-1,-1
134,9,279.99,188.46,20.84,66.57,0.3152,-1,-1,-1
134,31,294.67,178.32,29.62,80.60,0.5868,-1,-1,-1
134,22,-0.86,79.84,47.45,384.51,0.4216,-1,-1,-1
134,37,558.17,200.84,19.17,39.96,0.4410,-1,-1,-1
135,1,305.87,-0.22,270.55,479.84,0.8891,-1,-1,-1
135,2,7.55,0.47,234.87,478.49,0.8785,-1,-1,-1
135,17,201.40,22.56,81.16,412.44,0.8360,-1,-1,-1
135,5,500.96,192.99,28.30,79.06,0.6259,-1,-1,-1
135,31,294.62,177.82,29.91,81.49,0.5319,-1,-1,-1
135,41,537.13,192.49,19.22,55.47,0.5086,-1,-1,-1
135,22,-0.65,78.69,44.63,397.12,0.4010,-1,-1,-1
136,1,305.61,-0.22,269.82,480.49,0.8891,-1,-1,-1
136,2,5.96,0.52,232.29,478.41,0.8581,-1,-1,-1
136,17,200.10,23.23,82.46,411.50,0.8288,-1,-1,-1
136,5,500.51,192.74,28.61,79.47,0.6364,-1,-1,-1
136,31,296.09,178.24,28.07,81.03,0.4172,-1,-1,-1
136,41,535.39,191.19,20.64,57.70,0.3690,-1,-1,-1
136,22,-0.54,76.94,43.76,399.68,0.4053,-1,-1,-1
137,1,305.54,-0.20,269.66,480.61,0.8920,-1,-1,-1
137,2,5.95,0.60,227.40,478.77,0.8566,-1,-1,-1
137,17,196.25,22.96,86.86,410.39,0.8276,-1,-1,-1
137,5,500.59,193.12,28.61,79.02,0.6001,-1,-1,-1
137,31,297.04,178.15,27.23,80.92,0.5052,-1,-1,-1
137,41,534.30,190.96,21.89,58.19,0.4986,-1,-1,-1
137,22,-0.49,77.78,41.83,397.54,0.4105,-1,-1,-1
138,1,304.22,-0.31,271.35,480.95,0.9059,-1,-1,-1
138,2,4.82,0.19,223.63,480.15,0.8711,-1,-1,-1
138,17,192.51,23.04,90.48,412.24,0.8408,-1,-1,-1
138,5,501.31,193.03,28.15,79.05,0.5734,-1,-1,-1
138,31,293.75,178.40,31.72,81.06,0.6002,-1,-1,-1
138,41,533.15,190.18,23.84,58.44,0.4706,-1,-1,-1
139,1,304.63,-0.17,272.10,480.56,0.9105,-1,-1,-1
139,2,4.00,0.21,222.52,480.11,0.8713,-1,-1,-1
139,17,190.75,22.59,92.67,411.07,0.8469,-1,-1,-1
139,5,501.76,193.47,27.79,78.32,0.5509,-1,-1,-1
139,31,292.19,178.25,33.98,81.20,0.6246,-1,-1,-1
139,37,556.45,201.63,17.57,40.32,0.3997,-1,-1,-1
140,1,304.98,0.35,273.56,479.66,0.9103,-1,-1,-1
140,2,2.60,0.51,220.65,479.62,0.8797,-1,-1,-1
140,17,189.29,22.42,94.64,410.78,0.8525,-1,-1,-1
140,5,502.35,193.01,27.90,78.48,0.5436,-1,-1,-1
140,31,292.36,177.50,32.98,81.92,0.6005,-1,-1,-1
140,37,556.27,202.95,16.76,38.94,0.3277,-1,-1,-1
141,1,304.12,0.06,275.88,476.35,0.8997,-1,-1,-1
141,2,1.64,0.75,218.44,479.05,0.8872,-1,-1,-1
141,17,187.48,21.42,96.79,411.97,0.8562,-1,-1,-1
141,5,502.13,192.84,27.58,78.34,0.5853,-1,-1,-1
141,31,292.50,178.13,32.59,80.79,0.4768,-1,-1,-1
141,37,555.02,203.63,15.97,38.25,0.3268,-1,-1,-1
142,1,303.89,0.22,277.09,478.19,0.9093,-1,-1,-1
142,2,1.22,0.95,216.26,479.11,0.8836,-1,-1,-1
142,17,186.90,20.88,97.42,413.16,0.8585,-1,-1,-1
142,5,502.38,192.40,27.23,78.78,0.5656,-1,-1,-1
142,31,293.58,178.20,29.61,80.35,0.4528,-1,-1,-1
142,37,555.36,203.43,17.28,38.80,0.3902,-1,-1,-1
143,1,304.83,-0.13,278.34,479.70,0.9058,-1,-1,-1
143,2,0.27,0.85,216.04,479.57,0.8861,-1,-1,-1
143,17,185.30,20.26,99.38,414.33,0.8618,-1,-1,-1
143,5,503.81,192.05,25.36,78.57,0.5970,-1,-1,-1
143,31,292.15,178.18,31.93,81.13,0.5429,-1,-1,-1
143,37,555.48,205.82,15.13,36.62,0.3286,-1,-1,-1
144,1,304.97,-0.24,281.06,480.31,0.9140,-1,-1,-1
144,2,-0.09,0.74,216.12,479.25,0.8927,-1,-1,-1
144,17,184.63,20.21,100.03,414.06,0.8556,-1,-1,-1
144,5,504.46,191.51,24.08,78.77,0.5340,-1,-1,-1
144,31,292.71,178.14,30.67,80.55,0.5565,-1,-1,-1
144,37,554.52,203.91,16.31,38.49,0.4357,-1,-1,-1
145,1,306.45,-0.31,284.74,481.09,0.9005,-1,-1,-1
145,2,-0.22,0.33,214.79,479.38,0.9011,-1,-1,-1
145,17,182.79,19.80,101.63,414.00,0.8542,-1,-1,-1
145,5,505.58,192.21,23.05,78.25,0.5526,-1,-1,-1
145,31,293.39,178.32,29.47,80.22,0.5813,-1,-1,-1
145,37,555.12,202.86,19.28,52.20,0.4485,-1,-1,-1
146,1,308.09,-0.11,285.30,480.38,0.8601,-1,-1,-1
146,2,0.20,0.70,214.44,478.20,0.8963,-1,-1,-1
146,17,182.57,19.98,102.09,412.96,0.8512,-1,-1,-1
146,31,295.18,178.14,27.35,80.30,0.6026,-1,-1,-1
147,1,318.73,-0.09,283.30,477.82,0.8399,-1,-1,-1
147,2,0.50,1.22,215.14,476.76,0.8911,-1,-1,-1
147,17,183.05,20.24,101.63,412.37,0.8538,-1,-1,-1
147,31,296.36,177.38,25.02,82.08,0.3723,-1,-1,-1
148,1,317.34,0.17,290.22,476.22,0.8729,-1,-1,-1
148,2,1.46,1.49,216.19,476.95,0.8647,-1,-1,-1
148,17,185.31,20.58,99.58,411.83,0.8583,-1,-1,-1
148,31,298.23,177.73,23.79,82.93,0.3982,-1,-1,-1
149,1,316.71,0.21,294.36,475.96,0.8849,-1,-1,-1
149,2,2.37,1.21,219.66,477.70,0.8584,-1,-1,-1
149,17,188.06,20.96,96.71,410.60,0.8564,-1,-1,-1
149,31,300.24,178.20,22.34,83.92,0.4503,-1,-1,-1
149,42,289.67,197.41,19.84,62.25,0.4409,-1,-1,-1
150,1,316.15,0.31,297.84,477.69,0.8775,-1,-1,-1
150,2,2.48,1.46,222.23,478.04,0.8666,-1,-1,-1
150,17,189.67,21.75,95.06,411.91,0.8526,-1,-1,-1
151,1,316.78,0.45,296.51,478.36,0.8437,-1,-1,-1
151,2,3.74,1.43,223.64,478.07,0.8561,-1,-1,-1
151,17,192.24,22.28,92.03,413.18,0.8591,-1,-1,-1
152,1,316.96,0.10,292.20,478.54,0.7839,-1,-1,-1
152,2,7.02,0.98,223.50,478.85,0.8586,-1,-1,-1
152,17,193.49,22.06,90.65,413.15,0.8665,-1,-1,-1
153,1,313.02,0.31,290.83,475.98,0.8181,-1,-1,-1
153,2,9.16,0.85,223.78,475.59,0.8399,-1,-1,-1
153,17,193.84,21.89,89.46,411.34,0.8636,-1,-1,-1
154,1,308.28,0.69,288.62,477.44,0.8766,-1,-1,-1
154,2,7.50,0.61,226.05,474.42,0.8284,-1,-1,-1
154,17,193.23,21.67,89.68,412.37,0.8523,-1,-1,-1
154,22,0.21,80.04,45.20,386.31,0.3527,-1,-1,-1
154,5,502.98,188.64,25.89,79.40,0.6720,-1,-1,-1
154,37,553.76,206.32,15.44,36.92,0.4258,-1,-1,-1
155,1,305.99,0.77,285.91,478.62,0.8916,-1,-1,-1
155,2,8.01,0.79,226.07,475.67,0.8269,-1,-1,-1
155,17,192.80,22.07,89.85,413.66,0.8441,-1,-1,-1
155,22,0.32,79.38,44.12,386.50,0.3324,-1,-1,-1
155,5,501.01,191.48,27.11,77.43,0.6320,-1,-1,-1
155,37,553.55,205.38,16.04,37.16,0.3844,-1,-1,-1
156,1,304.96,0.49,281.66,479.58,0.9024,-1,-1,-1
156,2,7.03,0.71,227.23,477.17,0.8638,-1,-1,-1
156,17,192.25,21.98,89.54,413.78,0.8660,-1,-1,-1
156,5,499.19,194.13,27.87,75.59,0.5653,-1,-1,-1
156,37,552.34,207.78,15.55,34.92,0.3116,-1,-1,-1
157,1,303.22,0.12,267.75,480.16,0.9151,-1,-1,-1
157,2,7.05,0.31,226.74,476.09,0.8367,-1,-1,-1
157,17,191.48,21.16,89.13,415.41,0.8651,-1,-1,-1
157,5,498.01,194.51,29.05,76.39,0.5832,-1,-1,-1
157,37,553.88,209.76,14.51,33.01,0.3182,-1,-1,-1
158,1,303.77,-0.16,242.11,480.59,0.9172,-1,-1,-1
158,2,6.20,-0.26,225.49,477.70,0.8401,-1,-1,-1
158,17,190.94,19.69,88.96,418.14,0.8586,-1,-1,-1
158,5,497.35,195.63,29.68,75.63,0.5185,-1,-1,-1
158,37,552.52,209.54,16.06,33.59,0.4272,-1,-1,-1
158,44,589.76,0.86,49.72,255.03,0.4965,-1,-1,-1
159,1,300.95,-0.08,224.10,480.78,0.9095,-1,-1,-1
159,2,4.42,-0.12,226.63,478.57,0.8463,-1,-1,-1
159,17,190.58,18.98,90.75,418.57,0.8466,-1,-1,-1
159,5,496.78,188.25,30.92,84.04,0.7013,-1,-1,-1
159,37,550.38,206.94,17.05,37.21,0.3318,-1,-1,-1
159,44,587.95,0.43,51.59,252.40,0.3510,-1,-1,-1
159,45,526.91,195.25,20.54,56.37,0.4933,-1,-1,-1
159,22,-0.06,76.48,39.63,393.23,0.4543,-1,-1,-1
160,1,301.63,0.22,205.29,477.33,0.9183,-1,-1,-1
160,2,0.98,0.20,227.81,479.13,0.8645,-1,-1,-1
160,17,189.86,18.61,90.72,420.04,0.8495,-1,-1,-1
160,5,496.17,186.24,31.89,86.42,0.7204,-1,-1,-1
160,22,-0.45,75.98,39.61,394.08,0.4342,-1,-1,-1
161,1,296.57,-0.34,203.80,480.15,0.9106,-1,-1,-1
161,2,-0.36,-0.03,228.45,480.44,0.8620,-1,-1,-1
161,17,188.81,17.76,91.33,421.55,0.8480,-1,-1,-1
161,5,495.97,186.02,32.36,86.70,0.6946,-1,-1,-1
161,22,-0.77,75.41,37.16,394.17,0.4413,-1,-1,-1
161,44,585.87,0.53,53.89,250.15,0.3898,-1,-1,-1
162,1,291.88,-0.13,208.11,477.24,0.9057,-1,-1,-1
162,2,-0.29,-0.15,229.58,480.03,0.8341,-1,-1,-1
162,17,188.47,15.81,93.76,422.73,0.8529,-1,-1,-1
162,5,497.21,184.57,32.51,88.13,0.7159,-1,-1,-1
162,22,-0.11,73.16,35.68,391.96,0.3495,-1,-1,-1
162,44,588.56,0.34,51.92,248.96,0.3289,-1,-1,-1
162,45,525.00,193.43,19.61,58.98,0.4749,-1,-1,-1
163,1,288.75,0.00,210.74,476.71,0.9063,-1,-1,-1
163,2,-0.95,0.06,229.26,477.48,0.8299,-1,-1,-1
163,17,187.43,15.22,94.13,426.31,0.8500,-1,-1,-1
163,5,497.10,183.90,33.58,88.78,0.7191,-1,-1,-1
163,22,-0.57,71.21,35.48,380.13,0.3299,-1,-1,-1
163,44,589.45,0.35,50.80,248.67,0.3877,-1,-1,-1
164,1,288.47,0.03,210.26,475.85,0.9039,-1,-1,-1
164,2,-1.11,0.00,226.63,476.62,0.8047,-1,-1,-1
164,17,186.36,13.59,94.20,428.76,0.8366,-1,-1,-1
164,5,496.22,182.73,33.22,89.92,0.7221,-1,-1,-1
164,22,-0.72,71.10,33.52,369.73,0.3528,-1,-1,-1
165,1,292.37,-0.15,207.01,479.20,0.9196,-1,-1,-1
165,2,-0.94,0.17,225.00,476.52,0.8194,-1,-1,-1
165,17,186.58,13.29,93.89,429.41,0.8456,-1,-1,-1
165,5,496.49,182.96,33.48,89.93,0.7144,-1,-1,-1
165,22,-0.52,75.75,30.53,353.96,0.3294,-1,-1,-1
166,1,294.86,-0.32,205.55,479.93,0.9216,-1,-1,-1
166,2,-0.22,-0.12,223.62,476.85,0.8165,-1,-1,-1
166,17,186.06,12.05,94.70,430.94,0.8412,-1,-1,-1
166,5,496.84,182.43,33.38,90.00,0.7192,-1,-1,-1
167,1,294.20,-0.15,205.84,480.32,0.9166,-1,-1,-1
167,2,-0.87,0.37,222.26,474.41,0.7956,-1,-1,-1
167,17,184.45,10.97,94.97,432.61,0.8182,-1,-1,-1
167,5,496.07,183.13,33.94,89.44,0.7212,-1,-1,-1
168,1,293.51,-0.16,206.21,480.13,0.9129,-1,-1,-1
168,2,-0.61,0.43,221.43,474.35,0.8193,-1,-1,-1
168,17,183.56,10.47,95.18,432.80,0.8436,-1,-1,-1
168,5,495.88,182.61,34.24,89.63,0.7227,-1,-1,-1
168,47,547.46,201.16,20.64,44.65,0.3971,-1,-1,-1
169,1,288.36,0.87,211.72,475.69,0.9026,-1,-1,-1
169,2,-0.14,0.72,221.00,473.93,0.7547,-1,-1,-1
169,17,183.21,10.54,96.06,433.50,0.8432,-1,-1,-1
169,5,496.33,183.34,33.84,89.38,0.7323,-1,-1,-1
169,47,548.08,202.54,20.26,42.67,0.3257,-1,-1,-1
170,1,282.96,0.85,216.82,474.92,0.8991,-1,-1,-1
170,2,-0.25,0.15,220.05,472.97,0.7600,-1,-1,-1
170,17,182.81,9.86,96.10,435.86,0.8438,-1,-1,-1
170,5,496.47,183.10,33.79,90.02,0.7139,-1,-1,-1
170,45,526.59,188.77,17.75,63.82,0.3592,-1,-1,-1
171,1,280.13,1.04,218.88,474.06,0.9022,-1,-1,-1
171,2,0.10,0.25,218.92,472.89,0.7945,-1,-1,-1
171,17,182.27,9.90,96.46,436.70,0.8462,-1,-1,-1
172,1,280.70,0.98,219.19,474.53,0.8971,-1,-1,-1
172,2,0.22,0.57,219.15,474.41,0.8448,-1,-1,-1
172,17,182.43,9.93,97.04,437.52,0.8467,-1,-1,-1
173,1,280.60,1.09,220.20,472.39,0.8991,-1,-1,-1
173,2,-0.12,2.50,221.74,472.57,0.8155,-1,-1,-1
173,17,180.78,10.86,101.06,434.24,0.8485,-1,-1,-1
174,1,281.36,1.23,217.64,474.21,0.9030,-1,-1,-1
174,2,-0.02,1.52,219.84,473.72,0.8274,-1,-1,-1
174,17,180.54,10.70,99.66,435.07,0.8488,-1,-1,-1
175,1,280.51,1.32,218.66,475.60,0.8518,-1,-1,-1
175,2,-0.01,1.37,219.61,475.21,0.8592,-1,-1,-1
175,17,179.82,11.23,100.94,439.80,0.8492,-1,-1,-1
176,1,282.80,0.43,216.57,478.36,0.8983,-1,-1,-1
176,2,0.20,0.39,219.20,476.78,0.8271,-1,-1,-1
176,17,180.63,11.19,100.35,440.08,0.8400,-1,-1,-1
177,1,283.61,1.03,214.19,476.58,0.8925,-1,-1,-1
177,2,1.41,-0.47,216.75,475.53,0.7940,-1,-1,-1
177,17,181.85,11.58,97.24,439.28,0.8551,-1,-1,-1
178,1,283.13,0.92,215.35,476.59,0.9043,-1,-1,-1
178,2,2.23,-0.37,215.49,475.77,0.8280,-1,-1,-1
178,17,181.64,11.54,97.47,436.41,0.8604,-1,-1,-1
178,37,547.50,202.93,18.85,42.87,0.5523,-1,-1,-1
178,5,495.58,183.05,34.65,89.33,0.7167,-1,-1,-1
179,1,272.44,0.62,227.24,477.16,0.8599,-1,-1,-1
179,2,0.91,-0.29,217.00,476.12,0.8366,-1,-1,-1
179,17,181.25,11.17,98.00,439.30,0.8657,-1,-1,-1
179,37,548.37,203.95,18.25,41.67,0.4060,-1,-1,-1
179,5,496.33,183.29,34.03,89.60,0.7313,-1,-1,-1
180,1,279.55,0.07,221.16,478.82,0.9031,-1,-1,-1
180,2,0.65,-0.25,217.72,477.37,0.8417,-1,-1,-1
180,17,181.03,11.09,98.53,438.73,0.8560,-1,-1,-1
180,37,549.66,205.48,17.48,40.57,0.3466,-1,-1,-1
180,5,496.79,183.33,33.49,89.57,0.7044,-1,-1,-1
181,1,281.00,0.22,220.57,479.55,0.9067,-1,-1,-1
181,2,0.40,0.21,218.10,476.96,0.8206,-1,-1,-1
181,17,181.87,11.69,97.66,437.91,0.8607,-1,-1,-1
181,37,549.91,206.33,17.33,40.22,0.3743,-1,-1,-1
181,5,496.92,183.63,33.03,89.41,0.7025,-1,-1,-1
182,1,282.11,0.26,220.47,477.12,0.9032,-1,-1,-1
182,2,0.20,-0.25,217.49,475.51,0.8315,-1,-1,-1
182,17,181.58,11.00,97.04,436.57,0.8435,-1,-1,-1
182,5,496.76,183.76,32.61,88.88,0.7112,-1,-1,-1
183,1,282.89,0.34,220.90,476.53,0.9035,-1,-1,-1
183,2,0.22,-0.02,218.19,476.06,0.8451,-1,-1,-1
183,17,182.04,11.27,96.49,436.37,0.8514,-1,-1,-1
183,5,497.20,184.38,31.56,88.17,0.7189,-1,-1,-1
183,37,549.04,205.98,16.26,40.50,0.3510,-1,-1,-1
184,1,284.73,0.64,220.92,475.91,0.9052,-1,-1,-1
184,2,0.34,0.25,218.39,475.49,0.8220,-1,-1,-1
184,17,181.68,11.41,97.01,435.88,0.8483,-1,-1,-1
184,5,498.12,184.33,30.25,88.44,0.7044,-1,-1,-1
184,48,524.08,187.73,25.20,69.43,0.5913,-1,-1,-1
185,1,287.63,0.74,219.83,475.33,0.8970,-1,-1,-1
185,2,0.23,0.34,218.58,475.63,0.8311,-1,-1,-1
185,17,181.18,11.50,97.45,435.65,0.8490,-1,-1,-1
185,5,498.77,184.54,29.53,87.88,0.7017,-1,-1,-1
185,48,523.36,188.80,25.49,67.50,0.4258,-1,-1,-1
186,1,292.73,0.97,216.36,474.87,0.9137,-1,-1,-1
186,2,0.17,0.29,218.72,476.43,0.8593,-1,-1,-1
186,17,181.36,11.40,97.33,436.00,0.8525,-1,-1,-1
186,5,499.05,185.30,28.84,86.61,0.6988,-1,-1,-1
186,48,522.92,188.12,23.33,68.35,0.5184,-1,-1,-1
187,1,294.33,1.08,215.73,474.83,0.9097,-1,-1,-1
187,2,-0.02,0.36,218.83,476.16,0.8708,-1,-1,-1
187,17,181.93,11.47,96.58,435.98,0.8491,-1,-1,-1
187,5,499.40,185.66,28.12,85.74,0.6706,-1,-1,-1
187,48,522.76,191.01,21.29,65.65,0.5338,-1,-1,-1
188,1,295.77,0.99,214.58,474.50,0.9124,-1,-1,-1
188,2,-0.03,0.31,218.75,476.15,0.8590,-1,-1,-1
188,17,181.37,11.32,97.06,435.84,0.8515,-1,-1,-1
188,5,499.82,185.45,27.97,86.17,0.6809,-1,-1,-1
188,48,522.58,192.04,19.65,66.82,0.4157,-1,-1,-1
188,31,292.88,178.65,23.68,77.09,0.4587,-1,-1,-1
189,1,296.73,0.88,213.47,474.15,0.9132,-1,-1,-1
189,2,0.05,0.16,218.62,475.83,0.8383,-1,-1,-1
189,17,181.39,10.96,96.77,435.97,0.8536,-1,-1,-1
189,5,499.69,184.87,28.36,86.78,0.6820,-1,-1,-1
189,48,523.46,190.30,19.98,69.07,0.5306,-1,-1,-1
189,31,293.63,178.07,23.45,76.33,0.3287,-1,-1,-1
190,1,296.87,0.81,213.26,474.51,0.9129,-1,-1,-1
190,2,0.00,0.20,218.54,475.59,0.8498,-1,-1,-1
190,17,181.58,10.97,96.44,435.16,0.8423,-1,-1,-1
190,5,499.33,185.38,28.71,86.11,0.6711,-1,-1,-1
190,48,523.33,189.43,19.92,70.39,0.5004,-1,-1,-1
190,31,293.76,178.14,23.30,77.71,0.4623,-1,-1,-1
191,1,296.95,0.96,212.79,474.56,0.9146,-1,-1,-1
191,2,-0.02,0.36,218.38,475.69,0.8552,-1,-1,-1
191,17,181.48,10.92,96.49,435.61,0.8468,-1,-1,-1
191,5,499.00,185.07,29.14,86.94,0.6865,-1,-1,-1
191,48,524.35,189.56,20.62,70.03,0.4338,-1,-1,-1
191,31,294.38,178.08,23.05,78.07,0.5033,-1,-1,-1
192,1,296.19,0.96,213.53,474.45,0.9103,-1,-1,-1
192,2,-0.07,0.37,218.36,475.65,0.8473,-1,-1,-1
192,17,180.96,11.01,97.16,435.71,0.8523,-1,-1,-1
192,5,498.89,184.71,29.31,86.98,0.6716,-1,-1,-1
192,31,294.39,178.26,23.05,77.72,0.4818,-1,-1,-1
193,1,295.11,0.82,214.54,474.55,0.9086,-1,-1,-1
193,2,-0.10,0.36,218.03,474.83,0.8335,-1,-1,-1
193,17,181.15,11.10,96.92,436.19,0.8511,-1,-1,-1
193,5,498.92,184.81,29.12,87.31,0.6919,-1,-1,-1
193,31,293.54,177.60,23.63,77.76,0.3567,-1,-1,-1
193,48,524.80,189.18,23.92,71.68,0.3441,-1,-1,-1
194,1,291.88,0.55,217.47,475.40,0.8972,-1,-1,-1
194,2,-0.01,0.26,217.45,475.57,0.8347,-1,-1,-1
194,17,180.47,10.95,97.40,436.67,0.8552,-1,-1,-1
194,5,499.11,184.71,28.98,87.58,0.6949,-1,-1,-1
194,48,523.59,188.94,26.06,72.68,0.3116,-1,-1,-1
195,1,287.32,0.36,221.59,476.04,0.8812,-1,-1,-1
195,2,-0.19,0.29,217.18,475.79,0.8490,-1,-1,-1
195,17,179.91,10.83,97.39,436.95,0.8556,-1,-1,-1
195,5,498.77,184.33,28.64,88.22,0.6763,-1,-1,-1
196,1,283.89,0.42,225.06,476.28,0.8901,-1,-1,-1
196,2,-0.07,0.41,216.96,474.79,0.7973,-1,-1,-1
196,17,179.05,10.90,98.45,437.02,0.8553,-1,-1,-1
196,5,499.32,183.87,28.73,88.87,0.6643,-1,-1,-1
197,1,281.72,0.46,228.03,476.66,0.8978,-1,-1,-1
197,2,-0.04,0.53,217.30,474.51,0.8443,-1,-1,-1
197,17,178.23,10.55,99.25,437.54,0.8517,-1,-1,-1
197,5,499.18,184.27,29.10,88.21,0.6447,-1,-1,-1
197,48,525.90,189.57,26.85,73.28,0.3969,-1,-1,-1
198,1,280.67,0.63,228.53,476.26,0.9113,-1,-1,-1
198,2,-0.18,0.55,216.67,474.66,0.8636,-1,-1,-1
198,17,177.19,10.47,99.09,438.29,0.8590,-1,-1,-1
198,5,498.94,184.63,29.75,87.88,0.6915,-1,-1,-1
198,48,526.89,188.69,33.43,74.53,0.3527,-1,-1,-1
199,1,279.15,0.53,229.73,476.75,0.9094,-1,-1,-1
199,2,-0.45,1.07,216.70,474.01,0.8072,-1,-1,-1
199,17,175.82,10.93,98.81,438.17,0.8502,-1,-1,-1
199,5,498.16,184.64,30.43,86.94,0.6871,-1,-1,-1
199,48,525.38,187.24,29.96,75.95,0.4133,-1,-1,-1
199,47,540.14,187.22,23.34,73.72,0.3555,-1,-1,-1
200,1,277.18,0.61,231.49,476.15,0.9050,-1,-1,-1
200,2,-0.38,3.83,216.52,470.78,0.7861,-1,-1,-1
200,17,174.60,11.59,97.44,437.97,0.8485,-1,-1,-1
200,5,498.04,184.97,30.70,87.17,0.7191,-1,-1,-1
200,48,527.93,186.15,34.04,75.02,0.4081,-1,-1,-1
200,47,532.78,186.13,31.70,74.60,0.4081,-1,-1,-1
201,1,274.53,0.18,233.37,478.81,0.9075,-1,-1,-1
201,2,-0.41,3.51,216.54,470.92,0.7750,-1,-1,-1
201,17,170.75,12.49,98.66,438.61,0.8344,-1,-1,-1
201,5,497.52,185.14,30.38,87.36,0.7009,-1,-1,-1
202,1,272.95,0.03,234.18,479.99,0.9087,-1,-1,-1
202,2,-0.73,6.11,217.02,469.69,0.7269,-1,-1,-1
202,17,165.52,14.43,100.22,437.03,0.8103,-1,-1,-1
202,5,497.16,185.33,30.10,87.32,0.6884,-1,-1,-1
202,48,525.62,188.43,28.86,75.61,0.3470,-1,-1,-1
203,1,272.62,0.05,233.78,479.19,0.8960,-1,-1,-1
203,2,-0.35,12.04,215.50,463.98,0.6432,-1,-1,-1
203,17,158.28,16.25,104.56,433.96,0.7759,-1,-1,-1
203,5,496.86,185.02,29.90,87.89,0.7030,-1,-1,-1
203,48,524.59,188.25,28.11,76.59,0.5196,-1,-1,-1
204,1,271.99,0.74,233.73,476.05,0.8902,-1,-1,-1
204,2,-0.59,5.78,215.18,467.67,0.6962,-1,-1,-1
204,17,155.42,18.50,103.57,424.49,0.8094,-1,-1,-1
204,5,495.38,185.94,29.78,87.31,0.7610,-1,-1,-1
204,48,521.07,189.09,30.37,76.80,0.5677,-1,-1,-1
205,1,271.73,0.74,234.57,474.83,0.8818,-1,-1,-1
205,2,-0.24,2.41,214.39,469.45,0.6692,-1,-1,-1
205,17,153.80,20.12,99.72,416.45,0.8102,-1,-1,-1
205,5,495.94,186.36,28.99,86.47,0.7396,-1,-1,-1
205,48,521.66,188.30,30.21,78.12,0.5854,-1,-1,-1
206,1,269.70,0.62,236.69,474.38,0.8896,-1,-1,-1
206,2,-0.35,1.97,213.04,470.76,0.6222,-1,-1,-1
206,17,152.59,22.44,96.95,409.29,0.7806,-1,-1,-1
206,5,495.33,186.41,29.25,85.77,0.7051,-1,-1,-1
206,48,522.94,187.20,29.80,78.33,0.4710,-1,-1,-1
207,1,270.37,0.88,235.85,474.02,0.8838,-1,-1,-1
207,2,-0.32,2.19,212.12,469.87,0.5666,-1,-1,-1
207,17,154.07,24.65,93.84,399.43,0.7154,-1,-1,-1
207,5,494.98,186.08,28.86,86.02,0.7399,-1,-1,-1
207,48,520.43,185.96,30.87,79.57,0.5179,-1,-1,-1
208,1,265.25,0.59,241.29,474.59,0.8869,-1,-1,-1
208,2,-0.15,0.83,211.22,472.56,0.7748,-1,-1,-1
208,17,161.91,28.69,87.75,381.24,0.7922,-1,-1,-1
208,5,493.87,186.36,29.50,86.72,0.7037,-1,-1,-1
208,48,519.60,186.51,33.53,78.79,0.4415,-1,-1,-1
209,1,262.30,0.81,244.71,474.94,0.8913,-1,-1,-1
209,2,0.25,0.42,209.49,473.68,0.7688,-1,-1,-1
209,17,167.53,32.63,82.63,368.49,0.7931,-1,-1,-1
209,5,494.22,186.16,29.18,86.71,0.7292,-1,-1,-1
209,48,520.59,186.06,33.82,80.94,0.4602,-1,-1,-1
210,1,257.77,0.97,248.23,475.68,0.8626,-1,-1,-1
210,2,0.13,1.11,206.02,474.03,0.8731,-1,-1,-1
210,17,171.32,41.94,80.25,355.68,0.8382,-1,-1,-1
210,5,492.89,185.79,30.13,87.72,0.7283,-1,-1,-1
210,48,519.93,186.22,27.87,80.85,0.4350,-1,-1,-1
211,1,263.78,1.13,241.67,476.24,0.8113,-1,-1,-1
211,2,0.17,1.27,202.47,475.22,0.8799,-1,-1,-1
211,17,171.96,47.07,82.70,349.10,0.8474,-1,-1,-1
211,5,492.04,184.26,31.11,89.10,0.7399,-1,-1,-1
211,48,523.32,185.33,25.63,80.76,0.4119,-1,-1,-1
212,1,263.29,1.60,241.72,476.25,0.8355,-1,-1,-1
212,2,-0.16,1.63,199.08,473.25,0.8260,-1,-1,-1
212,17,170.38,53.58,89.74,344.40,0.8593,-1,-1,-1
212,5,491.08,185.62,30.57,89.41,0.7197,-1,-1,-1
212,48,524.30,186.67,31.36,79.57,0.3879,-1,-1,-1
213,1,255.10,1.21,248.56,477.17,0.8697,-1,-1,-1
213,2,-0.50,2.13,191.71,473.98,0.7969,-1,-1,-1
213,17,168.15,54.69,98.99,342.98,0.8614,-1,-1,-1
213,5,490.11,184.94,29.81,89.55,0.6653,-1,-1,-1
213,48,522.06,186.11,27.13,80.11,0.4450,-1,-1,-1
214,1,253.68,1.29,247.48,476.63,0.8787,-1,-1,-1
214,2,-0.31,1.74,185.94,475.98,0.8096,-1,-1,-1
214,17,159.38,56.93,114.21,348.81,0.8709,-1,-1,-1
214,5,489.48,184.85,29.10,89.88,0.7140,-1,-1,-1
214,48,518.94,185.51,26.82,82.22,0.5564,-1,-1,-1
215,1,254.78,1.09,244.10,475.55,0.8978,-1,-1,-1
215,2,0.31,1.02,183.09,476.24,0.7638,-1,-1,-1
215,17,160.55,57.83,117.55,345.05,0.8818,-1,-1,-1
215,5,486.63,184.99,31.77,89.65,0.7066,-1,-1,-1
215,48,517.06,184.82,26.56,83.26,0.5473,-1,-1,-1
215,37,539.13,198.58,20.20,54.30,0.4529,-1,-1,-1
216,1,255.28,0.52,240.70,475.87,0.8769,-1,-1,-1
216,2,0.82,0.36,179.25,474.80,0.7176,-1,-1,-1
216,17,165.39,59.54,116.17,340.83,0.8860,-1,-1,-1
216,5,487.26,184.53,29.49,89.94,0.7329,-1,-1,-1
216,48,521.61,186.80,20.50,79.53,0.4099,-1,-1,-1
216,37,537.44,197.88,20.63,53.78,0.4393,-1,-1,-1
217,1,278.18,1.10,216.35,477.16,0.8183,-1,-1,-1
217,2,1.65,0.20,177.68,475.84,0.8026,-1,-1,-1
217,17,169.42,61.95,115.77,337.96,0.8841,-1,-1,-1
217,5,485.99,183.03,30.81,91.09,0.7294,-1,-1,-1
217,48,522.45,185.58,19.11,79.63,0.5048,-1,-1,-1
217,37,537.80,196.71,19.75,54.34,0.4278,-1,-1,-1
218,1,269.31,2.49,221.45,476.50,0.7992,-1,-1,-1
218,2,2.57,1.64,178.39,475.71,0.7906,-1,-1,-1
218,17,173.36,68.75,114.72,330.91,0.8689,-1,-1,-1
218,5,482.96,182.80,31.06,93.41,0.7213,-1,-1,-1
218,48,521.64,189.85,18.36,76.65,0.3865,-1,-1,-1
219,1,287.14,1.83,201.26,477.07,0.8272,-1,-1,-1
219,2,3.23,1.46,179.77,474.49,0.8156,-1,-1,-1
219,17,180.18,74.35,111.71,324.90,0.8703,-1,-1,-1
219,5,481.86,181.53,30.82,93.85,0.7533,-1,-1,-1
219,48,510.94,186.81,26.58,80.95,0.4128,-1,-1,-1
220,1,293.28,8.89,191.95,468.70,0.7502,-1,-1,-1
220,2,4.55,2.32,182.68,472.92,0.8105,-1,-1,-1
220,17,186.93,80.62,107.13,316.27,0.8613,-1,-1,-1
220,5,480.70,181.37,30.86,94.86,0.7701,-1,-1,-1
220,48,509.83,185.92,27.10,83.03,0.5773,-1,-1,-1
221,1,278.09,19.41,208.11,458.74,0.8683,-1,-1,-1
221,2,4.19,2.99,188.53,472.64,0.7595,-1,-1,-1
221,17,190.96,87.81,105.08,303.24,0.8713,-1,-1,-1
221,5,482.90,182.20,27.40,93.75,0.7413,-1,-1,-1
221,48,507.69,185.46,28.71,83.83,0.6150,-1,-1,-1
221,37,537.44,200.46,20.92,52.03,0.3590,-1,-1,-1
222,1,282.52,26.19,208.54,451.13,0.9130,-1,-1,-1
222,2,4.10,3.25,195.30,474.03,0.5482,-1,-1,-1
222,17,197.40,91.02,103.37,291.36,0.8688,-1,-1,-1
222,5,486.29,182.01,25.07,92.03,0.6505,-1,-1,-1
222,48,507.52,182.67,30.08,85.46,0.6739,-1,-1,-1
222,37,538.93,202.26,21.06,49.93,0.4664,-1,-1,-1
223,1,288.97,31.17,205.59,446.27,0.8906,-1,-1,-1
223,2,3.83,1.46,205.28,471.17,0.7694,-1,-1,-1
223,17,203.49,93.02,98.35,276.13,0.8623,-1,-1,-1
223,5,488.36,181.72,22.52,95.43,0.4524,-1,-1,-1
223,48,506.79,182.57,29.63,87.08,0.4495,-1,-1,-1
223,37,538.36,202.79,21.74,49.52,0.5080,-1,-1,-1
224,1,291.55,34.55,204.33,443.96,0.9124,-1,-1,-1
224,2,2.40,0.78,211.92,473.04,0.6642,-1,-1,-1
224,17,208.13,95.23,94.11,270.19,0.8636,-1,-1,-1
224,5,488.71,182.01,22.91,95.52,0.5208,-1,-1,-1
224,48,507.75,184.28,26.91,86.84,0.3165,-1,-1,-1
224,37,538.08,202.82,21.95,50.23,0.5157,-1,-1,-1
225,1,293.45,38.42,202.30,439.32,0.9179,-1,-1,-1
225,2,2.42,0.66,217.53,474.98,0.8392,-1,-1,-1
225,17,214.01,100.82,90.46,264.55,0.8740,-1,-1,-1
225,5,487.22,183.03,26.72,94.86,0.6243,-1,-1,-1
225,37,538.57,201.33,22.35,52.03,0.5121,-1,-1,-1
226,1,295.34,42.74,195.73,436.15,0.9127,-1,-1,-1
226,2,1.47,1.88,224.17,473.75,0.8229,-1,-1,-1
226,17,219.29,106.74,86.78,259.48,0.8761,-1,-1,-1
226,5,485.42,181.08,28.96,97.26,0.6673,-1,-1,-1
226,37,538.96,201.75,23.00,52.92,0.5074,-1,-1,-1
226,48,510.00,188.25,22.61,83.20,0.4362,-1,-1,-1
227,1,298.11,48.94,186.42,431.09,0.9026,-1,-1,-1
227,2,0.58,2.10,226.64,474.73,0.8159,-1,-1,-1
227,17,222.02,111.50,86.51,250.66,0.8699,-1,-1,-1
227,5,482.11,181.08,31.71,99.38,0.7179,-1,-1,-1
227,37,539.19,201.95,22.39,53.59,0.5437,-1,-1,-1
227,48,509.72,189.22,21.64,83.34,0.4042,-1,-1,-1
228,1,301.60,54.13,176.15,425.58,0.9124,-1,-1,-1
228,2,0.01,1.67,230.39,475.67,0.9135,-1,-1,-1
228,17,228.92,112.64,84.40,245.45,0.8428,-1,-1,-1
228,5,481.58,180.81,33.38,101.87,0.7388,-1,-1,-1
228,37,541.04,202.13,21.72,54.54,0.5633,-1,-1,-1
228,48,510.12,187.12,21.66,85.54,0.3751,-1,-1,-1
229,1,305.58,60.99,162.59,419.80,0.9038,-1,-1,-1
229,2,0.69,2.33,227.91,475.93,0.9023,-1,-1,-1
229,17,235.56,112.54,85.05,234.08,0.8608,-1,-1,-1
229,5,483.47,183.62,32.50,101.56,0.6981,-1,-1,-1
229,37,542.54,201.61,23.06,57.03,0.5926,-1,-1,-1
230,1,308.35,65.52,153.80,414.87,0.8855,-1,-1,-1
230,2,-0.49,1.67,226.08,477.81,0.8908,-1,-1,-1
230,17,239.01,111.87,84.59,229.45,0.8486,-1,-1,-1
230,5,484.91,183.29,32.46,102.80,0.6962,-1,-1,-1
230,37,544.71,200.36,22.03,58.56,0.6460,-1,-1,-1
230,52,454.92,169.05,32.10,122.34,0.6901,-1,-1,-1
231,1,308.61,66.41,149.17,414.02,0.8866,-1,-1,-1
231,2,-1.43,3.22,225.33,474.06,0.7200,-1,-1,-1
231,17,243.71,111.18,83.88,227.95,0.8647,-1,-1,-1
231,5,487.80,182.92,30.79,103.40,0.7233,-1,-1,-1
231,37,550.01,199.26,22.38,59.17,0.6640,-1,-1,-1
231,52,453.77,165.93,36.91,125.58,0.7728,-1,-1,-1
231,48,514.56,185.58,22.57,88.25,0.4094,-1,-1,-1
232,1,320.94,66.38,138.37,414.01,0.8691,-1,-1,-1
232,2,-0.93,3.98,223.84,474.96,0.8021,-1,-1,-1
232,17,250.48,113.16,81.77,226.78,0.8517,-1,-1,-1
232,5,492.86,183.04,27.07,102.72,0.6563,-1,-1,-1
232,37,553.18,199.51,25.33,60.39,0.5282,-1,-1,-1
232,52,455.97,163.30,41.06,129.79,0.7573,-1,-1,-1
232,53,577.81,155.75,62.64,190.65,0.6592,-1,-1,-1
232,48,515.47,184.57,24.31,91.48,0.5437,-1,-1,-1
233,1,331.43,65.24,131.39,415.41,0.8699,-1,-1,-1
233,2,0.56,1.38,222.02,473.92,0.5810,-1,-1,-1
233,17,258.23,117.09,79.20,223.48,0.8270,-1,-1,-1
233,5,501.64,180.21,21.73,100.35,0.3929,-1,-1,-1
233,37,558.36,199.30,25.42,61.46,0.6117,-1,-1,-1
233,52,465.06,160.54,39.58,133.22,0.6889,-1,-1,-1
233,53,578.40,162.15,62.88,190.78,0.3391,-1,-1,-1
233,48,521.62,184.88,21.65,92.45,0.5433,-1,-1,-1
234,1,327.56,68.81,152.89,412.09,0.8999,-1,-1,-1
234,2,0.84,0.02,223.03,473.61,0.6604,-1,-1,-1
234,17,265.93,120.22,76.35,218.17,0.8079,-1,-1,-1
234,37,566.16,201.67,22.74,59.32,0.5038,-1,-1,-1
234,52,475.52,159.80,38.36,133.39,0.5218,-1,-1,-1
234,53,585.13,166.75,56.11,210.24,0.4554,-1,-1,-1
234,48,522.24,184.71,24.71,92.93,0.4931,-1,-1,-1
235,1,335.00,73.46,161.71,407.63,0.8958,-1,-1,-1
235,2,5.68,-0.62,220.78,477.81,0.8443,-1,-1,-1
235,17,272.07,121.84,76.31,213.68,0.8104,-1,-1,-1
235,37,571.50,200.10,26.35,62.39,0.4993,-1,-1,-1
235,52,484.47,159.12,37.37,131.46,0.3937,-1,-1,-1
235,48,527.68,186.80,23.69,93.21,0.4074,-1,-1,-1
236,1,342.92,78.11,166.39,402.59,0.8977,-1,-1,-1
236,2,7.79,-0.45,222.94,478.30,0.8866,-1,-1,-1
236,17,279.43,119.41,73.96,207.12,0.7916,-1,-1,-1
236,37,576.35,194.17,28.31,67.69,0.5551,-1,-1,-1
236,52,501.64,168.75,31.41,119.89,0.3169,-1,-1,-1
236,48,531.36,190.43,25.34,88.37,0.4800,-1,-1,-1
236,54,1.31,114.01,43.45,216.65,0.5003,-1,-1,-1
236,53,608.06,169.72,32.69,263.74,0.5690,-1,-1,-1
237,1,359.76,86.73,165.22,395.84,0.9058,-1,-1,-1
237,2,10.17,4.50,229.41,476.42,0.8752,-1,-1,-1
237,17,288.63,120.61,73.85,204.37,0.8394,-1,-1,-1
237,37,586.68,194.95,27.95,69.44,0.5668,-1,-1,-1
237,48,542.27,187.19,21.22,94.23,0.4478,-1,-1,-1
237,54,2.84,119.85,53.78,160.50,0.5859,-1,-1,-1
237,53,611.61,195.01,29.20,275.94,0.6431,-1,-1,-1
238,1,371.38,86.93,164.29,394.21,0.9026,-1,-1,-1
238,2,10.37,6.32,235.02,474.65,0.8706,-1,-1,-1
238,17,292.11,120.70,75.93,202.02,0.8212,-1,-1,-1
238,37,591.00,194.77,29.23,69.01,0.5369,-1,-1,-1
238,48,546.41,185.80,20.82,96.65,0.3524,-1,-1,-1
238,54,1.61,117.22,64.34,154.39,0.4626,-1,-1,-1
238,53,610.78,204.29,29.59,278.38,0.5991,-1,-1,-1
238,55,242.11,170.40,30.78,103.20,0.5701,-1,-1,-1
239,1,387.98,88.70,160.44,391.78,0.8984,-1,-1,-1
239,2,6.02,11.97,246.80,469.38,0.8337,-1,-1,-1
239,17,304.10,123.91,69.22,198.61,0.7860,-1,-1,-1
239,37,597.49,197.64,29.93,65.68,0.3590,-1,-1,-1
239,53,602.91,212.28,38.64,273.81,0.3971,-1,-1,-1
239,55,248.42,165.16,32.64,112.90,0.5147,-1,-1,-1
239,31,364.96,175.69,23.45,86.75,0.5241,-1,-1,-1
240,1,397.67,86.04,161.54,378.12,0.8860,-1,-1,-1
240,2,14.09,14.18,247.49,464.98,0.7606,-1,-1,-1
240,17,306.90,124.02,69.48,194.25,0.7561,-1,-1,-1
240,37,599.61,190.24,31.44,70.45,0.5210,-1,-1,-1
240,55,252.97,159.06,37.21,116.59,0.7075,-1,-1,-1
240,31,367.92,177.63,24.58,82.35,0.4230,-1,-1,-1
241,1,407.93,84.36,156.71,375.56,0.8927,-1,-1,-1
241,2,4.19,14.37,260.62,462.01,0.7141,-1,-1,-1
241,17,309.20,123.58,74.06,192.95,0.7989,-1,-1,-1
241,37,599.38,194.78,31.21,62.01,0.3109,-1,-1,-1
241,31,367.51,179.33,24.30,80.66,0.3866,-1,-1,-1
242,1,413.14,86.71,150.91,375.02,0.8769,-1,-1,-1
242,2,31.55,11.38,238.71,466.54,0.8343,-1,-1,-1
242,17,297.12,122.82,87.10,191.17,0.8221,-1,-1,-1
242,59,392.86,180.20,24.86,80.75,0.5069,-1,-1,-1
242,54,21.98,114.57,83.38,139.43,0.4010,-1,-1,-1
242,53,590.78,177.70,47.52,307.53,0.7150,-1,-1,-1
243,1,415.45,88.77,146.99,377.31,0.8920,-1,-1,-1
243,2,45.08,8.61,229.44,468.75,0.8378,-1,-1,-1
243,17,301.31,122.36,81.78,188.50,0.8472,-1,-1,-1
243,59,391.60,180.71,26.24,80.90,0.5727,-1,-1,-1
243,60,8.61,115.38,102.21,325.56,0.3915,-1,-1,-1
243,53,577.96,75.26,58.52,408.93,0.7338,-1,-1,-1
244,1,422.42,91.09,142.37,375.85,0.8873,-1,-1,-1
244,2,67.23,8.68,213.03,466.80,0.7835,-1,-1,-1
244,17,311.63,121.87,71.31,187.42,0.7005,-1,-1,-1
244,59,393.16,179.55,25.58,82.63,0.5854,-1,-1,-1
244,53,553.06,30.22,82.11,453.71,0.8332,-1,-1,-1
244,61,12.62,168.42,54.95,85.77,0.7447,-1,-1,-1
245,1,426.97,89.14,137.13,379.79,0.8594,-1,-1,-1
245,2,69.12,10.65,214.59,453.55,0.8552,-1,-1,-1
245,17,310.81,121.74,72.17,189.45,0.7877,-1,-1,-1
245,59,391.69,179.24,25.84,82.52,0.6204,-1,-1,-1
245,53,534.80,7.53,100.41,474.76,0.7258,-1,-1,-1
245,62,413.31,173.20,30.37,106.02,0.4902,-1,-1,-1
246,1,431.85,87.16,125.61,378.59,0.8571,-1,-1,-1
246,2,72.60,10.72,214.64,460.82,0.9022,-1,-1,-1
246,17,307.18,121.08,75.00,188.56,0.8129,-1,-1,-1
246,59,388.46,175.34,27.80,85.74,0.5734,-1,-1,-1
246,53,527.11,-0.18,108.51,480.86,0.7496,-1,-1,-1
246,62,411.35,169.63,37.14,108.67,0.7345,-1,-1,-1
247,1,435.06,86.18,119.68,365.72,0.8353,-1,-1,-1
247,2,78.38,12.47,210.73,460.77,0.9034,-1,-1,-1
247,17,306.32,122.35,73.83,187.42,0.8134,-1,-1,-1
247,59,386.05,175.47,27.04,84.82,0.6345,-1,-1,-1
247,53,506.43,-3.43,128.89,482.13,0.8081,-1,-1,-1
247,62,408.61,170.69,35.49,106.73,0.7496,-1,-1,-1
248,1,437.12,87.63,125.42,356.60,0.8476,-1,-1,-1
248,2,85.77,10.09,203.88,466.25,0.8323,-1,-1,-1
248,17,306.48,122.77,73.21,188.43,0.8410,-1,-1,-1
248,59,384.33,174.67,27.96,86.83,0.6754,-1,-1,-1
248,53,512.83,-2.24,122.84,483.98,0.8615,-1,-1,-1
248,62,407.84,171.80,34.73,107.63,0.7694,-1,-1,-1
248,67,27.76,195.01,18.77,38.79,0.6141,-1,-1,-1
248,68,285.66,169.02,28.12,93.02,0.5163,-1,-1,-1
249,1,445.81,87.47,122.16,357.89,0.7634,-1,-1,-1
249,2,96.62,7.93,197.86,469.83,0.8886,-1,-1,-1
249,17,311.35,122.36,72.51,186.70,0.8361,-1,-1,-1
249,59,386.46,174.17,28.92,88.06,0.6865,-1,-1,-1
249,53,501.02,-2.25,136.10,483.80,0.8527,-1,-1,-1
249,62,410.64,170.93,34.88,110.15,0.7719,-1,-1,-1
249,67,30.14,195.34,17.45,38.22,0.5671,-1,-1,-1
249,68,290.17,169.56,25.17,92.36,0.6555,-1,-1,-1
250,1,459.31,88.88,121.44,363.79,0.6550,-1,-1,-1
250,2,108.78,8.14,194.03,472.14,0.9175,-1,-1,-1
250,17,318.78,123.95,71.59,183.68,0.8530,-1,-1,-1
250,59,391.17,175.77,29.89,90.81,0.6790,-1,-1,-1
250,53,501.58,-1.55,138.60,486.59,0.8216,-1,-1,-1
250,62,415.32,172.79,35.23,113.01,0.7797,-1,-1,-1
250,67,33.19,197.43,18.11,39.27,0.5369,-1,-1,-1
250,68,297.47,172.94,21.97,91.88,0.5936,-1,-1,-1
250,69,79.99,176.27,35.41,87.15,0.4467,-1,-1,-1
251,2,119.11,8.48,189.38,472.51,0.9128,-1,-1,-1
251,17,324.06,123.92,68.40,182.74,0.8604,-1,-1,-1
251,59,394.66,175.29,28.09,91.98,0.6133,-1,-1,-1
251,53,506.17,-2.44,133.79,487.41,0.8438,-1,-1,-1
251,62,416.20,171.40,36.48,115.99,0.7772,-1,-1,-1
251,67,34.73,196.96,17.33,40.38,0.5071,-1,-1,-1
251,69,79.67,177.09,39.60,89.21,0.5202,-1,-1,-1
252,2,126.37,14.98,188.69,467.16,0.8903,-1,-1,-1
252,17,327.58,128.33,66.48,181.64,0.8593,-1,-1,-1
252,59,397.06,177.72,27.52,92.78,0.5378,-1,-1,-1
252,53,512.21,0.83,127.17,480.50,0.8710,-1,-1,-1
252,62,416.88,174.59,36.33,117.31,0.7352,-1,-1,-1
252,67,36.58,199.79,16.47,40.64,0.4360,-1,-1,-1
252,69,70.76,180.20,48.04,90.29,0.6008,-1,-1,-1
253,2,136.73,24.96,188.18,456.75,0.8998,-1,-1,-1
253,17,333.89,130.49,68.19,181.69,0.8574,-1,-1,-1
253,59,401.85,175.30,27.91,94.96,0.5319,-1,-1,-1
253,53,518.05,2.58,124.42,473.54,0.8819,-1,-1,-1
253,62,421.31,174.38,37.52,119.79,0.6896,-1,-1,-1
253,67,42.57,203.34,15.35,39.62,0.4388,-1,-1,-1
253,69,68.38,181.58,51.09,92.95,0.7021,-1,-1,-1
253,71,463.41,143.52,57.66,177.68,0.7376,-1,-1,-1
254,2,145.79,28.21,184.40,452.75,0.8914,-1,-1,-1
254,17,338.26,133.11,65.12,180.07,0.8497,-1,-1,-1
254,59,404.71,175.41,26.90,95.59,0.4111,-1,-1,-1
254,53,523.39,2.66,117.84,475.22,0.8783,-1,-1,-1
254,62,422.15,172.38,38.30,122.92,0.6798,-1,-1,-1
254,67,44.20,204.01,14.80,39.34,0.3581,-1,-1,-1
254,69,67.11,181.11,48.41,93.40,0.6662,-1,-1,-1
254,71,461.54,141.81,57.38,180.79,0.7379,-1,-1,-1
255,2,136.01,35.93,202.91,446.55,0.8651,-1,-1,-1
255,17,341.77,137.36,61.80,178.94,0.8388,-1,-1,-1
255,53,524.80,3.60,115.71,477.75,0.8989,-1,-1,-1
255,62,420.25,173.05,38.56,125.90,0.6404,-1,-1,-1
255,69,60.25,182.19,44.05,96.49,0.6410,-1,-1,-1
255,71,445.24,142.25,70.70,186.63,0.8488,-1,-1,-1
255,73,115.67,144.25,51.75,159.01,0.7455,-1,-1,-1
256,2,157.57,34.94,191.28,445.01,0.8960,-1,-1,-1
256,17,344.44,134.84,58.86,177.58,0.7647,-1,-1,-1
256,53,524.39,0.39,114.65,479.93,0.9070,-1,-1,-1
256,62,417.29,168.96,37.04,129.78,0.5564,-1,-1,-1
256,69,43.37,177.94,47.17,99.95,0.6230,-1,-1,-1
256,71,431.12,140.71,82.38,190.62,0.8100,-1,-1,-1
256,73,91.40,136.31,67.13,166.90,0.6308,-1,-1,-1
256,74,497.59,163.77,44.97,137.91,0.5908,-1,-1,-1
257,2,166.55,35.51,186.53,442.84,0.8837,-1,-1,-1
257,17,345.45,133.35,53.71,176.28,0.7822,-1,-1,-1
257,53,522.40,-0.49,115.28,481.01,0.9039,-1,-1,-1
257,69,21.96,177.53,59.25,101.66,0.6379,-1,-1,-1
257,71,424.54,138.98,85.71,195.58,0.8734,-1,-1,-1
257,73,66.05,131.78,80.79,175.09,0.7949,-1,-1,-1
257,74,491.33,166.78,49.97,142.41,0.6823,-1,-1,-1
258,2,156.59,29.66,196.67,447.99,0.8612,-1,-1,-1
258,17,342.72,132.91,54.49,178.46,0.7985,-1,-1,-1
258,53,493.73,-1.13,142.69,482.75,0.8379,-1,-1,-1
258,69,3.02,180.20,56.18,98.60,0.3842,-1,-1,-1
258,71,411.77,133.44,83.00,205.41,0.8205,-1,-1,-1
258,73,37.63,130.76,95.43,180.48,0.8589,-1,-1,-1
258,74,483.94,164.88,53.14,148.29,0.6868,-1,-1,-1
259,2,152.57,28.79,198.25,449.64,0.8737,-1,-1,-1
259,17,342.81,135.53,51.28,177.42,0.7992,-1,-1,-1
259,53,476.47,-0.82,158.60,483.11,0.8553,-1,-1,-1
259,69,-3.85,176.84,48.58,99.40,0.4509,-1,-1,-1
259,71,397.77,129.63,77.51,212.47,0.8711,-1,-1,-1
259,73,13.34,128.78,108.71,185.32,0.8813,-1,-1,-1
259,74,479.23,164.11,57.65,150.44,0.6150,-1,-1,-1
260,2,144.09,28.27,196.17,451.25,0.9072,-1,-1,-1
260,17,334.77,140.09,51.76,174.44,0.7811,-1,-1,-1
260,53,482.81,0.52,147.97,481.78,0.8915,-1,-1,-1
260,71,386.28,128.09,74.20,222.35,0.7486,-1,-1,-1
260,73,-5.49,126.87,109.41,191.95,0.8999,-1,-1,-1
260,74,470.15,148.76,58.55,170.81,0.6934,-1,-1,-1
261,2,134.39,27.60,193.24,452.65,0.8995,-1,-1,-1
261,17,323.57,144.82,55.32,172.17,0.8075,-1,-1,-1
261,53,480.20,1.18,150.60,480.41,0.9111,-1,-1,-1
261,71,361.47,128.82,91.95,230.87,0.8355,-1,-1,-1
261,73,-12.52,124.45,93.36,196.32,0.8625,-1,-1,-1
261,74,462.95,146.55,51.25,178.60,0.6191,-1,-1,-1
262,2,120.15,23.85,194.46,454.48,0.8415,-1,-1,-1
262,17,315.33,146.01,55.84,168.97,0.6457,-1,-1,-1
262,53,459.48,0.75,171.31,477.15,0.8910,-1,-1,-1
262,71,334.84,127.27,105.88,238.56,0.8337,-1,-1,-1
263,2,109.60,15.75,197.12,462.58,0.8953,-1,-1,-1
263,53,442.43,-0.87,190.94,477.65,0.9250,-1,-1,-1
263,71,318.09,121.75,107.26,252.35,0.8725,-1,-1,-1
264,2,103.36,11.79,196.29,465.90,0.8477,-1,-1,-1
264,53,434.14,-1.10,201.56,478.69,0.9050,-1,-1,-1
264,71,311.81,117.57,109.54,261.80,0.8487,-1,-1,-1
265,2,78.84,8.81,212.18,470.48,0.8510,-1,-1,-1
265,53,425.03,-0.21,209.31,478.27,0.9102,-1,-1,-1
265,71,288.30,110.48,92.37,275.73,0.7723,-1,-1,-1
266,2,77.80,7.27,212.48,471.83,0.8523,-1,-1,-1
266,53,421.46,-0.70,215.32,478.37,0.8698,-1,-1,-1
266,71,280.90,101.49,73.73,286.41,0.7699,-1,-1,-1
266,77,370.16,156.57,46.95,159.24,0.7845,-1,-1,-1
267,2,62.10,4.26,225.01,472.69,0.8257,-1,-1,-1
267,53,417.93,-2.35,220.52,477.78,0.9143,-1,-1,-1
267,71,259.05,89.61,81.14,294.23,0.7856,-1,-1,-1
267,77,360.54,147.51,59.67,164.21,0.7855,-1,-1,-1
267,78,318.00,140.22,49.50,158.38,0.8247,-1,-1,-1
268,2,45.03,0.32,240.27,477.42,0.7727,-1,-1,-1
268,53,419.41,-1.66,221.05,476.74,0.9181,-1,-1,-1
268,71,244.54,79.12,88.49,301.45,0.5002,-1,-1,-1
268,77,356.19,141.44,66.20,166.33,0.7798,-1,-1,-1
268,78,310.70,134.42,53.35,160.80,0.8494,-1,-1,-1
268,62,285.64,159.67,30.15,102.28,0.3467,-1,-1,-1
269,2,36.09,-1.81,255.48,479.74,0.8081,-1,-1,-1
269,53,417.53,-0.87,222.61,475.10,0.9117,-1,-1,-1
269,77,348.63,135.67,63.87,170.29,0.7764,-1,-1,-1
269,78,307.34,129.98,53.57,159.38,0.8000,-1,-1,-1
269,62,276.88,147.91,33.53,123.29,0.3927,-1,-1,-1
270,2,34.70,-7.38,256.07,480.38,0.8814,-1,-1,-1
270,53,407.08,-5.51,231.79,476.45,0.9088,-1,-1,-1
270,77,338.56,114.99,59.93,175.74,0.7991,-1,-1,-1
270,78,308.12,110.67,44.40,160.07,0.7387,-1,-1,-1
270,79,589.00,169.17,49.64,239.87,0.6833,-1,-1,-1
271,2,30.77,-12.15,260.32,478.44,0.8834,-1,-1,-1
271,53,401.06,-10.85,239.97,479.61,0.9133,-1,-1,-1
271,77,329.60,85.54,60.98,181.46,0.7889,-1,-1,-1
271,78,313.30,83.05,36.71,161.81,0.5844,-1,-1,-1
271,79,590.72,102.31,48.93,268.01,0.5437,-1,-1,-1
272,2,26.63,-16.63,253.95,459.74,0.7821,-1,-1,-1
272,53,396.48,-15.23,245.87,485.36,0.9158,-1,-1,-1
272,77,316.47,47.54,66.38,191.69,0.8086,-1,-1,-1
272,79,591.23,41.20,49.32,297.45,0.4047,-1,-1,-1
272,59,270.99,67.67,39.15,137.93,0.4070,-1,-1,-1
273,2,23.88,-4.16,250.93,451.32,0.6985,-1,-1,-1
273,53,395.75,-3.72,246.22,483.08,0.9118,-1,-1,-1
273,77,310.68,41.36,66.92,195.81,0.7510,-1,-1,-1
273,79,586.82,103.36,53.20,218.80,0.3695,-1,-1,-1
273,81,3.62,3.14,106.37,375.97,0.3712,-1,-1,-1
273,59,257.58,61.69,53.72,145.04,0.7548,-1,-1,-1
274,2,60.13,8.61,208.40,467.30,0.7080,-1,-1,-1
274,53,394.43,7.50,248.12,475.15,0.9034,-1,-1,-1
274,77,305.03,55.59,70.25,198.96,0.7752,-1,-1,-1
274,79,585.05,70.35,55.25,254.30,0.4814,-1,-1,-1
274,59,255.83,80.24,53.99,143.90,0.7571,-1,-1,-1
275,2,41.22,12.62,217.19,471.68,0.8454,-1,-1,-1
275,53,392.03,12.09,246.14,473.19,0.8676,-1,-1,-1
275,77,296.76,73.77,68.61,202.22,0.7900,-1,-1,-1
275,79,592.65,29.97,45.67,301.54,0.5052,-1,-1,-1
275,59,259.20,100.93,45.46,140.98,0.6510,-1,-1,-1
275,82,-0.91,71.50,56.50,241.12,0.6450,-1,-1,-1
275,31,250.38,108.27,22.06,108.57,0.3845,-1,-1,-1
276,2,40.69,17.04,212.89,467.97,0.8090,-1,-1,-1
276,53,399.39,16.62,240.70,475.31,0.9043,-1,-1,-1
276,77,292.68,102.68,71.39,204.79,0.8094,-1,-1,-1
276,79,601.78,100.05,37.77,255.51,0.4004,-1,-1,-1
276,59,259.48,133.08,47.20,135.34,0.4930,-1,-1,-1
277,2,42.67,9.99,202.64,446.88,0.8311,-1,-1,-1
277,53,400.87,10.67,237.62,478.05,0.9186,-1,-1,-1
277,77,283.41,112.89,70.98,209.63,0.7238,-1,-1,-1
277,79,597.11,58.64,41.55,308.38,0.4076,-1,-1,-1
277,59,249.56,143.79,41.61,132.63,0.4886,-1,-1,-1
278,2,26.58,4.84,209.18,466.55,0.8500,-1,-1,-1
278,53,396.64,4.02,230.38,477.56,0.9041,-1,-1,-1
278,77,269.16,113.77,73.96,216.43,0.7791,-1,-1,-1
278,79,589.84,82.32,48.05,283.14,0.4631,-1,-1,-1
278,59,238.17,148.12,39.71,128.79,0.5447,-1,-1,-1
278,62,205.12,121.59,46.11,185.82,0.3726,-1,-1,-1
279,2,7.97,22.98,209.16,456.87,0.8796,-1,-1,-1
279,53,379.38,5.77,226.73,476.24,0.8974,-1,-1,-1
279,77,251.10,129.76,77.03,221.77,0.7787,-1,-1,-1
279,79,576.09,69.76,58.83,307.86,0.8095,-1,-1,-1
279,85,313.48,148.81,53.40,144.08,0.6580,-1,-1,-1
279,62,186.29,142.06,59.58,193.82,0.7392,-1,-1,-1
280,2,-5.21,20.18,192.79,457.52,0.8899,-1,-1,-1
280,53,358.87,0.05,224.63,478.65,0.8895,-1,-1,-1
280,77,229.50,127.22,76.57,228.07,0.7875,-1,-1,-1
280,79,562.81,58.99,69.72,318.62,0.8290,-1,-1,-1
280,85,296.19,149.35,54.47,146.20,0.8051,-1,-1,-1
280,62,164.82,143.64,68.72,201.82,0.8066,-1,-1,-1
281,2,-11.66,1.99,158.39,474.49,0.9054,-1,-1,-1
281,53,331.00,-5.50,230.36,484.00,0.9069,-1,-1,-1
281,77,193.39,108.47,78.02,242.00,0.7881,-1,-1,-1
281,79,542.72,50.29,78.76,318.67,0.8293,-1,-1,-1
281,85,268.36,138.55,52.25,146.29,0.8328,-1,-1,-1
281,62,134.73,131.73,72.90,205.35,0.8363,-1,-1,-1
281,74,317.03,101.69,58.18,219.72,0.6757,-1,-1,-1
282,2,-3.72,4.92,119.84,474.66,0.8910,-1,-1,-1
282,53,327.84,2.05,230.53,486.19,0.9030,-1,-1,-1
282,77,165.82,110.52,79.08,254.53,0.8023,-1,-1,-1
282,79,533.89,85.88,76.77,306.94,0.4127,-1,-1,-1
282,85,258.54,146.42,43.46,145.48,0.8065,-1,-1,-1
282,62,129.91,134.19,47.30,201.39,0.6079,-1,-1,-1
282,74,293.59,88.68,70.90,273.17,0.5355,-1,-1,-1
283,2,3.36,18.45,113.42,460.81,0.8595,-1,-1,-1
283,53,348.00,4.89,228.72,484.11,0.8830,-1,-1,-1
283,77,154.99,118.03,86.39,263.68,0.8316,-1,-1,-1
283,79,535.37,126.90,74.39,291.27,0.3848,-1,-1,-1
283,85,264.62,159.02,36.96,144.66,0.7235,-1,-1,-1
283,74,306.43,120.32,70.66,276.30,0.6678,-1,-1,-1
283,86,112.01,167.14,42.67,149.10,0.6085,-1,-1,-1
284,2,6.47,17.75,119.82,460.38,0.8169,-1,-1,-1
284,53,377.77,1.38,225.64,483.69,0.8913,-1,-1,-1
284,77,154.78,114.24,91.25,272.86,0.8489,-1,-1,-1
284,85,276.32,161.06,38.80,143.94,0.7296,-1,-1,-1
284,74,320.14,126.83,78.22,287.62,0.7438,-1,-1,-1
284,86,119.51,165.93,42.68,152.09,0.7253,-1,-1,-1
284,87,299.44,86.44,67.33,224.45,0.5066,-1,-1,-1
285,2,6.25,15.59,129.54,463.43,0.8868,-1,-1,-1
285,53,409.28,-3.06,227.98,484.23,0.9175,-1,-1,-1
285,77,160.79,105.57,92.29,280.87,0.8549,-1,-1,-1
285,85,291.41,158.65,37.69,142.74,0.7029,-1,-1,-1
285,74,338.84,97.86,86.88,321.66,0.8513,-1,-1,-1
285,86,123.86,161.41,46.48,158.24,0.6721,-1,-1,-1
285,87,312.84,75.84,69.07,267.01,0.7349,-1,-1,-1
285,78,241.03,170.83,32.73,128.30,0.4861,-1,-1,-1
286,2,3.36,24.02,137.76,460.26,0.9024,-1,-1,-1
286,53,442.04,-2.10,209.38,488.55,0.9100,-1,-1,-1
286,77,164.95,104.46,93.64,290.50,0.8644,-1,-1,-1
286,74,356.31,85.02,99.64,355.09,0.8755,-1,-1,-1
286,86,129.09,164.61,43.72,163.05,0.6712,-1,-1,-1
286,87,319.72,73.64,75.57,288.45,0.6261,-1,-1,-1
286,78,253.19,174.15,33.88,129.78,0.4763,-1,-1,-1
287,2,1.80,33.40,144.77,451.36,0.8947,-1,-1,-1
287,53,472.03,-2.23,181.31,487.96,0.8892,-1,-1,-1
287,77,168.21,103.34,99.77,296.28,0.8161,-1,-1,-1
287,74,370.69,72.31,116.14,382.34,0.8855,-1,-1,-1
287,86,135.50,163.88,41.03,167.48,0.6259,-1,-1,-1
287,87,329.27,72.05,80.08,300.27,0.7646,-1,-1,-1
287,78,266.19,174.98,33.95,129.24,0.4458,-1,-1,-1
288,2,-0.12,37.45,151.19,446.06,0.8996,-1,-1,-1
288,53,502.70,-4.17,149.38,486.88,0.8587,-1,-1,-1
288,77,171.83,98.20,99.97,306.99,0.8313,-1,-1,-1
288,74,385.56,58.38,137.26,407.07,0.8844,-1,-1,-1
288,86,138.12,160.80,45.52,168.57,0.6094,-1,-1,-1
288,87,338.92,64.52,85.75,309.85,0.8195,-1,-1,-1
288,78,278.40,170.51,32.78,131.91,0.5886,-1,-1,-1
289,2,2.83,49.98,160.63,431.63,0.9024,-1,-1,-1
289,53,551.26,1.50,97.85,475.45,0.8151,-1,-1,-1
289,77,182.99,100.02,102.81,316.60,0.8151,-1,-1,-1
289,74,405.99,51.55,151.74,423.52,0.8817,-1,-1,-1
289,86,147.46,159.98,56.63,174.06,0.6040,-1,-1,-1
289,87,354.89,60.89,89.08,317.51,0.7690,-1,-1,-1
289,78,295.33,170.72,33.91,132.18,0.5497,-1,-1,-1
289,88,262.55,158.43,45.90,176.96,0.6808,-1,-1,-1
290,2,4.29,58.85,173.09,421.45,0.8948,-1,-1,-1
290,77,195.03,98.24,106.53,327.85,0.8002,-1,-1,-1
290,74,430.11,39.08,166.47,442.32,0.8745,-1,-1,-1
290,86,158.95,157.41,53.12,177.02,0.6925,-1,-1,-1
290,87,373.44,52.71,92.84,336.68,0.8410,-1,-1,-1
290,78,316.87,172.29,33.46,127.07,0.4800,-1,-1,-1
290,88,286.89,160.40,44.48,179.16,0.5818,-1,-1,-1
290,89,557.78,66.50,70.97,365.39,0.5660,-1,-1,-1
291,2,5.25,57.52,178.40,421.10,0.8691,-1,-1,-1
291,77,207.95,90.99,106.73,344.26,0.8386,-1,-1,-1
291,74,450.29,25.25,179.27,455.93,0.8856,-1,-1,-1
291,86,166.53,151.56,51.38,179.97,0.7067,-1,-1,-1
291,87,389.70,42.60,104.10,353.57,0.8330,-1,-1,-1
291,88,306.68,161.00,49.16,178.29,0.6888,-1,-1,-1
291,89,586.71,56.90,57.96,391.93,0.6427,-1,-1,-1
292,2,10.56,56.75,181.10,422.21,0.8850,-1,-1,-1
292,77,219.84,87.98,111.92,362.52,0.8385,-1,-1,-1
292,74,471.79,13.53,177.10,471.11,0.8920,-1,-1,-1
292,86,171.68,154.57,55.01,178.62,0.7101,-1,-1,-1
292,87,405.73,37.29,111.22,372.03,0.8805,-1,-1,-1
292,88,323.59,166.50,56.09,176.11,0.7875,-1,-1,-1
292,78,358.05,180.37,26.22,118.61,0.3406,-1,-1,-1
293,2,11.99,48.16,181.74,428.86,0.9074,-1,-1,-1
293,77,228.21,77.41,111.58,374.79,0.8477,-1,-1,-1
293,74,487.86,0.24,163.05,484.49,0.8871,-1,-1,-1
293,86,168.98,149.49,60.79,182.56,0.5395,-1,-1,-1
293,87,416.09,26.47,119.39,397.92,0.8619,-1,-1,-1
293,88,333.27,167.86,61.70,174.47,0.8566,-1,-1,-1
294,2,21.97,47.03,179.99,430.27,0.8777,-1,-1,-1
294,77,237.44,69.10,116.33,392.44,0.8386,-1,-1,-1
294,74,511.47,-2.64,140.12,486.35,0.8183,-1,-1,-1
294,87,429.16,18.13,129.57,420.88,0.8433,-1,-1,-1
294,88,349.08,167.66,64.99,175.16,0.8115,-1,-1,-1
295,2,34.00,48.43,180.89,429.07,0.7477,-1,-1,-1
295,77,243.34,59.66,122.42,410.81,0.8833,-1,-1,-1
295,74,533.34,41.18,116.74,440.42,0.8526,-1,-1,-1
295,87,440.40,9.11,141.29,440.98,0.8817,-1,-1,-1
295,88,367.49,166.30,63.07,172.56,0.7780,-1,-1,-1
296,2,12.78,55.10,208.32,421.90,0.8221,-1,-1,-1
296,77,247.98,52.37,126.20,424.09,0.8884,-1,-1,-1
296,74,553.31,55.59,93.63,425.00,0.7014,-1,-1,-1
296,87,448.79,2.16,152.81,459.12,0.8690,-1,-1,-1
296,88,383.02,165.53,60.14,174.90,0.8128,-1,-1,-1
296,90,219.79,195.02,40.42,115.01,0.7645,-1,-1,-1
297,2,4.40,56.00,222.63,419.95,0.8672,-1,-1,-1
297,77,246.86,37.66,133.50,440.34,0.8809,-1,-1,-1
297,87,456.53,-3.61,165.99,470.05,0.8799,-1,-1,-1
297,88,389.16,161.85,67.08,175.55,0.8627,-1,-1,-1
297,90,222.98,194.85,38.87,112.67,0.4856,-1,-1,-1
297,91,1.96,126.41,68.60,207.67,0.7810,-1,-1,-1
298,2,31.29,57.01,202.88,420.13,0.7866,-1,-1,-1
298,77,239.71,21.85,143.00,459.16,0.8797,-1,-1,-1
298,87,464.14,-4.22,174.68,482.67,0.9150,-1,-1,-1
298,88,398.74,164.73,79.82,172.68,0.8573,-1,-1,-1
298,91,-0.51,122.58,58.84,198.70,0.8388,-1,-1,-1
299,2,51.76,55.97,188.83,419.91,0.8572,-1,-1,-1
299,77,237.54,9.96,142.59,471.50,0.8843,-1,-1,-1
299,87,469.42,-3.44,173.40,485.76,0.9084,-1,-1,-1
299,88,404.52,167.28,85.26,169.59,0.8671,-1,-1,-1
299,91,-0.30,117.73,52.31,200.82,0.8598,-1,-1,-1
299,93,394.57,171.70,36.28,123.77,0.3710,-1,-1,-1
300,2,68.91,53.73,174.91,425.30,0.8131,-1,-1,-1
300,77,226.54,-0.89,149.01,482.79,0.8594,-1,-1,-1
300,87,481.58,-4.27,165.50,488.52,0.8959,-1,-1,-1
300,88,412.04,165.31,86.52,170.81,0.8894,-1,-1,-1
300,91,-1.51,131.94,56.92,199.87,0.8118,-1,-1,-1
300,93,405.01,173.16,33.26,120.31,0.4042,-1,-1,-1
300,94,369.60,167.76,48.08,137.35,0.7342,-1,-1,-1
