1,1,0.61,675.52,50.94,207.58,0.7037,-1,-1,-1
1,2,1370.39,514.35,33.77,100.00,0.6447,-1,-1,-1
1,3,1609.11,558.15,56.10,115.71,0.6023,-1,-1,-1
1,4,1526.19,561.34,46.58,112.37,0.4233,-1,-1,-1
1,5,121.73,708.25,52.92,96.51,0.4100,-1,-1,-1
1,6,500.83,551.07,35.87,89.52,0.3594,-1,-1,-1
2,1,-0.79,660.81,41.43,212.98,0.6570,-1,-1,-1
2,2,1372.54,513.44,33.56,101.18,0.6425,-1,-1,-1
2,3,1615.37,550.51,60.10,123.59,0.6602,-1,-1,-1
2,4,1531.89,558.98,48.23,115.40,0.5625,-1,-1,-1
2,5,109.43,699.20,50.61,95.81,0.5526,-1,-1,-1
2,6,500.16,536.22,38.59,94.58,0.3221,-1,-1,-1
3,1,-0.93,691.96,35.66,211.59,0.6504,-1,-1,-1
3,2,1374.11,508.47,37.35,105.51,0.5891,-1,-1,-1
3,3,1620.46,547.23,63.33,121.22,0.6539,-1,-1,-1
3,4,1537.85,552.57,49.66,117.67,0.6498,-1,-1,-1
3,5,105.34,724.54,45.90,97.02,0.5264,-1,-1,-1
3,6,499.49,550.95,37.96,92.96,0.3648,-1,-1,-1
3,8,171.42,583.27,49.23,157.85,0.4275,-1,-1,-1
4,1,-0.86,702.66,24.46,170.17,0.3936,-1,-1,-1
4,2,1379.93,506.15,36.61,108.88,0.7124,-1,-1,-1
4,3,1629.81,547.70,63.11,125.43,0.7595,-1,-1,-1
4,4,1548.70,552.52,44.61,120.83,0.6529,-1,-1,-1
4,5,92.96,722.71,43.54,100.53,0.5896,-1,-1,-1
4,6,498.71,547.25,36.83,93.78,0.4333,-1,-1,-1
5,2,1384.64,515.00,34.38,110.74,0.7115,-1,-1,-1
5,3,1636.25,563.39,62.22,124.03,0.6361,-1,-1,-1
5,4,1551.13,561.80,49.38,121.99,0.3998,-1,-1,-1
5,5,78.04,715.48,43.81,103.25,0.5019,-1,-1,-1
5,6,496.40,540.51,34.21,96.30,0.4487,-1,-1,-1
5,9,1460.72,496.89,27.48,87.00,0.5460,-1,-1,-1
6,2,1391.26,526.93,31.60,108.71,0.6359,-1,-1,-1
6,3,1643.20,574.21,65.21,124.57,0.7573,-1,-1,-1
6,5,67.19,731.55,42.01,105.14,0.4842,-1,-1,-1
6,6,497.64,552.10,36.81,98.50,0.4641,-1,-1,-1
6,9,1464.65,506.20,26.84,88.24,0.5390,-1,-1,-1
6,8,142.93,581.14,54.99,164.49,0.4572,-1,-1,-1
7,2,1392.83,518.62,32.12,111.37,0.5820,-1,-1,-1
7,3,1650.54,570.37,65.39,128.16,0.7406,-1,-1,-1
7,5,51.94,731.60,41.75,108.50,0.3332,-1,-1,-1
7,6,494.15,541.28,36.80,102.99,0.3786,-1,-1,-1
7,9,1466.50,498.98,26.94,90.15,0.4664,-1,-1,-1
7,8,132.17,580.13,58.26,164.11,0.3909,-1,-1,-1
7,4,1563.31,567.01,54.14,126.38,0.5744,-1,-1,-1
8,2,1394.93,530.84,33.33,109.10,0.6718,-1,-1,-1
8,3,1657.60,577.92,66.27,129.95,0.6627,-1,-1,-1
8,5,35.85,741.04,43.49,109.01,0.4952,-1,-1,-1
8,6,493.04,548.02,35.92,102.49,0.3599,-1,-1,-1
8,9,1467.57,508.91,30.66,88.51,0.5230,-1,-1,-1
8,4,1569.80,579.78,52.12,124.10,0.5488,-1,-1,-1
9,2,1397.36,533.69,34.52,107.66,0.6747,-1,-1,-1
9,3,1663.88,583.35,66.39,132.29,0.6920,-1,-1,-1
9,5,17.37,737.95,46.38,114.88,0.6126,-1,-1,-1
9,6,490.76,549.23,35.82,99.21,0.3189,-1,-1,-1
9,9,1469.40,512.30,31.97,88.46,0.4327,-1,-1,-1
9,4,1576.58,587.31,51.00,124.02,0.5052,-1,-1,-1
9,12,1514.77,521.85,28.89,86.68,0.3444,-1,-1,-1
9,13,219.27,613.57,42.38,136.86,0.4330,-1,-1,-1
10,2,1398.58,542.49,35.40,107.06,0.6591,-1,-1,-1
10,3,1669.08,601.53,64.78,129.41,0.7865,-1,-1,-1
10,5,0.73,727.42,47.43,116.08,0.6397,-1,-1,-1
10,6,489.55,543.00,35.37,99.55,0.4576,-1,-1,-1
10,9,1471.99,523.52,30.37,87.84,0.3215,-1,-1,-1
10,4,1581.84,603.26,49.72,123.17,0.6845,-1,-1,-1
10,13,210.29,611.02,42.02,133.55,0.5095,-1,-1,-1
11,2,1400.95,530.68,37.20,106.89,0.6749,-1,-1,-1
11,3,1678.76,579.26,66.24,133.75,0.7657,-1,-1,-1
11,5,-4.35,749.31,42.53,119.29,0.4077,-1,-1,-1
11,9,1472.49,510.81,33.09,87.02,0.3871,-1,-1,-1
11,4,1589.20,587.09,51.87,125.70,0.6553,-1,-1,-1
11,13,201.15,615.17,45.23,142.49,0.4303,-1,-1,-1
11,8,85.58,589.22,59.55,170.84,0.3530,-1,-1,-1
12,2,1402.99,532.92,37.60,109.72,0.6856,-1,-1,-1
12,3,1686.73,588.08,65.16,133.20,0.7709,-1,-1,-1
12,9,1474.35,514.27,36.61,89.39,0.3874,-1,-1,-1
12,4,1595.93,592.18,53.01,127.96,0.7065,-1,-1,-1
12,13,192.25,609.31,47.07,150.28,0.5128,-1,-1,-1
12,8,77.10,591.90,57.65,168.29,0.3983,-1,-1,-1
13,2,1407.80,529.73,35.65,106.58,0.7171,-1,-1,-1
13,3,1693.91,590.28,64.43,132.66,0.7226,-1,-1,-1
13,9,1476.29,511.53,39.34,90.89,0.4241,-1,-1,-1
13,4,1600.47,594.10,55.40,127.28,0.6664,-1,-1,-1
13,13,175.98,581.21,53.10,164.63,0.5474,-1,-1,-1
14,2,1408.55,528.42,36.33,103.55,0.6684,-1,-1,-1
14,3,1701.93,583.30,63.46,133.33,0.6837,-1,-1,-1
14,4,1609.73,586.86,55.80,129.08,0.6282,-1,-1,-1
14,13,166.95,596.62,53.01,165.50,0.3145,-1,-1,-1
14,8,53.46,584.52,56.61,175.45,0.3519,-1,-1,-1
15,2,1412.04,531.00,35.98,105.62,0.5294,-1,-1,-1
15,3,1710.77,584.99,62.36,137.25,0.7500,-1,-1,-1
15,4,1619.02,591.30,53.46,129.70,0.7189,-1,-1,-1
16,2,1416.37,533.29,34.74,105.02,0.5458,-1,-1,-1
16,3,1717.18,591.27,60.93,136.64,0.7422,-1,-1,-1
16,4,1626.55,594.41,55.14,130.54,0.6976,-1,-1,-1
16,15,515.92,536.82,35.88,106.41,0.4636,-1,-1,-1
16,6,477.91,540.57,34.70,102.76,0.3862,-1,-1,-1
16,8,33.14,583.03,54.83,176.24,0.4577,-1,-1,-1
17,2,1417.98,532.65,36.89,107.40,0.6035,-1,-1,-1
17,3,1723.52,589.31,62.02,138.63,0.7096,-1,-1,-1
17,4,1634.27,589.69,54.77,133.57,0.6952,-1,-1,-1
17,15,513.08,540.26,38.01,107.03,0.4907,-1,-1,-1
17,6,475.79,543.72,35.74,102.87,0.5147,-1,-1,-1
17,8,20.39,588.56,54.14,180.47,0.3848,-1,-1,-1
17,13,133.54,601.06,48.67,171.24,0.4308,-1,-1,-1
18,2,1420.48,533.27,37.15,108.53,0.6993,-1,-1,-1
18,3,1732.64,593.13,61.26,138.11,0.7042,-1,-1,-1
18,4,1643.51,591.06,54.51,134.83,0.6255,-1,-1,-1
18,15,513.08,540.83,38.04,106.48,0.5021,-1,-1,-1
18,6,474.64,541.60,37.54,104.56,0.5551,-1,-1,-1
18,8,8.73,589.30,54.24,184.83,0.3945,-1,-1,-1
19,2,1422.60,534.03,37.83,108.07,0.7342,-1,-1,-1
19,3,1741.22,594.70,62.57,139.06,0.7481,-1,-1,-1
19,4,1651.08,592.07,54.79,135.33,0.4434,-1,-1,-1
19,15,511.47,540.30,39.37,107.61,0.5126,-1,-1,-1
19,6,473.32,540.33,37.78,105.94,0.5131,-1,-1,-1
19,8,-0.15,588.54,50.68,186.04,0.3763,-1,-1,-1
20,2,1424.16,534.54,38.52,106.72,0.7477,-1,-1,-1
20,3,1749.70,596.25,62.67,139.77,0.7429,-1,-1,-1
20,4,1659.03,593.36,52.88,135.31,0.6052,-1,-1,-1
20,15,508.07,537.90,41.02,113.70,0.4847,-1,-1,-1
20,6,471.28,543.92,37.66,106.70,0.4014,-1,-1,-1
20,8,-3.42,595.22,41.65,185.28,0.4794,-1,-1,-1
21,2,1426.29,533.64,39.80,110.64,0.6908,-1,-1,-1
21,3,1758.39,598.12,62.75,140.61,0.7462,-1,-1,-1
21,4,1666.98,596.65,54.46,137.11,0.6871,-1,-1,-1
21,15,506.62,538.83,40.10,114.04,0.5237,-1,-1,-1
21,6,468.73,548.05,35.58,102.67,0.4583,-1,-1,-1
21,8,-3.58,610.87,28.62,171.21,0.3771,-1,-1,-1
22,2,1429.47,537.14,40.11,105.12,0.6691,-1,-1,-1
22,3,1770.54,601.31,60.76,139.04,0.7483,-1,-1,-1
22,4,1674.87,597.91,54.48,140.16,0.6264,-1,-1,-1
22,15,504.50,543.34,38.11,112.46,0.5124,-1,-1,-1
22,6,465.74,550.71,36.32,103.52,0.5558,-1,-1,-1
23,2,1431.30,538.54,40.32,108.45,0.6631,-1,-1,-1
23,3,1779.13,601.20,62.46,144.03,0.7717,-1,-1,-1
23,4,1681.47,600.38,55.88,142.59,0.7254,-1,-1,-1
23,15,500.16,547.05,41.03,109.76,0.5497,-1,-1,-1
23,6,465.25,549.73,34.73,105.62,0.4278,-1,-1,-1
24,2,1435.14,532.27,39.15,113.79,0.6539,-1,-1,-1
24,3,1788.23,595.07,64.64,149.76,0.7111,-1,-1,-1
24,4,1687.19,600.51,58.25,143.16,0.7311,-1,-1,-1
24,15,496.86,552.24,39.21,106.84,0.4579,-1,-1,-1
24,6,461.38,550.47,40.07,108.01,0.4739,-1,-1,-1
25,2,1438.06,535.89,40.43,119.23,0.6621,-1,-1,-1
25,3,1797.65,603.74,66.60,148.81,0.7095,-1,-1,-1
25,4,1695.93,607.57,56.64,147.42,0.7278,-1,-1,-1
25,15,496.13,553.10,38.90,108.67,0.4673,-1,-1,-1
25,6,458.45,548.11,43.00,113.22,0.4381,-1,-1,-1
26,2,1440.41,538.29,43.04,119.33,0.7230,-1,-1,-1
26,3,1807.37,607.93,68.35,147.61,0.5900,-1,-1,-1
26,4,1704.25,611.69,58.51,149.54,0.7248,-1,-1,-1
26,15,494.96,550.33,40.15,113.01,0.5505,-1,-1,-1
26,6,457.04,549.09,42.24,113.40,0.5107,-1,-1,-1
26,17,1530.23,519.90,27.96,86.07,0.4781,-1,-1,-1
27,2,1443.36,541.55,41.95,115.70,0.7473,-1,-1,-1
27,3,1814.57,611.39,73.07,150.31,0.6523,-1,-1,-1
27,4,1711.22,615.53,59.65,149.55,0.6736,-1,-1,-1
27,15,492.95,559.84,40.01,106.94,0.6101,-1,-1,-1
27,6,453.12,555.99,42.89,110.77,0.3937,-1,-1,-1
27,17,1531.39,521.15,31.81,86.36,0.6918,-1,-1,-1
28,2,1446.80,544.88,44.65,112.27,0.7280,-1,-1,-1
28,3,1823.04,611.48,74.63,155.48,0.7715,-1,-1,-1
28,4,1718.62,617.14,60.22,151.89,0.6737,-1,-1,-1
28,15,491.48,564.50,39.73,103.87,0.5865,-1,-1,-1
28,6,450.84,558.50,42.14,109.69,0.3524,-1,-1,-1
28,17,1534.32,525.17,33.89,84.07,0.5366,-1,-1,-1
29,2,1451.23,550.90,41.07,110.79,0.7081,-1,-1,-1
29,3,1830.09,620.43,75.27,159.03,0.6925,-1,-1,-1
29,4,1725.65,623.92,60.28,158.32,0.7233,-1,-1,-1
29,15,490.90,568.03,38.32,100.03,0.5287,-1,-1,-1
29,6,449.02,562.01,41.20,106.05,0.4895,-1,-1,-1
29,17,1536.34,527.30,34.24,89.55,0.5617,-1,-1,-1
30,2,1453.85,550.69,42.06,111.52,0.6417,-1,-1,-1
30,3,1836.79,621.03,78.51,153.63,0.6343,-1,-1,-1
30,4,1736.99,624.48,59.88,159.70,0.7528,-1,-1,-1
30,15,488.62,574.85,38.77,101.51,0.5004,-1,-1,-1
30,6,444.40,566.45,42.96,109.88,0.6151,-1,-1,-1
30,17,1538.73,525.79,34.79,91.52,0.5648,-1,-1,-1
31,2,1457.28,552.67,42.52,118.42,0.6285,-1,-1,-1
31,3,1850.76,626.40,71.98,151.11,0.6390,-1,-1,-1
31,4,1749.22,628.54,59.23,156.31,0.5785,-1,-1,-1
31,15,488.03,581.68,38.54,108.33,0.4165,-1,-1,-1
31,6,442.89,579.67,41.33,109.76,0.5757,-1,-1,-1
31,17,1542.93,526.35,34.23,96.21,0.4866,-1,-1,-1
32,2,1460.35,556.44,40.05,119.24,0.6370,-1,-1,-1
32,3,1857.70,634.57,63.69,158.47,0.6872,-1,-1,-1
32,4,1756.34,632.73,59.92,155.82,0.6769,-1,-1,-1
32,15,487.26,575.00,38.57,108.32,0.5267,-1,-1,-1
32,6,441.76,573.64,41.11,108.16,0.5729,-1,-1,-1
32,17,1545.52,529.58,33.63,93.25,0.5976,-1,-1,-1
33,2,1464.41,542.66,41.88,124.00,0.7429,-1,-1,-1
33,3,1869.64,622.32,53.24,166.84,0.6662,-1,-1,-1
33,4,1767.16,620.85,60.21,153.88,0.6461,-1,-1,-1
33,15,484.51,567.16,37.60,107.98,0.4873,-1,-1,-1
33,6,439.51,563.24,39.97,108.87,0.5151,-1,-1,-1
33,17,1549.68,517.86,33.62,91.53,0.6533,-1,-1,-1
34,2,1468.47,544.56,41.83,124.77,0.7610,-1,-1,-1
34,3,1880.76,631.34,41.68,151.84,0.5550,-1,-1,-1
34,4,1775.13,620.85,63.83,156.44,0.7453,-1,-1,-1
34,15,480.99,568.52,38.80,112.26,0.5207,-1,-1,-1
34,6,436.97,572.10,39.71,105.43,0.4813,-1,-1,-1
34,17,1553.28,518.21,33.01,93.00,0.5972,-1,-1,-1
35,2,1471.33,539.51,44.38,125.99,0.7299,-1,-1,-1
35,4,1784.64,621.10,65.77,158.05,0.6379,-1,-1,-1
35,15,478.85,559.66,38.62,111.59,0.3760,-1,-1,-1
35,6,435.55,564.76,39.65,103.77,0.4298,-1,-1,-1
35,17,1559.81,515.23,31.45,92.98,0.5334,-1,-1,-1
36,2,1476.74,536.26,43.86,128.82,0.7514,-1,-1,-1
36,4,1794.21,618.03,69.20,165.35,0.7064,-1,-1,-1
36,15,475.34,553.13,39.12,116.96,0.3022,-1,-1,-1
36,6,432.22,562.36,41.14,104.93,0.3527,-1,-1,-1
36,17,1565.10,514.46,30.96,91.65,0.3399,-1,-1,-1
37,2,1480.93,537.37,42.19,127.70,0.7195,-1,-1,-1
37,4,1801.31,621.62,73.86,168.79,0.7729,-1,-1,-1
37,15,470.73,541.63,41.71,123.84,0.4701,-1,-1,-1
37,6,429.67,553.87,39.22,109.27,0.3535,-1,-1,-1
37,17,1570.32,514.53,32.06,92.10,0.4271,-1,-1,-1
38,2,1484.66,532.71,41.52,129.71,0.7105,-1,-1,-1
38,4,1809.75,616.44,77.43,175.63,0.7811,-1,-1,-1
38,15,466.62,541.04,43.89,124.92,0.5374,-1,-1,-1
38,6,426.16,551.68,39.63,113.80,0.4980,-1,-1,-1
38,17,1574.79,504.83,31.57,95.97,0.4790,-1,-1,-1
39,2,1488.96,537.85,42.19,128.59,0.7030,-1,-1,-1
39,4,1821.93,627.89,76.29,175.48,0.7505,-1,-1,-1
39,15,465.55,530.54,43.45,127.64,0.4775,-1,-1,-1
39,6,423.90,542.80,39.15,115.11,0.4522,-1,-1,-1
39,17,1581.37,507.82,32.94,96.94,0.5142,-1,-1,-1
40,2,1492.00,535.98,41.96,127.41,0.7111,-1,-1,-1
40,4,1833.47,625.99,76.06,177.80,0.7794,-1,-1,-1
40,15,464.23,536.77,43.50,124.48,0.4696,-1,-1,-1
40,6,420.27,542.17,39.35,119.58,0.3850,-1,-1,-1
40,17,1583.33,501.12,35.46,102.15,0.3280,-1,-1,-1
41,2,1496.10,545.07,43.25,122.06,0.6972,-1,-1,-1
41,4,1845.44,633.23,74.67,180.15,0.7577,-1,-1,-1
41,15,463.39,536.99,44.37,122.57,0.4696,-1,-1,-1
41,6,419.52,536.54,39.92,123.70,0.4087,-1,-1,-1
41,17,1589.70,502.98,37.99,105.31,0.4960,-1,-1,-1
42,2,1500.81,547.74,43.26,120.96,0.6868,-1,-1,-1
42,4,1857.22,637.55,66.37,180.77,0.6916,-1,-1,-1
42,15,461.85,543.27,46.02,118.85,0.4622,-1,-1,-1
42,6,418.29,536.73,42.66,126.79,0.5487,-1,-1,-1
42,17,1594.57,506.33,36.00,102.71,0.5748,-1,-1,-1
43,2,1505.43,549.86,42.73,122.18,0.6678,-1,-1,-1
43,4,1869.57,644.16,53.77,174.10,0.6621,-1,-1,-1
43,15,458.07,534.82,47.19,130.00,0.4131,-1,-1,-1
43,6,415.74,536.24,44.72,129.97,0.5425,-1,-1,-1
43,17,1597.39,510.80,34.57,99.55,0.5064,-1,-1,-1
43,20,502.23,528.37,33.96,89.45,0.3720,-1,-1,-1
44,2,1510.81,552.05,42.77,120.93,0.6220,-1,-1,-1
44,4,1881.55,649.37,41.36,169.09,0.6409,-1,-1,-1
44,15,452.68,532.82,49.22,135.64,0.4002,-1,-1,-1
44,6,415.20,535.74,44.59,132.76,0.3814,-1,-1,-1
44,17,1600.28,510.12,37.43,100.97,0.5301,-1,-1,-1
45,2,1515.81,556.31,43.60,127.13,0.7575,-1,-1,-1
45,4,1892.90,669.47,28.67,162.32,0.4757,-1,-1,-1
45,15,451.64,530.72,48.37,135.86,0.3258,-1,-1,-1
45,6,415.97,533.43,42.63,132.56,0.3758,-1,-1,-1
45,17,1604.67,514.22,39.51,101.89,0.5885,-1,-1,-1
46,2,1519.69,554.88,43.16,132.63,0.7570,-1,-1,-1
46,15,448.82,533.44,47.81,137.09,0.3441,-1,-1,-1
46,6,408.71,538.77,46.83,128.90,0.3123,-1,-1,-1
46,17,1608.39,514.77,39.97,101.17,0.5480,-1,-1,-1
47,2,1524.69,558.60,43.33,132.07,0.7205,-1,-1,-1
47,15,448.99,536.16,45.02,133.75,0.3277,-1,-1,-1
47,17,1617.05,524.36,36.10,95.22,0.5303,-1,-1,-1
48,2,1527.81,560.01,44.72,133.30,0.7090,-1,-1,-1
48,15,447.60,542.94,45.27,132.32,0.3629,-1,-1,-1
48,17,1620.84,527.34,33.38,92.66,0.6493,-1,-1,-1
48,6,403.40,536.67,47.64,134.54,0.3399,-1,-1,-1
49,2,1533.07,560.28,44.82,135.82,0.7107,-1,-1,-1
49,15,446.11,548.33,44.31,128.27,0.5423,-1,-1,-1
49,17,1625.76,532.52,31.94,91.26,0.7157,-1,-1,-1
49,6,398.81,550.08,44.90,123.74,0.4164,-1,-1,-1
50,2,1537.54,557.34,45.76,137.29,0.6966,-1,-1,-1
50,15,444.97,556.06,43.52,120.39,0.5618,-1,-1,-1
50,17,1631.11,530.38,29.06,90.31,0.4166,-1,-1,-1
50,6,397.38,553.25,44.12,119.51,0.3637,-1,-1,-1
51,2,1542.09,561.11,46.24,137.82,0.6992,-1,-1,-1
51,15,442.58,564.41,43.07,112.24,0.5522,-1,-1,-1
51,17,1636.86,533.92,29.38,89.68,0.6433,-1,-1,-1
51,6,396.46,551.44,44.05,120.41,0.4895,-1,-1,-1
52,2,1546.03,558.69,49.35,145.65,0.7092,-1,-1,-1
52,15,441.50,568.25,41.52,109.74,0.5690,-1,-1,-1
52,17,1640.11,532.82,29.97,90.60,0.5623,-1,-1,-1
52,6,394.94,551.74,45.29,122.55,0.5372,-1,-1,-1
52,25,335.24,562.07,36.99,112.54,0.5025,-1,-1,-1
53,2,1550.31,557.28,51.08,150.78,0.6876,-1,-1,-1
53,15,439.19,566.78,43.55,112.89,0.5363,-1,-1,-1
53,17,1644.17,533.75,30.05,89.63,0.5337,-1,-1,-1
53,6,392.40,550.80,45.70,126.01,0.5311,-1,-1,-1
53,25,329.68,558.64,40.29,118.17,0.4316,-1,-1,-1
53,26,635.89,536.77,30.93,90.37,0.4406,-1,-1,-1
54,2,1553.23,556.80,52.36,153.36,0.7243,-1,-1,-1
54,15,436.53,567.41,44.24,112.75,0.5620,-1,-1,-1
54,17,1648.28,534.07,30.21,89.31,0.5927,-1,-1,-1
54,6,388.57,548.82,45.56,128.61,0.5157,-1,-1,-1
54,25,327.19,561.17,41.49,113.50,0.5001,-1,-1,-1
54,26,635.22,535.23,31.41,90.81,0.3953,-1,-1,-1
55,2,1557.56,554.48,52.65,157.52,0.7489,-1,-1,-1
55,15,434.70,563.98,44.47,116.98,0.4615,-1,-1,-1
55,17,1653.06,533.54,31.81,91.20,0.6041,-1,-1,-1
55,6,384.87,544.71,45.87,133.15,0.5710,-1,-1,-1
55,25,325.16,559.35,43.09,113.96,0.4942,-1,-1,-1
55,26,635.52,535.55,30.46,90.62,0.3400,-1,-1,-1
56,2,1562.18,553.95,52.23,157.48,0.7373,-1,-1,-1
56,15,431.23,563.52,43.60,118.22,0.3546,-1,-1,-1
56,17,1656.58,527.58,34.98,98.37,0.7227,-1,-1,-1
56,6,382.59,549.11,44.25,129.05,0.5221,-1,-1,-1
56,25,320.64,557.91,45.58,115.72,0.5542,-1,-1,-1
56,26,632.90,535.96,27.32,92.28,0.3524,-1,-1,-1
57,2,1567.07,551.53,53.26,157.80,0.7168,-1,-1,-1
57,15,426.75,561.59,43.96,119.28,0.4543,-1,-1,-1
57,17,1659.15,521.39,36.63,102.68,0.7179,-1,-1,-1
57,6,379.98,550.14,43.92,128.14,0.5247,-1,-1,-1
57,25,315.21,556.58,46.37,117.80,0.4610,-1,-1,-1
57,26,630.87,535.93,27.59,92.69,0.3481,-1,-1,-1
58,2,1571.20,555.22,53.20,153.76,0.6330,-1,-1,-1
58,15,422.00,559.28,44.71,120.33,0.4634,-1,-1,-1
58,17,1661.51,515.52,37.08,106.93,0.6824,-1,-1,-1
58,6,377.10,547.39,43.35,129.80,0.5754,-1,-1,-1
58,25,309.79,554.30,47.61,117.22,0.4667,-1,-1,-1
58,26,630.62,536.01,27.20,91.35,0.3272,-1,-1,-1
59,2,1577.39,561.02,51.15,149.03,0.6308,-1,-1,-1
59,15,418.79,559.64,45.41,118.20,0.4145,-1,-1,-1
59,17,1664.18,511.12,40.05,110.81,0.6578,-1,-1,-1
59,6,374.40,543.80,41.96,131.48,0.5620,-1,-1,-1
59,25,306.44,550.79,47.82,120.34,0.4357,-1,-1,-1
59,26,627.73,535.37,28.28,90.55,0.3698,-1,-1,-1
60,2,1581.29,560.08,51.48,151.16,0.6268,-1,-1,-1
60,15,416.52,562.80,47.02,115.38,0.3870,-1,-1,-1
60,17,1665.66,510.32,41.67,111.16,0.7210,-1,-1,-1
60,6,370.17,546.04,41.20,129.42,0.5510,-1,-1,-1
60,25,303.21,553.85,47.92,117.47,0.3951,-1,-1,-1
61,2,1585.16,549.95,52.74,156.65,0.6205,-1,-1,-1
61,15,414.12,562.21,47.86,117.52,0.4222,-1,-1,-1
61,17,1666.65,507.14,44.31,108.71,0.7169,-1,-1,-1
61,6,365.41,549.18,43.99,128.46,0.4771,-1,-1,-1
61,25,298.86,558.32,49.60,115.17,0.4345,-1,-1,-1
62,2,1589.89,556.08,53.44,156.30,0.7001,-1,-1,-1
62,15,412.92,552.55,44.12,124.28,0.3490,-1,-1,-1
62,17,1671.20,517.66,44.25,105.03,0.5488,-1,-1,-1
62,6,361.74,542.37,45.79,130.55,0.4603,-1,-1,-1
62,25,296.35,551.64,49.23,115.44,0.4384,-1,-1,-1
62,26,622.80,531.15,27.24,93.92,0.3752,-1,-1,-1
63,2,1596.08,543.02,55.06,155.39,0.6411,-1,-1,-1
63,15,411.48,571.10,45.93,120.41,0.3700,-1,-1,-1
63,17,1678.47,509.99,41.26,96.50,0.5719,-1,-1,-1
63,6,359.41,562.98,45.91,128.29,0.4003,-1,-1,-1
63,25,293.61,571.91,49.07,115.34,0.4958,-1,-1,-1
64,2,1600.25,562.63,55.41,153.44,0.6265,-1,-1,-1
64,15,404.58,549.62,45.16,127.47,0.3328,-1,-1,-1
64,17,1687.30,529.66,35.32,95.13,0.6374,-1,-1,-1
64,6,356.84,541.79,44.72,133.67,0.4848,-1,-1,-1
64,25,290.98,551.62,45.98,117.64,0.4852,-1,-1,-1
64,26,621.02,531.09,26.16,95.61,0.3509,-1,-1,-1
65,2,1603.14,561.70,56.61,151.07,0.7297,-1,-1,-1
65,15,401.14,559.29,45.48,123.32,0.3862,-1,-1,-1
65,17,1690.60,528.60,33.98,90.58,0.6811,-1,-1,-1
65,6,350.51,550.61,46.74,132.00,0.4789,-1,-1,-1
65,25,287.36,560.18,44.53,116.87,0.5095,-1,-1,-1
66,2,1609.68,559.92,56.72,149.92,0.7218,-1,-1,-1
66,15,397.40,567.22,48.19,123.62,0.5012,-1,-1,-1
66,17,1697.00,520.71,33.95,91.56,0.6913,-1,-1,-1
66,6,347.45,558.62,47.67,134.21,0.6009,-1,-1,-1
66,25,286.49,568.43,42.47,114.95,0.5079,-1,-1,-1
66,28,467.20,560.21,30.42,73.11,0.4145,-1,-1,-1
67,2,1613.93,570.34,55.61,153.79,0.7347,-1,-1,-1
67,15,394.21,556.69,46.09,121.82,0.5553,-1,-1,-1
67,17,1699.72,537.02,34.10,90.97,0.6537,-1,-1,-1
67,6,343.15,543.72,48.29,135.76,0.5524,-1,-1,-1
67,25,281.72,547.72,41.70,121.13,0.3359,-1,-1,-1
67,28,460.11,551.44,30.60,70.94,0.3430,-1,-1,-1
68,2,1617.12,564.27,57.16,152.56,0.7318,-1,-1,-1
68,15,388.85,563.46,49.57,123.02,0.5489,-1,-1,-1
68,17,1701.84,528.60,33.91,89.83,0.5779,-1,-1,-1
68,6,340.11,555.65,47.98,131.86,0.5780,-1,-1,-1
68,25,277.57,560.68,41.85,119.32,0.4448,-1,-1,-1
68,28,454.59,559.09,31.12,72.55,0.4476,-1,-1,-1
69,2,1621.41,572.33,57.94,156.14,0.7563,-1,-1,-1
69,15,385.96,557.51,46.99,123.31,0.4938,-1,-1,-1
69,17,1704.69,538.91,34.36,90.84,0.6500,-1,-1,-1
69,6,334.30,545.62,50.21,136.98,0.4394,-1,-1,-1
69,25,272.66,551.46,40.44,125.02,0.4400,-1,-1,-1
69,28,450.64,554.43,28.59,73.57,0.4046,-1,-1,-1
70,2,1625.20,567.30,59.30,156.80,0.7757,-1,-1,-1
70,15,380.64,556.48,47.96,127.03,0.5873,-1,-1,-1
70,17,1705.74,535.14,34.98,92.23,0.5962,-1,-1,-1
70,6,330.02,545.54,50.55,138.93,0.5193,-1,-1,-1
70,25,266.98,550.09,42.89,129.28,0.3747,-1,-1,-1
70,28,443.72,555.44,30.14,74.59,0.4612,-1,-1,-1
71,2,1629.63,571.38,58.94,158.90,0.7564,-1,-1,-1
71,15,375.14,553.76,48.42,128.57,0.5607,-1,-1,-1
71,17,1707.09,537.43,34.98,93.21,0.6897,-1,-1,-1
71,6,327.94,546.16,48.44,136.46,0.5147,-1,-1,-1
71,28,436.72,553.49,32.68,75.68,0.3959,-1,-1,-1
71,26,598.69,539.46,28.53,97.13,0.3385,-1,-1,-1
72,2,1632.97,562.32,60.31,169.29,0.7885,-1,-1,-1
72,15,370.90,554.84,47.95,130.11,0.6105,-1,-1,-1
72,17,1707.38,535.99,35.98,91.77,0.6906,-1,-1,-1
72,6,325.01,550.69,49.11,134.55,0.6164,-1,-1,-1
72,28,429.43,555.60,34.52,75.66,0.4245,-1,-1,-1
72,30,502.85,534.94,36.33,107.09,0.3700,-1,-1,-1
73,2,1637.71,564.76,60.25,171.82,0.6738,-1,-1,-1
73,15,366.55,549.04,47.69,132.75,0.5836,-1,-1,-1
73,17,1708.88,539.47,38.07,93.90,0.5833,-1,-1,-1
73,6,318.00,544.26,50.85,137.66,0.4709,-1,-1,-1
73,28,424.38,552.12,31.97,74.87,0.4058,-1,-1,-1
73,30,500.04,534.48,35.14,105.99,0.3436,-1,-1,-1
74,2,1641.50,568.22,63.68,169.08,0.7210,-1,-1,-1
74,15,362.89,548.82,48.79,134.47,0.4973,-1,-1,-1
74,17,1711.08,536.60,37.75,93.46,0.5858,-1,-1,-1
74,6,314.34,543.84,50.00,140.17,0.3724,-1,-1,-1
74,28,417.77,553.46,34.25,74.50,0.4468,-1,-1,-1
75,2,1643.60,575.82,64.68,165.50,0.7429,-1,-1,-1
75,15,356.05,553.73,47.59,130.26,0.6082,-1,-1,-1
75,17,1711.99,539.22,37.84,93.54,0.5706,-1,-1,-1
75,6,306.44,547.20,49.57,136.21,0.4164,-1,-1,-1
75,28,411.63,554.12,33.45,75.85,0.3757,-1,-1,-1
75,26,580.67,536.83,28.81,103.68,0.3460,-1,-1,-1
76,2,1647.52,578.04,64.47,164.42,0.7341,-1,-1,-1
76,15,351.26,551.54,48.33,131.11,0.4953,-1,-1,-1
76,17,1712.97,539.30,38.32,91.69,0.5478,-1,-1,-1
76,6,296.31,543.51,55.33,140.11,0.4755,-1,-1,-1
76,28,401.87,552.69,35.74,74.50,0.3273,-1,-1,-1
76,26,576.22,535.64,30.47,103.52,0.3407,-1,-1,-1
77,2,1649.33,580.70,67.08,163.61,0.7195,-1,-1,-1
77,15,343.98,550.36,48.55,132.54,0.6133,-1,-1,-1
77,17,1713.59,540.73,38.41,91.03,0.5368,-1,-1,-1
77,6,291.24,545.11,54.12,139.22,0.4480,-1,-1,-1
77,28,395.44,553.68,34.44,77.02,0.3709,-1,-1,-1
77,26,572.80,534.57,30.29,104.76,0.3860,-1,-1,-1
78,2,1652.65,581.55,68.20,164.42,0.7336,-1,-1,-1
78,15,339.78,551.76,48.06,132.89,0.5297,-1,-1,-1
78,17,1713.89,540.65,38.55,91.09,0.5829,-1,-1,-1
78,6,282.17,541.78,56.09,143.75,0.4271,-1,-1,-1
78,28,389.66,553.17,34.96,77.57,0.3429,-1,-1,-1
78,26,570.35,535.67,28.27,101.67,0.3059,-1,-1,-1
79,2,1653.83,584.55,71.61,162.87,0.7503,-1,-1,-1
79,15,333.76,548.78,49.59,135.60,0.5562,-1,-1,-1
79,17,1713.40,540.49,38.92,90.57,0.5743,-1,-1,-1
79,6,272.25,538.47,60.26,145.54,0.5009,-1,-1,-1
79,28,382.75,552.25,33.96,77.12,0.3437,-1,-1,-1
79,30,463.61,529.83,39.16,114.66,0.3435,-1,-1,-1
80,2,1654.29,582.15,74.70,166.38,0.7249,-1,-1,-1
80,15,326.93,552.41,50.01,134.71,0.6084,-1,-1,-1
80,17,1712.64,536.80,39.64,91.55,0.6115,-1,-1,-1
80,6,263.11,537.96,63.68,148.02,0.5575,-1,-1,-1
80,28,373.42,554.18,35.35,76.86,0.3363,-1,-1,-1
80,30,455.39,529.95,43.41,118.30,0.4903,-1,-1,-1
81,2,1657.02,582.23,73.57,166.92,0.7504,-1,-1,-1
81,15,319.64,552.82,51.00,133.97,0.5708,-1,-1,-1
81,17,1711.81,536.31,39.43,91.37,0.5704,-1,-1,-1
81,6,264.13,546.27,55.11,137.26,0.3501,-1,-1,-1
81,28,367.87,554.06,34.20,75.21,0.4967,-1,-1,-1
81,30,450.94,530.42,45.24,120.11,0.3342,-1,-1,-1
81,31,148.14,556.89,45.62,132.17,0.3818,-1,-1,-1
82,2,1659.69,583.12,72.83,170.07,0.7395,-1,-1,-1
82,15,312.23,554.65,49.85,132.38,0.4983,-1,-1,-1
82,17,1711.94,537.13,37.25,91.14,0.6128,-1,-1,-1
82,6,260.72,538.66,51.59,145.02,0.3820,-1,-1,-1
82,28,359.67,554.70,34.61,76.39,0.3522,-1,-1,-1
82,31,139.02,556.31,49.11,135.24,0.4349,-1,-1,-1
83,2,1665.10,582.53,68.92,171.90,0.7061,-1,-1,-1
83,15,304.92,558.20,51.36,131.15,0.6694,-1,-1,-1
83,17,1712.00,536.78,36.11,91.01,0.5894,-1,-1,-1
83,6,255.97,541.66,48.49,145.35,0.4586,-1,-1,-1
83,28,354.95,558.18,32.45,74.38,0.3571,-1,-1,-1
83,31,130.02,559.03,51.56,133.52,0.5458,-1,-1,-1
83,30,439.63,536.99,42.94,115.60,0.3829,-1,-1,-1
84,2,1665.21,580.09,72.71,176.77,0.7242,-1,-1,-1
84,15,296.53,561.88,54.23,128.54,0.5318,-1,-1,-1
84,17,1712.57,535.38,34.75,92.20,0.5715,-1,-1,-1
84,6,245.54,549.44,52.18,140.40,0.5413,-1,-1,-1
84,28,346.65,558.05,32.05,74.38,0.4252,-1,-1,-1
84,31,121.43,561.13,52.66,134.50,0.5341,-1,-1,-1
84,32,462.42,545.20,43.07,111.16,0.3908,-1,-1,-1
84,30,432.98,537.25,42.12,114.15,0.3586,-1,-1,-1
85,2,1667.66,581.33,72.72,179.66,0.7671,-1,-1,-1
85,15,290.71,562.57,51.51,129.12,0.5021,-1,-1,-1
85,17,1711.78,536.56,34.65,92.58,0.4764,-1,-1,-1
85,6,242.47,555.84,48.43,136.77,0.4785,-1,-1,-1
85,31,112.32,564.58,54.03,133.37,0.5264,-1,-1,-1
86,2,1671.39,580.83,71.18,179.82,0.7646,-1,-1,-1
86,15,284.28,561.78,49.91,131.33,0.5830,-1,-1,-1
86,17,1708.65,535.62,36.26,80.43,0.3145,-1,-1,-1
86,6,231.71,556.85,50.34,136.91,0.4305,-1,-1,-1
86,31,103.24,562.64,55.79,140.57,0.4138,-1,-1,-1
86,32,450.80,539.22,42.56,119.91,0.3605,-1,-1,-1
86,30,421.98,534.94,38.98,121.52,0.3419,-1,-1,-1
87,2,1672.57,584.17,72.24,180.33,0.7968,-1,-1,-1
87,15,279.00,563.68,51.53,132.27,0.5734,-1,-1,-1
87,6,224.77,556.53,50.39,139.10,0.4919,-1,-1,-1
87,31,95.52,562.24,59.02,137.73,0.5342,-1,-1,-1
87,34,383.02,554.42,35.55,97.45,0.5402,-1,-1,-1
87,32,442.39,545.10,42.26,117.78,0.3910,-1,-1,-1
87,30,414.78,537.47,39.98,121.03,0.3092,-1,-1,-1
88,2,1674.96,582.79,71.98,184.08,0.7977,-1,-1,-1
88,15,270.86,568.70,51.79,131.91,0.5029,-1,-1,-1
88,6,219.43,561.25,50.42,138.86,0.5733,-1,-1,-1
88,31,90.02,566.86,54.45,131.85,0.5030,-1,-1,-1
88,34,377.47,556.46,34.77,97.70,0.3989,-1,-1,-1
88,32,433.62,547.77,46.62,119.64,0.4156,-1,-1,-1
88,26,512.85,539.87,37.47,121.18,0.3389,-1,-1,-1
89,2,1678.51,584.27,70.42,188.56,0.8037,-1,-1,-1
89,15,265.06,567.27,51.59,132.18,0.4706,-1,-1,-1
89,6,214.59,558.47,48.70,142.67,0.3128,-1,-1,-1
89,31,83.28,563.04,54.37,135.53,0.4656,-1,-1,-1
89,34,368.83,554.84,31.67,98.37,0.4574,-1,-1,-1
89,32,429.76,546.32,43.69,122.53,0.5836,-1,-1,-1
90,2,1681.95,585.59,70.30,192.28,0.7568,-1,-1,-1
90,15,259.30,571.08,53.34,134.03,0.5301,-1,-1,-1
90,6,205.29,557.50,51.66,147.32,0.3254,-1,-1,-1
90,31,74.81,565.59,57.72,138.16,0.4846,-1,-1,-1
90,34,360.14,567.00,34.39,91.40,0.4281,-1,-1,-1
90,32,420.87,547.79,45.97,125.62,0.3054,-1,-1,-1
90,30,392.84,539.66,41.76,131.04,0.3598,-1,-1,-1
91,2,1684.61,595.26,72.46,188.67,0.7887,-1,-1,-1
91,15,249.98,558.83,63.60,149.01,0.4393,-1,-1,-1
91,6,199.76,559.94,51.00,146.30,0.3825,-1,-1,-1
91,31,67.54,566.68,56.60,141.21,0.4517,-1,-1,-1
91,34,354.04,570.98,33.57,89.08,0.3764,-1,-1,-1
91,32,413.94,550.43,46.32,125.40,0.5728,-1,-1,-1
91,30,385.30,545.58,42.55,124.93,0.3130,-1,-1,-1
92,2,1687.95,600.77,73.47,186.95,0.7964,-1,-1,-1
92,15,245.32,556.93,62.86,154.66,0.5456,-1,-1,-1
92,6,190.27,561.66,53.84,150.03,0.3345,-1,-1,-1
92,31,57.81,570.76,63.94,142.29,0.3359,-1,-1,-1
92,32,407.53,553.63,44.33,126.13,0.5375,-1,-1,-1
92,30,379.85,556.10,38.40,119.96,0.3352,-1,-1,-1
93,2,1689.28,605.34,73.98,187.00,0.8092,-1,-1,-1
93,15,241.01,566.95,56.23,146.06,0.5533,-1,-1,-1
93,6,184.59,555.33,53.60,159.98,0.5642,-1,-1,-1
93,32,400.95,556.08,44.20,127.23,0.5216,-1,-1,-1
93,30,371.13,555.02,36.78,125.83,0.3042,-1,-1,-1
93,34,338.96,579.98,33.12,88.40,0.4045,-1,-1,-1
94,2,1690.48,607.62,74.09,187.63,0.8040,-1,-1,-1
94,15,234.85,574.04,55.68,142.68,0.5421,-1,-1,-1
94,6,180.17,562.11,52.27,155.76,0.5233,-1,-1,-1
94,32,392.20,556.64,45.28,129.15,0.6202,-1,-1,-1
94,30,364.46,554.10,38.61,129.10,0.4128,-1,-1,-1
94,34,332.34,582.04,32.19,92.01,0.4827,-1,-1,-1
94,17,1697.43,540.86,38.87,82.62,0.3709,-1,-1,-1
95,2,1692.19,611.33,74.90,189.33,0.7915,-1,-1,-1
95,15,227.03,578.20,57.13,140.38,0.5212,-1,-1,-1
95,6,173.67,563.37,53.93,155.44,0.6019,-1,-1,-1
95,32,387.13,558.39,45.02,128.92,0.5344,-1,-1,-1
95,17,1694.64,542.37,40.74,90.73,0.4892,-1,-1,-1
96,2,1695.66,611.57,75.01,190.71,0.7886,-1,-1,-1
96,15,221.28,582.31,54.03,141.66,0.5758,-1,-1,-1
96,6,165.46,573.49,54.56,150.13,0.4634,-1,-1,-1
96,32,380.23,565.54,44.45,125.56,0.4838,-1,-1,-1
96,17,1693.32,541.62,43.16,94.50,0.5265,-1,-1,-1
96,30,352.76,558.22,35.05,130.07,0.3449,-1,-1,-1
96,34,316.82,584.74,32.23,89.78,0.4530,-1,-1,-1
97,2,1699.29,613.13,76.19,192.57,0.7860,-1,-1,-1
97,15,212.88,579.20,55.87,143.93,0.6522,-1,-1,-1
97,6,159.28,577.46,53.02,142.93,0.5563,-1,-1,-1
97,32,372.43,558.85,46.65,131.78,0.5171,-1,-1,-1
97,17,1692.26,544.16,42.83,94.58,0.5334,-1,-1,-1
97,30,344.00,553.06,38.38,133.74,0.4801,-1,-1,-1
97,34,308.65,578.68,33.87,96.98,0.5859,-1,-1,-1
98,2,1703.99,613.35,76.80,195.62,0.7919,-1,-1,-1
98,15,203.83,581.80,55.58,145.57,0.6216,-1,-1,-1
98,6,151.19,582.25,53.39,143.67,0.5599,-1,-1,-1
98,32,365.83,575.52,45.98,117.14,0.6109,-1,-1,-1
98,17,1690.88,545.52,41.58,95.47,0.5095,-1,-1,-1
98,30,335.99,560.10,39.39,131.01,0.3058,-1,-1,-1
99,2,1706.56,614.85,78.15,197.44,0.7603,-1,-1,-1
99,15,197.37,578.56,54.23,147.66,0.6654,-1,-1,-1
99,6,143.10,581.17,54.07,143.05,0.4824,-1,-1,-1
99,32,358.80,569.59,46.31,122.88,0.5577,-1,-1,-1
99,17,1688.55,546.08,42.13,100.84,0.5021,-1,-1,-1
99,30,329.54,557.12,37.37,132.45,0.4519,-1,-1,-1
99,34,290.59,587.21,34.39,90.16,0.4879,-1,-1,-1
100,2,1709.21,613.71,80.25,199.80,0.7946,-1,-1,-1
100,15,188.92,585.54,54.81,143.64,0.6085,-1,-1,-1
100,6,131.88,584.21,56.15,140.97,0.5672,-1,-1,-1
100,32,348.73,575.09,50.14,119.69,0.5459,-1,-1,-1
100,17,1685.74,547.52,42.55,101.71,0.6411,-1,-1,-1
100,30,319.99,560.69,38.98,132.03,0.4082,-1,-1,-1
100,34,281.26,587.93,35.33,94.89,0.5926,-1,-1,-1
100,26,441.85,562.77,32.77,105.86,0.4478,-1,-1,-1
101,2,1711.14,616.15,80.90,202.25,0.7865,-1,-1,-1
101,15,180.22,582.71,57.32,145.08,0.5850,-1,-1,-1
101,6,124.12,579.85,57.65,143.69,0.6033,-1,-1,-1
101,32,340.66,571.98,49.75,121.54,0.5708,-1,-1,-1
101,17,1684.57,550.11,40.07,103.23,0.7197,-1,-1,-1
101,30,310.35,572.08,37.79,119.27,0.3813,-1,-1,-1
101,34,273.00,588.31,34.06,92.35,0.4470,-1,-1,-1
101,26,434.53,561.37,34.01,107.05,0.3740,-1,-1,-1
102,2,1713.15,619.14,82.36,200.93,0.8136,-1,-1,-1
102,15,172.04,583.58,57.53,145.25,0.5693,-1,-1,-1
102,6,115.14,581.47,57.93,145.54,0.6262,-1,-1,-1
102,32,332.47,575.00,49.50,120.68,0.6190,-1,-1,-1
102,17,1683.92,550.11,38.00,103.67,0.7410,-1,-1,-1
102,30,302.26,578.64,36.20,114.43,0.3031,-1,-1,-1
102,34,262.83,592.61,35.59,89.34,0.5423,-1,-1,-1
102,26,430.90,561.74,31.72,109.42,0.3856,-1,-1,-1
102,39,389.34,573.71,43.17,126.20,0.3721,-1,-1,-1
103,2,1714.33,619.05,85.27,204.71,0.8262,-1,-1,-1
103,15,164.57,586.95,57.56,143.24,0.5183,-1,-1,-1
103,6,106.43,579.16,57.59,148.98,0.5525,-1,-1,-1
103,32,326.06,574.59,51.74,120.78,0.4853,-1,-1,-1
103,17,1683.18,550.11,36.76,103.08,0.7189,-1,-1,-1
103,34,255.69,590.23,36.25,96.55,0.4423,-1,-1,-1
103,26,423.74,561.70,31.52,108.08,0.3369,-1,-1,-1
103,39,384.95,571.12,40.26,128.21,0.3381,-1,-1,-1
103,40,1546.06,519.48,25.15,79.32,0.4540,-1,-1,-1
104,2,1715.64,623.92,86.60,207.04,0.8178,-1,-1,-1
104,15,154.96,589.01,52.87,139.15,0.4258,-1,-1,-1
104,6,95.99,576.68,58.26,149.79,0.5657,-1,-1,-1
104,32,316.23,576.85,50.98,117.40,0.3580,-1,-1,-1
104,17,1682.34,551.83,35.57,103.05,0.7075,-1,-1,-1
104,34,247.63,589.43,36.16,93.34,0.3085,-1,-1,-1
104,26,415.79,558.58,33.29,107.30,0.4466,-1,-1,-1
104,39,374.31,574.12,40.71,125.24,0.4726,-1,-1,-1
104,40,1545.39,521.73,23.10,77.01,0.3727,-1,-1,-1
105,2,1717.71,624.05,87.19,209.60,0.8057,-1,-1,-1
105,15,146.35,587.48,57.51,142.56,0.5509,-1,-1,-1
105,6,87.93,579.29,57.94,149.40,0.6009,-1,-1,-1
105,32,306.27,568.72,53.01,128.58,0.5166,-1,-1,-1
105,17,1681.20,549.89,34.85,103.75,0.6655,-1,-1,-1
105,34,238.42,591.86,37.24,92.17,0.4489,-1,-1,-1
105,26,408.87,559.31,34.27,113.85,0.4024,-1,-1,-1
105,39,367.60,570.44,40.96,131.77,0.3747,-1,-1,-1
106,2,1722.69,625.87,85.90,212.19,0.7799,-1,-1,-1
106,15,138.66,577.87,59.25,151.49,0.5310,-1,-1,-1
106,6,77.97,574.93,56.39,153.06,0.5599,-1,-1,-1
106,32,298.85,566.77,52.34,130.00,0.5016,-1,-1,-1
106,17,1678.97,549.66,34.20,105.65,0.6087,-1,-1,-1
106,34,228.15,589.64,36.68,95.29,0.3598,-1,-1,-1
106,39,360.52,567.06,39.99,135.21,0.5134,-1,-1,-1
106,40,1535.72,522.20,25.63,73.64,0.3972,-1,-1,-1
107,2,1726.25,623.24,85.10,216.13,0.7890,-1,-1,-1
107,15,130.60,583.35,56.87,147.08,0.4010,-1,-1,-1
107,6,68.64,573.13,58.23,155.51,0.5917,-1,-1,-1
107,32,288.65,560.29,53.48,137.42,0.4681,-1,-1,-1
107,17,1677.47,547.40,32.76,105.93,0.5536,-1,-1,-1
107,34,219.14,591.15,38.60,97.23,0.5192,-1,-1,-1
107,39,352.01,562.90,42.04,140.58,0.5354,-1,-1,-1
107,40,1532.80,520.61,27.84,76.31,0.4412,-1,-1,-1
107,30,257.79,588.87,36.88,114.00,0.3930,-1,-1,-1
107,26,394.05,560.58,34.59,107.38,0.5080,-1,-1,-1
108,2,1728.76,628.04,84.91,218.03,0.8030,-1,-1,-1
108,15,121.22,576.31,55.29,152.89,0.4990,-1,-1,-1
108,6,55.21,568.16,63.06,160.12,0.5359,-1,-1,-1
108,32,278.92,557.74,54.31,141.00,0.5478,-1,-1,-1
108,17,1676.61,549.30,31.21,106.70,0.4694,-1,-1,-1
108,34,210.01,587.08,37.52,100.39,0.5889,-1,-1,-1
108,39,342.57,561.79,44.37,141.92,0.5371,-1,-1,-1
108,40,1531.64,523.82,26.44,75.39,0.3922,-1,-1,-1
108,42,0.33,574.24,52.67,149.70,0.4789,-1,-1,-1
108,26,388.85,559.54,34.40,105.71,0.4565,-1,-1,-1
109,2,1730.86,628.34,86.07,221.44,0.8076,-1,-1,-1
109,15,113.41,574.79,57.84,156.60,0.4129,-1,-1,-1
109,6,45.00,569.34,63.62,160.20,0.4893,-1,-1,-1
109,32,268.19,566.96,55.36,136.78,0.4146,-1,-1,-1
109,17,1675.09,549.34,30.52,106.80,0.5373,-1,-1,-1
109,34,200.77,588.48,37.60,104.45,0.5079,-1,-1,-1
109,39,336.26,557.50,42.43,148.67,0.5920,-1,-1,-1
109,40,1527.36,522.81,27.00,74.85,0.3971,-1,-1,-1
109,42,-1.56,574.48,44.66,155.00,0.3691,-1,-1,-1
109,26,381.47,558.79,35.24,110.78,0.4563,-1,-1,-1
110,2,1732.28,629.39,86.37,224.93,0.8127,-1,-1,-1
110,15,103.76,571.96,56.40,158.53,0.5837,-1,-1,-1
110,6,32.22,567.05,68.18,162.19,0.5921,-1,-1,-1
110,32,254.83,556.41,58.94,146.89,0.5140,-1,-1,-1
110,17,1674.01,550.72,28.98,107.39,0.3544,-1,-1,-1
110,34,190.70,587.09,38.77,105.31,0.5302,-1,-1,-1
110,39,326.66,561.75,44.10,143.55,0.6133,-1,-1,-1
110,42,-0.80,571.62,33.97,155.06,0.3812,-1,-1,-1
110,26,374.15,557.21,35.07,108.95,0.4486,-1,-1,-1
111,2,1733.58,629.58,87.73,227.48,0.8115,-1,-1,-1
111,15,94.08,568.23,58.85,164.68,0.5886,-1,-1,-1
111,6,20.96,563.69,71.55,166.88,0.6223,-1,-1,-1
111,32,247.28,559.50,58.09,145.10,0.4755,-1,-1,-1
111,34,180.98,589.34,38.03,107.11,0.4031,-1,-1,-1
111,39,318.49,571.19,42.43,135.49,0.5317,-1,-1,-1
111,26,366.52,558.65,36.09,109.01,0.4498,-1,-1,-1
112,2,1734.86,632.26,89.63,228.24,0.8080,-1,-1,-1
112,15,84.35,572.65,59.56,161.69,0.5701,-1,-1,-1
112,6,9.35,566.56,76.44,166.06,0.5341,-1,-1,-1
112,32,238.54,567.49,56.27,138.85,0.5937,-1,-1,-1
112,34,170.82,592.62,36.60,103.56,0.4825,-1,-1,-1
112,39,307.84,570.88,41.50,138.64,0.5582,-1,-1,-1
112,26,357.56,559.58,36.81,111.46,0.5559,-1,-1,-1
113,2,1735.37,634.41,90.58,229.94,0.8039,-1,-1,-1
113,15,75.43,576.68,57.39,160.36,0.5790,-1,-1,-1
113,6,1.13,560.84,74.08,173.03,0.5961,-1,-1,-1
113,32,231.13,575.33,54.22,134.22,0.6197,-1,-1,-1
113,34,161.64,595.34,37.34,103.41,0.5199,-1,-1,-1
113,39,298.86,572.26,39.38,139.69,0.6007,-1,-1,-1
113,26,349.72,562.07,36.59,111.51,0.4348,-1,-1,-1
114,2,1737.52,635.06,90.23,230.99,0.7984,-1,-1,-1
114,15,63.16,567.92,59.62,169.22,0.6499,-1,-1,-1
114,6,1.00,571.47,62.79,164.21,0.5476,-1,-1,-1
114,32,218.74,580.93,55.01,129.34,0.5789,-1,-1,-1
114,34,151.52,597.45,34.88,102.94,0.6192,-1,-1,-1
114,39,290.23,571.95,41.48,141.17,0.4919,-1,-1,-1
114,26,341.34,564.53,36.67,109.45,0.5104,-1,-1,-1
115,2,1739.24,636.50,91.12,231.80,0.7915,-1,-1,-1
115,15,52.88,565.82,60.02,173.02,0.6516,-1,-1,-1
115,6,0.93,573.61,54.51,162.31,0.4662,-1,-1,-1
115,32,202.03,571.44,61.54,139.07,0.5423,-1,-1,-1
115,34,141.66,596.91,36.56,105.23,0.6164,-1,-1,-1
115,39,280.01,578.87,38.50,136.15,0.5716,-1,-1,-1
115,26,333.51,564.22,37.77,111.62,0.6417,-1,-1,-1
116,2,1741.08,636.44,91.70,234.96,0.7989,-1,-1,-1
116,15,43.76,571.81,58.28,170.22,0.6052,-1,-1,-1
116,6,-2.16,582.10,51.23,157.94,0.6271,-1,-1,-1
116,32,195.78,575.68,58.61,140.47,0.5416,-1,-1,-1
116,34,130.57,599.48,35.33,103.80,0.5737,-1,-1,-1
116,39,270.97,579.91,37.72,137.68,0.4738,-1,-1,-1
116,26,323.88,567.31,39.09,110.82,0.6120,-1,-1,-1
117,2,1741.45,638.67,93.75,238.29,0.8085,-1,-1,-1
117,15,32.66,573.70,59.38,170.38,0.5951,-1,-1,-1
117,6,-2.42,583.91,43.59,157.38,0.6280,-1,-1,-1
117,32,186.18,570.58,58.61,145.86,0.4908,-1,-1,-1
117,34,119.26,600.03,36.99,101.58,0.5760,-1,-1,-1
117,39,259.40,566.10,39.05,152.68,0.6098,-1,-1,-1
117,26,314.64,566.88,40.57,112.62,0.5427,-1,-1,-1
118,2,1742.78,637.40,95.80,243.99,0.8036,-1,-1,-1
118,15,22.09,577.24,60.22,169.60,0.5140,-1,-1,-1
118,6,-2.25,588.97,33.31,154.85,0.4959,-1,-1,-1
118,32,179.59,580.75,54.39,139.29,0.5471,-1,-1,-1
118,34,109.75,600.74,37.63,104.91,0.5085,-1,-1,-1
118,39,249.40,571.17,38.44,151.63,0.6612,-1,-1,-1
118,26,308.56,561.73,38.62,118.60,0.6467,-1,-1,-1
119,2,1745.56,639.71,99.19,246.02,0.8215,-1,-1,-1
119,15,11.27,572.64,61.60,177.63,0.5951,-1,-1,-1
119,32,169.46,579.35,54.18,144.48,0.4578,-1,-1,-1
119,34,100.10,601.74,35.10,105.55,0.4756,-1,-1,-1
119,39,239.65,565.41,40.21,159.65,0.6096,-1,-1,-1
119,26,299.71,563.45,39.67,118.42,0.5508,-1,-1,-1
119,43,1742.83,566.09,46.92,97.71,0.3530,-1,-1,-1
120,2,1747.87,643.77,103.24,245.56,0.8126,-1,-1,-1
120,15,4.92,565.42,58.00,188.08,0.5784,-1,-1,-1
120,32,158.53,582.83,53.50,143.94,0.6007,-1,-1,-1
120,34,89.54,601.67,34.11,111.07,0.4243,-1,-1,-1
120,39,226.80,571.38,42.33,157.35,0.6484,-1,-1,-1
120,26,290.79,561.74,39.97,123.12,0.5785,-1,-1,-1
120,43,1742.42,558.84,43.97,107.86,0.4102,-1,-1,-1
121,2,1751.44,645.23,104.15,248.33,0.8092,-1,-1,-1
121,15,-0.52,555.48,55.68,197.47,0.5797,-1,-1,-1
121,32,146.88,586.14,56.03,140.59,0.5885,-1,-1,-1
121,34,78.71,601.90,35.88,112.47,0.5915,-1,-1,-1
121,39,217.64,570.11,43.15,160.92,0.5591,-1,-1,-1
121,26,286.10,563.19,37.47,119.98,0.6308,-1,-1,-1
121,43,1741.32,555.31,43.67,113.84,0.4363,-1,-1,-1
122,2,1755.64,646.10,101.99,251.85,0.8083,-1,-1,-1
122,15,-3.44,555.82,48.82,200.03,0.6185,-1,-1,-1
122,32,138.87,592.88,53.55,140.78,0.5101,-1,-1,-1
122,34,67.29,605.17,36.01,110.90,0.4069,-1,-1,-1
122,39,205.11,573.47,46.90,159.91,0.6580,-1,-1,-1
122,26,275.53,564.22,40.14,120.56,0.6008,-1,-1,-1
122,43,1739.98,553.36,42.82,117.33,0.3941,-1,-1,-1
123,2,1760.08,649.72,98.70,254.49,0.8086,-1,-1,-1
123,15,-2.97,568.25,41.49,187.76,0.5678,-1,-1,-1
123,32,128.65,598.78,56.28,139.32,0.4503,-1,-1,-1
123,34,54.89,607.77,37.70,115.12,0.3156,-1,-1,-1
123,39,194.52,580.91,49.23,154.90,0.5960,-1,-1,-1
123,26,266.57,559.71,42.09,128.78,0.6607,-1,-1,-1
123,43,1739.54,554.67,42.11,119.61,0.4080,-1,-1,-1
124,2,1764.31,649.37,98.36,259.50,0.8160,-1,-1,-1
124,15,-2.98,587.88,30.42,170.59,0.4856,-1,-1,-1
124,34,42.61,608.96,37.72,116.69,0.3101,-1,-1,-1
124,39,184.43,587.77,48.29,150.08,0.6279,-1,-1,-1
124,26,260.29,567.46,39.34,123.03,0.5866,-1,-1,-1
124,43,1739.25,555.07,42.39,117.56,0.4155,-1,-1,-1
124,30,97.09,583.27,52.93,151.03,0.4444,-1,-1,-1
125,2,1768.96,648.54,102.03,262.12,0.8160,-1,-1,-1
125,34,31.58,611.35,36.20,114.37,0.4599,-1,-1,-1
125,39,173.78,590.34,50.97,149.20,0.6423,-1,-1,-1
125,26,251.35,570.18,39.93,121.22,0.5345,-1,-1,-1
125,43,1737.10,554.49,42.42,118.72,0.3317,-1,-1,-1
125,30,87.04,580.82,51.81,150.29,0.3180,-1,-1,-1
126,2,1773.22,650.70,103.76,263.11,0.8114,-1,-1,-1
126,34,20.43,614.44,38.13,113.39,0.4120,-1,-1,-1
126,39,161.34,595.75,53.56,146.75,0.5843,-1,-1,-1
126,26,243.08,567.64,39.92,126.28,0.5828,-1,-1,-1
127,2,1777.39,651.49,104.91,266.19,0.8200,-1,-1,-1
127,34,5.36,621.37,38.46,106.62,0.3591,-1,-1,-1
127,39,152.76,600.94,51.93,145.09,0.5949,-1,-1,-1
127,26,235.94,569.98,39.05,126.20,0.5794,-1,-1,-1
127,32,83.23,622.91,58.10,119.40,0.4737,-1,-1,-1
127,43,1729.08,556.09,42.60,109.51,0.3420,-1,-1,-1
128,2,1780.70,653.65,106.58,267.60,0.8193,-1,-1,-1
128,34,-2.10,621.38,32.15,109.33,0.3408,-1,-1,-1
128,39,141.53,603.01,54.15,144.49,0.5498,-1,-1,-1
128,26,225.43,563.19,40.53,133.37,0.6125,-1,-1,-1
128,50,546.70,527.85,32.41,68.72,0.4191,-1,-1,-1
128,32,71.49,623.46,59.13,119.41,0.4675,-1,-1,-1
128,43,1727.21,557.62,41.64,107.10,0.4015,-1,-1,-1
129,2,1785.41,656.08,110.79,269.47,0.8236,-1,-1,-1
129,34,-3.62,623.47,23.36,109.30,0.3118,-1,-1,-1
129,39,130.80,600.60,52.23,150.76,0.5154,-1,-1,-1
129,26,218.29,566.26,39.81,133.27,0.5914,-1,-1,-1
129,50,543.87,528.53,29.29,68.32,0.3434,-1,-1,-1
129,32,63.29,623.16,55.99,122.96,0.3575,-1,-1,-1
129,43,1726.46,557.12,39.54,108.41,0.3780,-1,-1,-1
130,2,1787.92,657.99,115.09,272.01,0.8219,-1,-1,-1
130,39,117.27,603.55,58.34,151.10,0.3295,-1,-1,-1
130,26,209.58,565.59,40.83,135.46,0.5546,-1,-1,-1
130,32,49.08,622.79,56.91,126.72,0.3906,-1,-1,-1
130,43,1724.53,557.04,36.85,113.73,0.3986,-1,-1,-1
130,30,29.17,586.20,52.24,159.11,0.4398,-1,-1,-1
131,2,1791.15,659.38,118.08,276.73,0.8319,-1,-1,-1
131,39,105.40,599.81,51.36,156.61,0.4307,-1,-1,-1
131,26,200.70,572.29,41.07,129.47,0.4724,-1,-1,-1
131,43,1717.52,557.56,41.83,117.99,0.4683,-1,-1,-1
131,30,14.60,587.75,53.90,153.62,0.4849,-1,-1,-1
131,50,533.35,526.39,29.26,71.64,0.4063,-1,-1,-1
132,2,1796.01,661.03,120.32,283.65,0.8652,-1,-1,-1
132,39,94.45,599.28,47.66,160.55,0.4306,-1,-1,-1
132,26,191.76,569.76,41.37,133.48,0.6432,-1,-1,-1
132,43,1714.44,555.87,43.74,119.73,0.4538,-1,-1,-1
132,30,2.52,585.53,52.57,159.09,0.5510,-1,-1,-1
133,2,1802.29,663.00,117.55,289.39,0.8824,-1,-1,-1
133,39,80.31,595.16,49.29,167.72,0.5457,-1,-1,-1
133,26,182.06,566.67,43.86,136.11,0.5320,-1,-1,-1
133,43,1712.37,557.13,45.36,120.15,0.4478,-1,-1,-1
133,30,-2.75,587.77,45.98,162.15,0.3456,-1,-1,-1
133,32,14.22,627.98,58.79,134.09,0.3583,-1,-1,-1
133,50,523.82,527.42,31.08,71.60,0.4532,-1,-1,-1
134,2,1807.22,665.03,113.99,294.75,0.8508,-1,-1,-1
134,39,50.73,580.90,66.55,188.11,0.4959,-1,-1,-1
134,26,173.43,567.22,42.18,138.30,0.5591,-1,-1,-1
134,43,1710.07,556.30,46.58,120.25,0.4811,-1,-1,-1
134,32,1.72,628.78,56.48,137.99,0.4838,-1,-1,-1
134,50,520.72,529.19,27.34,71.96,0.4260,-1,-1,-1
135,2,1811.14,665.92,110.24,301.32,0.8147,-1,-1,-1
135,39,32.43,574.44,74.08,198.22,0.5413,-1,-1,-1
135,26,165.74,569.83,40.82,138.19,0.5435,-1,-1,-1
135,43,1705.69,554.98,50.04,120.08,0.5032,-1,-1,-1
135,32,-3.25,620.76,49.98,147.45,0.5673,-1,-1,-1
135,50,514.98,528.34,28.81,73.36,0.5474,-1,-1,-1
136,2,1817.19,669.40,104.16,305.20,0.8375,-1,-1,-1
136,39,22.25,573.82,75.21,200.86,0.5249,-1,-1,-1
136,26,157.24,567.61,41.16,140.70,0.3930,-1,-1,-1
136,43,1701.42,556.00,50.84,115.91,0.4715,-1,-1,-1
136,32,-4.06,621.96,39.75,147.19,0.6005,-1,-1,-1
136,50,509.23,527.26,28.28,73.70,0.5365,-1,-1,-1
137,2,1823.68,677.43,97.88,307.36,0.7742,-1,-1,-1
137,39,15.82,573.29,70.58,204.60,0.6259,-1,-1,-1
137,26,148.54,572.95,40.33,137.77,0.4034,-1,-1,-1
137,43,1699.46,555.84,51.15,114.78,0.5034,-1,-1,-1
137,32,-3.32,634.50,29.32,138.21,0.4698,-1,-1,-1
137,50,503.49,527.43,29.28,75.28,0.5479,-1,-1,-1
138,2,1830.11,679.42,90.98,310.79,0.7835,-1,-1,-1
138,39,9.45,571.90,64.59,206.09,0.6375,-1,-1,-1
138,26,140.53,572.17,40.80,139.62,0.4940,-1,-1,-1
138,43,1697.69,556.28,51.08,113.50,0.4897,-1,-1,-1
138,50,499.74,529.71,29.97,73.23,0.5814,-1,-1,-1
138,53,1570.67,558.09,44.49,105.98,0.5702,-1,-1,-1
139,2,1833.52,680.03,87.33,315.55,0.7701,-1,-1,-1
139,39,2.06,575.43,59.12,203.07,0.6160,-1,-1,-1
139,43,1696.80,556.85,49.80,110.88,0.5073,-1,-1,-1
139,50,495.18,528.16,27.64,72.80,0.4401,-1,-1,-1
139,53,1568.73,554.75,39.65,108.85,0.5947,-1,-1,-1
140,2,1840.07,682.48,80.87,312.76,0.7505,-1,-1,-1
140,39,-2.67,574.89,51.66,210.80,0.6252,-1,-1,-1
140,43,1697.39,553.29,48.12,114.64,0.5277,-1,-1,-1
140,50,490.40,527.15,28.57,73.46,0.4968,-1,-1,-1
140,53,1566.70,550.76,37.21,111.42,0.6625,-1,-1,-1
140,26,122.26,562.71,42.05,152.68,0.3746,-1,-1,-1
141,2,1847.09,680.12,73.79,312.22,0.6799,-1,-1,-1
141,39,-3.80,579.13,41.44,208.72,0.5907,-1,-1,-1
141,43,1698.61,551.82,45.51,115.77,0.4524,-1,-1,-1
141,50,485.47,527.81,27.73,73.80,0.5268,-1,-1,-1
141,53,1563.40,549.75,38.21,111.66,0.7275,-1,-1,-1
142,2,1854.31,693.10,66.57,300.21,0.6423,-1,-1,-1
142,43,1700.90,554.84,41.94,114.58,0.4370,-1,-1,-1
142,50,480.80,527.38,28.45,75.13,0.4995,-1,-1,-1
142,53,1560.35,551.14,40.05,108.56,0.6806,-1,-1,-1
142,54,399.60,531.11,26.09,64.44,0.3643,-1,-1,-1
143,2,1860.22,703.43,59.75,297.16,0.5927,-1,-1,-1
143,43,1699.42,561.10,40.86,109.89,0.3686,-1,-1,-1
143,50,476.55,526.87,30.76,73.88,0.5369,-1,-1,-1
143,53,1556.93,553.32,40.26,109.26,0.5899,-1,-1,-1
144,2,1866.63,715.00,53.39,263.80,0.4746,-1,-1,-1
144,43,1696.83,566.47,41.92,107.61,0.4585,-1,-1,-1
144,50,473.22,527.57,28.45,74.94,0.5946,-1,-1,-1
144,53,1554.33,556.12,38.08,109.42,0.7093,-1,-1,-1
145,43,1694.26,570.22,42.45,106.97,0.6018,-1,-1,-1
145,50,467.93,527.15,28.54,74.15,0.5255,-1,-1,-1
145,53,1549.13,557.73,37.33,108.19,0.6957,-1,-1,-1
145,54,382.52,529.25,27.90,64.90,0.4090,-1,-1,-1
146,43,1693.33,573.14,42.65,102.26,0.6214,-1,-1,-1
146,50,463.66,526.15,28.00,74.62,0.5848,-1,-1,-1
146,53,1545.34,555.98,38.50,110.32,0.6497,-1,-1,-1
146,54,379.20,529.40,26.88,64.42,0.4055,-1,-1,-1
147,43,1691.37,574.62,41.60,103.17,0.5343,-1,-1,-1
147,50,457.19,526.69,29.26,75.67,0.5244,-1,-1,-1
147,53,1540.74,557.47,39.13,109.72,0.6766,-1,-1,-1
147,54,372.39,530.82,27.99,65.20,0.3213,-1,-1,-1
148,43,1684.78,571.39,45.84,105.31,0.4709,-1,-1,-1
148,50,452.73,528.88,29.99,74.21,0.5903,-1,-1,-1
148,53,1532.19,555.16,44.67,112.65,0.6901,-1,-1,-1
148,54,363.91,529.71,28.83,66.60,0.3125,-1,-1,-1
149,43,1681.03,570.56,44.26,105.32,0.6105,-1,-1,-1
149,50,447.95,529.37,29.16,74.85,0.5575,-1,-1,-1
149,53,1520.73,554.25,52.78,113.62,0.6863,-1,-1,-1
149,54,357.97,529.86,30.33,67.73,0.3715,-1,-1,-1
150,43,1679.34,567.40,43.05,106.93,0.6682,-1,-1,-1
150,50,442.75,528.59,29.82,76.40,0.5841,-1,-1,-1
150,53,1512.87,558.03,58.21,109.69,0.7187,-1,-1,-1
150,54,355.11,530.17,28.58,68.06,0.4075,-1,-1,-1
151,43,1675.67,567.12,43.11,107.46,0.5866,-1,-1,-1
151,50,435.47,527.90,30.45,77.93,0.5415,-1,-1,-1
151,53,1509.02,559.39,58.25,109.05,0.7009,-1,-1,-1
151,54,348.98,533.01,28.68,68.16,0.3415,-1,-1,-1
152,43,1672.61,566.78,43.12,105.69,0.5131,-1,-1,-1
152,50,429.13,529.79,30.97,76.96,0.5592,-1,-1,-1
152,53,1506.80,558.00,56.23,110.43,0.6990,-1,-1,-1
153,43,1672.99,566.41,38.58,96.99,0.4089,-1,-1,-1
153,50,424.03,530.24,28.87,75.38,0.5252,-1,-1,-1
153,53,1501.83,557.04,57.42,110.14,0.6614,-1,-1,-1
154,50,417.06,532.13,30.09,76.81,0.5157,-1,-1,-1
154,53,1497.16,553.73,53.82,113.19,0.6689,-1,-1,-1
155,50,410.84,530.35,29.74,79.27,0.5748,-1,-1,-1
155,53,1491.76,552.33,50.71,113.10,0.6495,-1,-1,-1
156,50,403.43,532.61,30.72,78.76,0.5339,-1,-1,-1
156,53,1487.59,550.47,46.88,115.38,0.6682,-1,-1,-1
157,50,397.74,534.95,30.29,77.76,0.5838,-1,-1,-1
157,53,1481.16,551.03,45.34,113.79,0.6720,-1,-1,-1
157,56,1301.64,521.33,30.35,72.48,0.3436,-1,-1,-1
158,50,392.88,535.84,29.10,78.74,0.5319,-1,-1,-1
158,53,1474.57,548.54,45.43,116.04,0.7304,-1,-1,-1
158,56,1297.31,520.90,31.02,73.92,0.3213,-1,-1,-1
158,57,1437.07,533.73,22.29,88.70,0.4271,-1,-1,-1
159,50,387.65,537.62,28.52,78.27,0.5667,-1,-1,-1
159,53,1469.84,546.23,44.28,117.87,0.7112,-1,-1,-1
160,50,380.43,538.81,30.43,79.48,0.5007,-1,-1,-1
160,53,1465.87,545.72,43.13,119.00,0.6753,-1,-1,-1
161,50,376.52,538.65,30.10,79.28,0.4978,-1,-1,-1
161,53,1461.41,546.39,43.37,117.94,0.6508,-1,-1,-1
162,50,371.16,539.58,31.25,78.40,0.5280,-1,-1,-1
162,53,1457.33,549.15,44.01,113.58,0.6770,-1,-1,-1
163,50,364.79,540.64,31.55,79.72,0.4652,-1,-1,-1
163,53,1451.13,549.73,46.43,113.45,0.6457,-1,-1,-1
164,50,360.42,540.19,32.25,80.06,0.5371,-1,-1,-1
164,53,1446.79,548.79,47.13,114.24,0.6249,-1,-1,-1
165,50,355.20,541.56,32.13,80.48,0.5057,-1,-1,-1
165,53,1439.37,547.96,50.37,115.53,0.6663,-1,-1,-1
166,50,350.23,543.11,30.00,79.50,0.5511,-1,-1,-1
166,53,1433.91,548.22,50.45,115.55,0.6798,-1,-1,-1
167,50,345.33,543.29,30.90,78.81,0.6244,-1,-1,-1
167,53,1431.61,545.04,47.03,117.18,0.6658,-1,-1,-1
168,50,339.13,543.08,32.96,79.41,0.5757,-1,-1,-1
168,53,1428.35,543.32,44.47,117.22,0.6641,-1,-1,-1
169,50,334.43,543.74,34.03,79.06,0.5617,-1,-1,-1
169,53,1424.96,543.95,42.52,117.47,0.6759,-1,-1,-1
170,50,330.48,543.18,32.19,78.93,0.5520,-1,-1,-1
170,53,1421.01,540.60,41.71,120.24,0.6740,-1,-1,-1
171,50,325.39,543.71,32.05,77.91,0.5632,-1,-1,-1
171,53,1415.40,539.47,43.84,123.27,0.5670,-1,-1,-1
172,50,320.77,541.94,31.56,78.11,0.5779,-1,-1,-1
172,53,1410.84,535.48,43.23,125.80,0.6204,-1,-1,-1
173,50,315.28,541.24,32.89,80.84,0.5737,-1,-1,-1
173,53,1406.13,532.80,43.79,128.47,0.5631,-1,-1,-1
174,50,310.99,542.79,34.19,79.40,0.6001,-1,-1,-1
174,53,1402.43,531.18,45.39,131.02,0.6384,-1,-1,-1
175,50,306.60,541.62,34.93,79.73,0.4848,-1,-1,-1
175,53,1393.87,532.07,52.21,131.50,0.6645,-1,-1,-1
176,50,302.01,542.07,34.36,80.60,0.5860,-1,-1,-1
176,53,1388.15,534.64,55.33,129.55,0.6767,-1,-1,-1
177,50,297.21,542.03,34.92,78.49,0.6517,-1,-1,-1
177,53,1384.55,534.34,56.30,130.39,0.7054,-1,-1,-1
178,50,293.25,542.40,34.38,80.92,0.6082,-1,-1,-1
178,53,1384.84,534.73,53.99,130.59,0.6719,-1,-1,-1
179,50,289.29,540.83,34.81,82.99,0.6119,-1,-1,-1
179,53,1385.32,535.93,50.73,129.47,0.6810,-1,-1,-1
180,50,284.45,543.52,35.91,81.93,0.5634,-1,-1,-1
180,53,1383.99,535.35,49.17,130.37,0.7040,-1,-1,-1
180,59,1608.24,543.46,38.63,128.57,0.4055,-1,-1,-1
181,50,280.76,543.43,35.75,83.24,0.5570,-1,-1,-1
181,53,1383.41,536.39,44.21,127.99,0.7124,-1,-1,-1
181,59,1601.00,544.77,49.36,128.30,0.3670,-1,-1,-1
182,50,275.47,543.86,35.43,83.42,0.5938,-1,-1,-1
182,53,1379.94,537.01,43.51,127.76,0.7275,-1,-1,-1
182,59,1602.59,545.84,48.10,127.50,0.4360,-1,-1,-1
183,50,271.91,544.54,34.08,84.80,0.6421,-1,-1,-1
183,53,1376.00,536.78,43.87,128.52,0.7399,-1,-1,-1
183,59,1606.81,549.63,44.25,124.53,0.4207,-1,-1,-1
183,43,1608.87,550.38,41.62,123.59,0.4207,-1,-1,-1
184,50,267.10,546.32,34.46,84.34,0.6225,-1,-1,-1
184,53,1373.17,536.03,43.10,129.44,0.7634,-1,-1,-1
184,59,1608.81,545.75,42.13,128.41,0.4364,-1,-1,-1
184,43,1609.08,545.79,41.20,128.32,0.4364,-1,-1,-1
185,50,262.52,547.83,34.94,83.53,0.5510,-1,-1,-1
185,53,1370.57,534.62,43.87,131.36,0.7475,-1,-1,-1
185,59,1608.58,543.74,41.92,131.19,0.4627,-1,-1,-1
185,43,1608.32,543.49,41.57,131.41,0.4627,-1,-1,-1
186,50,259.05,547.45,35.40,84.66,0.5228,-1,-1,-1
186,53,1369.20,534.22,42.64,132.37,0.7192,-1,-1,-1
186,59,1607.28,545.02,43.66,128.74,0.3661,-1,-1,-1
186,43,1606.92,544.53,43.45,129.30,0.3661,-1,-1,-1
187,50,254.74,548.58,34.99,85.64,0.5690,-1,-1,-1
187,53,1366.72,533.68,42.57,133.12,0.7051,-1,-1,-1
187,43,1599.13,542.53,50.83,132.21,0.3333,-1,-1,-1
188,50,250.27,549.83,34.96,86.24,0.5666,-1,-1,-1
188,53,1364.53,534.17,43.64,134.26,0.6752,-1,-1,-1
188,43,1595.45,545.88,55.87,131.18,0.4374,-1,-1,-1
189,50,246.48,550.21,34.74,89.17,0.5181,-1,-1,-1
189,53,1359.29,532.58,48.09,137.33,0.6417,-1,-1,-1
189,43,1594.67,544.79,58.23,133.05,0.4622,-1,-1,-1
190,50,241.83,549.70,36.31,90.45,0.5532,-1,-1,-1
190,53,1356.29,533.63,50.14,136.06,0.6758,-1,-1,-1
190,43,1594.14,541.44,60.33,136.06,0.5133,-1,-1,-1
191,50,238.22,553.10,36.48,88.30,0.5020,-1,-1,-1
191,53,1353.59,534.60,51.73,135.29,0.6663,-1,-1,-1
191,43,1594.90,539.82,62.51,137.30,0.5088,-1,-1,-1
192,50,234.19,552.95,37.90,88.04,0.5345,-1,-1,-1
192,53,1351.59,539.77,51.50,129.54,0.6262,-1,-1,-1
192,43,1601.77,540.02,55.43,135.27,0.4879,-1,-1,-1
193,50,228.73,555.82,38.36,86.69,0.6065,-1,-1,-1
193,53,1349.74,540.88,51.79,130.00,0.6603,-1,-1,-1
193,43,1602.91,539.38,56.33,136.13,0.5483,-1,-1,-1
194,50,225.29,559.14,36.10,85.57,0.5888,-1,-1,-1
194,53,1347.98,541.99,50.12,128.66,0.6725,-1,-1,-1
194,43,1605.96,547.18,55.67,128.37,0.5190,-1,-1,-1
195,50,222.25,559.79,34.82,84.57,0.5122,-1,-1,-1
195,53,1345.93,541.40,49.29,129.63,0.6875,-1,-1,-1
195,43,1604.12,547.41,58.95,128.08,0.5450,-1,-1,-1
196,50,218.50,561.08,35.12,86.33,0.4654,-1,-1,-1
196,53,1345.52,542.17,47.26,130.84,0.6782,-1,-1,-1
196,43,1606.90,548.20,57.90,127.51,0.5421,-1,-1,-1
197,50,214.15,561.74,35.70,86.40,0.4672,-1,-1,-1
197,53,1345.19,541.43,45.44,131.79,0.6293,-1,-1,-1
197,43,1610.66,549.04,54.26,125.79,0.4579,-1,-1,-1
198,50,211.31,562.64,34.47,85.85,0.5394,-1,-1,-1
198,53,1345.06,542.67,43.57,128.66,0.4941,-1,-1,-1
198,43,1617.08,551.33,49.07,123.06,0.5008,-1,-1,-1
199,50,207.23,562.73,34.92,86.66,0.5186,-1,-1,-1
199,53,1344.11,543.66,43.55,126.74,0.6218,-1,-1,-1
199,43,1620.88,553.60,45.67,121.17,0.5727,-1,-1,-1
200,50,202.51,563.73,37.04,88.45,0.4726,-1,-1,-1
200,53,1342.56,544.83,44.63,126.58,0.6267,-1,-1,-1
200,43,1621.33,555.04,45.65,120.01,0.5277,-1,-1,-1
201,50,200.25,563.82,35.21,89.14,0.4735,-1,-1,-1
201,53,1341.37,547.70,44.77,124.00,0.6503,-1,-1,-1
201,43,1619.72,553.85,49.53,121.77,0.6185,-1,-1,-1
202,50,194.66,563.60,36.96,91.60,0.6059,-1,-1,-1
202,53,1339.67,548.74,45.48,124.43,0.6763,-1,-1,-1
202,43,1621.23,553.91,50.81,123.07,0.6072,-1,-1,-1
203,50,189.83,564.03,39.81,92.24,0.5574,-1,-1,-1
203,53,1337.30,551.38,47.32,120.86,0.7051,-1,-1,-1
203,43,1624.06,553.89,49.74,124.22,0.5664,-1,-1,-1
204,50,187.01,565.65,39.65,91.84,0.5613,-1,-1,-1
204,53,1336.23,551.31,47.85,121.24,0.7168,-1,-1,-1
204,43,1629.98,553.03,47.48,123.39,0.6135,-1,-1,-1
205,50,182.70,566.66,38.44,91.18,0.5739,-1,-1,-1
205,53,1335.14,547.87,47.67,124.60,0.7263,-1,-1,-1
205,43,1631.41,554.43,47.28,120.85,0.6115,-1,-1,-1
206,50,178.03,567.64,39.52,90.73,0.5752,-1,-1,-1
206,53,1335.07,547.99,47.29,125.21,0.7371,-1,-1,-1
206,43,1628.36,555.13,52.51,122.40,0.5101,-1,-1,-1
207,50,173.16,570.07,39.40,92.11,0.5725,-1,-1,-1
207,53,1334.18,549.28,47.07,126.38,0.7599,-1,-1,-1
207,43,1627.69,557.13,55.65,122.64,0.4882,-1,-1,-1
208,50,168.76,570.51,39.03,92.40,0.5600,-1,-1,-1
208,53,1332.83,547.94,48.67,128.82,0.7474,-1,-1,-1
208,43,1641.26,557.28,45.48,122.17,0.4171,-1,-1,-1
209,50,165.47,569.69,39.15,93.01,0.5244,-1,-1,-1
209,53,1331.42,545.36,49.38,132.12,0.7468,-1,-1,-1
209,43,1646.22,558.36,43.34,123.06,0.6142,-1,-1,-1
210,50,162.56,570.78,37.86,93.36,0.4564,-1,-1,-1
210,53,1330.39,543.25,49.06,134.35,0.7449,-1,-1,-1
210,43,1647.72,559.86,45.31,123.48,0.5731,-1,-1,-1
211,50,158.83,571.21,40.92,94.90,0.5727,-1,-1,-1
211,53,1330.01,545.20,47.83,133.76,0.7634,-1,-1,-1
211,43,1653.62,566.05,43.55,119.73,0.5296,-1,-1,-1
212,50,155.82,570.66,40.80,95.38,0.6044,-1,-1,-1
212,53,1328.58,546.32,48.76,132.36,0.7383,-1,-1,-1
212,43,1657.86,560.54,46.04,126.32,0.5281,-1,-1,-1
213,50,153.42,571.85,40.76,95.26,0.5522,-1,-1,-1
213,53,1328.88,548.41,49.10,131.70,0.7345,-1,-1,-1
213,43,1651.99,561.46,57.72,128.52,0.4816,-1,-1,-1
214,50,150.87,573.90,40.97,94.56,0.5941,-1,-1,-1
214,53,1329.88,547.39,49.27,133.42,0.6757,-1,-1,-1
214,43,1653.97,560.15,60.30,128.39,0.5132,-1,-1,-1
215,50,149.02,571.26,40.09,95.07,0.5917,-1,-1,-1
215,53,1330.36,547.96,49.49,134.89,0.6778,-1,-1,-1
215,43,1667.07,559.70,51.73,129.74,0.5428,-1,-1,-1
216,50,147.14,574.08,37.52,93.02,0.4253,-1,-1,-1
216,53,1331.81,550.17,48.68,134.96,0.6689,-1,-1,-1
216,43,1675.10,562.51,47.20,126.36,0.6051,-1,-1,-1
217,50,143.62,572.99,36.60,94.80,0.4762,-1,-1,-1
217,53,1332.89,550.26,48.70,135.52,0.7014,-1,-1,-1
217,43,1681.02,561.47,45.72,124.87,0.4835,-1,-1,-1
218,50,140.37,573.24,37.42,94.36,0.4896,-1,-1,-1
218,53,1335.14,549.11,47.69,135.56,0.7457,-1,-1,-1
218,43,1677.24,561.31,60.15,127.26,0.4890,-1,-1,-1
218,63,-0.63,578.17,20.12,84.23,0.4196,-1,-1,-1
219,50,139.82,572.82,38.32,94.90,0.4862,-1,-1,-1
219,53,1337.19,549.90,47.18,136.30,0.7612,-1,-1,-1
219,43,1689.68,561.37,53.13,126.30,0.5400,-1,-1,-1
219,63,-0.62,579.17,18.36,84.66,0.3336,-1,-1,-1
219,64,23.08,580.96,34.96,84.95,0.4327,-1,-1,-1
220,50,138.07,575.80,38.44,95.12,0.4596,-1,-1,-1
220,53,1338.95,548.69,48.13,138.33,0.7627,-1,-1,-1
220,43,1695.89,562.62,51.79,124.81,0.5392,-1,-1,-1
220,64,16.41,580.55,38.41,90.62,0.5612,-1,-1,-1
221,50,134.22,574.05,39.35,96.69,0.4649,-1,-1,-1
221,53,1342.05,548.00,47.65,141.10,0.7531,-1,-1,-1
221,43,1704.26,565.76,46.97,123.13,0.5218,-1,-1,-1
221,64,11.77,579.93,40.31,88.40,0.5348,-1,-1,-1
222,50,130.88,573.82,40.04,98.46,0.4811,-1,-1,-1
222,53,1345.71,545.62,45.62,140.11,0.7572,-1,-1,-1
222,43,1701.26,560.63,60.94,127.13,0.5033,-1,-1,-1
222,64,10.56,580.09,40.06,89.31,0.5541,-1,-1,-1
223,50,129.19,574.10,39.52,98.28,0.5022,-1,-1,-1
223,53,1347.42,546.70,46.50,140.03,0.7557,-1,-1,-1
223,43,1714.73,563.11,52.60,126.17,0.5337,-1,-1,-1
223,64,9.43,579.56,38.26,89.65,0.4608,-1,-1,-1
224,50,128.39,577.55,40.65,97.11,0.4719,-1,-1,-1
224,53,1348.93,544.19,47.29,141.22,0.7570,-1,-1,-1
224,43,1721.46,560.93,50.51,126.02,0.4782,-1,-1,-1
225,50,127.41,577.58,40.43,97.25,0.4994,-1,-1,-1
225,53,1350.97,545.58,48.02,139.21,0.7485,-1,-1,-1
225,43,1728.69,556.76,54.27,129.14,0.5429,-1,-1,-1
226,50,125.84,584.99,42.05,94.32,0.4238,-1,-1,-1
226,53,1352.52,546.68,48.12,137.65,0.7008,-1,-1,-1
226,43,1731.99,556.93,58.66,126.78,0.5111,-1,-1,-1
226,64,0.52,597.48,34.72,82.02,0.3552,-1,-1,-1
227,50,121.93,584.93,40.93,95.62,0.3098,-1,-1,-1
227,53,1354.43,547.27,48.90,139.29,0.7483,-1,-1,-1
227,43,1743.32,558.53,52.67,126.39,0.5236,-1,-1,-1
227,64,-0.15,595.89,32.46,83.59,0.3347,-1,-1,-1
228,50,118.75,586.45,38.75,96.06,0.3373,-1,-1,-1
228,53,1356.56,548.26,48.50,141.51,0.7463,-1,-1,-1
228,43,1750.99,554.57,53.98,128.68,0.5434,-1,-1,-1
228,64,-0.67,592.05,31.64,89.17,0.3095,-1,-1,-1
229,50,117.16,586.43,37.11,96.41,0.4067,-1,-1,-1
229,53,1358.61,548.17,48.37,141.28,0.7454,-1,-1,-1
229,43,1753.81,557.20,58.92,128.08,0.5028,-1,-1,-1
230,50,116.88,587.09,34.75,97.17,0.3009,-1,-1,-1
230,53,1361.86,548.93,48.41,140.69,0.7491,-1,-1,-1
230,43,1763.85,555.40,55.56,127.36,0.5397,-1,-1,-1
231,50,115.92,587.59,35.30,97.31,0.3338,-1,-1,-1
231,53,1363.96,551.91,49.35,138.79,0.7345,-1,-1,-1
231,43,1774.56,554.48,56.20,130.31,0.5590,-1,-1,-1
232,53,1366.62,552.34,48.59,138.52,0.7349,-1,-1,-1
232,43,1778.27,553.24,62.16,131.32,0.5180,-1,-1,-1
233,53,1368.64,551.37,48.79,140.80,0.7661,-1,-1,-1
233,43,1789.64,556.29,59.22,128.92,0.5370,-1,-1,-1
234,53,1371.02,552.80,48.56,138.73,0.7041,-1,-1,-1
234,43,1793.67,558.77,64.36,128.96,0.4532,-1,-1,-1
234,50,109.06,590.06,39.42,97.14,0.3436,-1,-1,-1
235,53,1374.59,553.70,48.65,136.98,0.6636,-1,-1,-1
235,43,1807.03,559.26,59.36,128.97,0.4599,-1,-1,-1
236,53,1377.87,552.83,51.24,136.79,0.7028,-1,-1,-1
236,43,1822.66,553.72,56.81,126.10,0.5267,-1,-1,-1
237,53,1380.26,551.87,53.72,137.20,0.6999,-1,-1,-1
237,43,1834.35,549.57,57.44,126.43,0.5034,-1,-1,-1
238,53,1384.56,553.01,51.47,136.75,0.7134,-1,-1,-1
238,43,1845.73,546.87,57.87,134.81,0.5070,-1,-1,-1
238,50,105.05,583.04,41.82,103.79,0.3777,-1,-1,-1
239,53,1386.95,553.22,51.24,137.22,0.6842,-1,-1,-1
239,43,1850.57,544.95,63.02,139.85,0.4651,-1,-1,-1
239,50,104.52,579.12,44.34,105.28,0.3826,-1,-1,-1
240,53,1390.54,550.46,50.35,141.31,0.7217,-1,-1,-1
240,43,1863.36,543.20,57.68,134.66,0.4512,-1,-1,-1
240,50,103.92,578.09,44.85,105.95,0.3988,-1,-1,-1
241,53,1396.15,548.56,48.84,144.68,0.7552,-1,-1,-1
241,43,1871.81,545.95,52.05,136.70,0.4767,-1,-1,-1
241,50,103.46,576.59,43.58,107.76,0.4285,-1,-1,-1
242,53,1400.93,548.23,48.71,145.95,0.6746,-1,-1,-1
242,50,104.15,577.69,43.66,106.98,0.4135,-1,-1,-1
243,53,1405.32,550.29,47.95,143.48,0.6901,-1,-1,-1
243,50,104.46,576.27,45.55,108.48,0.4093,-1,-1,-1
244,53,1410.53,553.87,48.03,139.95,0.7140,-1,-1,-1
244,50,104.04,576.34,44.30,108.36,0.3628,-1,-1,-1
245,53,1416.88,555.90,46.57,139.24,0.7655,-1,-1,-1
245,50,105.24,577.03,43.67,109.33,0.3807,-1,-1,-1
246,53,1422.72,554.89,46.59,140.86,0.7619,-1,-1,-1
246,50,105.30,577.12,41.79,109.99,0.3632,-1,-1,-1
247,53,1427.83,555.55,46.86,141.17,0.7415,-1,-1,-1
247,50,104.69,579.26,41.64,110.08,0.4197,-1,-1,-1
247,70,1318.11,582.19,45.98,133.73,0.4750,-1,-1,-1
248,53,1434.13,556.28,47.16,141.68,0.7561,-1,-1,-1
248,50,105.08,581.39,40.56,109.07,0.3854,-1,-1,-1
248,70,1327.59,583.29,47.35,132.00,0.3796,-1,-1,-1
249,53,1440.48,554.64,46.71,144.93,0.7948,-1,-1,-1
249,50,105.56,584.02,42.39,109.32,0.4063,-1,-1,-1
249,70,1334.66,582.13,48.81,132.59,0.3824,-1,-1,-1
250,53,1446.59,549.48,47.61,148.82,0.7218,-1,-1,-1
250,50,106.07,586.24,43.49,108.48,0.4542,-1,-1,-1
250,70,1340.22,581.18,48.03,131.10,0.3014,-1,-1,-1
251,53,1455.15,545.57,44.36,155.73,0.7527,-1,-1,-1
251,50,107.19,587.29,42.60,108.48,0.3931,-1,-1,-1
252,53,1461.44,547.62,44.93,152.40,0.7404,-1,-1,-1
252,50,110.19,588.74,38.20,105.12,0.3095,-1,-1,-1
253,53,1468.83,541.84,45.08,156.73,0.7455,-1,-1,-1
253,50,115.22,591.33,38.68,105.29,0.4483,-1,-1,-1
254,53,1473.94,539.28,46.13,158.36,0.7033,-1,-1,-1
254,50,118.85,591.27,38.60,105.78,0.4651,-1,-1,-1
255,53,1481.31,536.11,45.09,157.21,0.7114,-1,-1,-1
255,50,119.81,593.87,40.54,107.76,0.3868,-1,-1,-1
256,53,1489.27,538.06,46.35,156.50,0.7257,-1,-1,-1
256,50,123.33,593.93,40.96,110.82,0.4109,-1,-1,-1
257,53,1498.02,537.43,45.14,154.16,0.7083,-1,-1,-1
257,50,127.98,595.19,45.23,110.03,0.3283,-1,-1,-1
258,53,1506.16,543.19,45.85,151.24,0.6423,-1,-1,-1
258,50,131.55,596.48,45.22,109.77,0.3460,-1,-1,-1
259,53,1512.98,549.62,49.40,145.95,0.5939,-1,-1,-1
259,50,132.83,595.05,43.73,111.11,0.3772,-1,-1,-1
259,64,0.08,610.34,26.51,94.90,0.4729,-1,-1,-1
260,53,1513.95,551.08,60.61,147.09,0.6694,-1,-1,-1
260,50,133.22,598.84,42.60,109.43,0.3197,-1,-1,-1
260,64,0.66,611.90,29.25,94.51,0.4129,-1,-1,-1
261,53,1520.98,553.34,64.48,145.47,0.5765,-1,-1,-1
261,50,135.58,600.94,42.27,108.09,0.3941,-1,-1,-1
261,64,0.49,612.01,30.79,96.24,0.5006,-1,-1,-1
262,53,1523.02,562.30,73.79,136.09,0.4398,-1,-1,-1
262,50,140.17,601.14,37.79,108.04,0.4578,-1,-1,-1
262,64,0.83,611.04,29.56,97.09,0.4984,-1,-1,-1
263,50,141.84,602.19,39.03,106.88,0.3133,-1,-1,-1
263,64,0.28,612.29,32.00,95.55,0.4663,-1,-1,-1
264,64,0.50,612.01,33.04,96.48,0.5156,-1,-1,-1
265,64,-0.01,614.52,33.58,93.82,0.4631,-1,-1,-1
265,50,147.15,600.41,44.35,109.61,0.3717,-1,-1,-1
266,64,0.54,613.83,37.20,94.12,0.4623,-1,-1,-1
266,76,997.01,512.92,29.39,85.20,0.4399,-1,-1,-1
266,53,1573.74,574.72,65.30,136.51,0.4049,-1,-1,-1
267,64,0.15,613.69,40.87,94.77,0.4943,-1,-1,-1
267,76,1003.83,517.38,27.15,80.68,0.3558,-1,-1,-1
267,50,151.44,599.75,44.58,112.11,0.4010,-1,-1,-1
268,64,2.53,612.61,42.13,98.35,0.4669,-1,-1,-1
268,76,1008.70,517.64,28.49,81.89,0.3297,-1,-1,-1
268,78,1050.40,510.91,36.81,99.22,0.4425,-1,-1,-1
269,64,4.01,610.61,44.32,99.88,0.4942,-1,-1,-1
269,76,1021.93,512.94,25.96,89.03,0.3662,-1,-1,-1
269,78,1058.66,507.72,40.61,99.93,0.4786,-1,-1,-1
269,50,154.83,598.77,44.01,113.59,0.3899,-1,-1,-1
270,64,6.13,608.48,46.13,99.24,0.4642,-1,-1,-1
270,76,1024.68,509.32,26.94,88.66,0.3831,-1,-1,-1
270,78,1065.55,504.67,38.93,96.66,0.4245,-1,-1,-1
270,50,157.16,594.82,43.14,114.32,0.3389,-1,-1,-1
270,70,1568.33,592.50,51.38,185.00,0.5122,-1,-1,-1
271,64,10.66,609.57,43.97,97.21,0.5401,-1,-1,-1
271,76,1027.20,510.14,27.73,87.16,0.3106,-1,-1,-1
271,78,1070.02,505.55,37.90,96.71,0.4254,-1,-1,-1
271,50,161.46,595.11,42.36,112.66,0.4304,-1,-1,-1
271,70,1584.84,592.43,53.36,188.01,0.4663,-1,-1,-1
272,64,11.92,605.69,43.89,99.66,0.5138,-1,-1,-1
272,76,1032.62,514.64,27.01,81.05,0.3015,-1,-1,-1
272,78,1075.13,508.45,36.64,97.38,0.3737,-1,-1,-1
273,64,13.50,606.39,44.85,100.44,0.5929,-1,-1,-1
273,78,1079.96,507.77,42.19,99.37,0.3637,-1,-1,-1
273,50,167.32,591.84,46.76,115.71,0.3818,-1,-1,-1
274,64,13.93,601.38,44.18,102.53,0.4455,-1,-1,-1
274,78,1088.37,506.70,41.19,95.85,0.4813,-1,-1,-1
274,80,1064.70,506.42,24.08,91.68,0.3772,-1,-1,-1
274,76,1053.92,507.17,23.35,89.51,0.3397,-1,-1,-1
275,64,15.36,598.91,46.93,106.31,0.6144,-1,-1,-1
275,78,1094.83,507.11,37.44,96.21,0.3927,-1,-1,-1
275,76,1052.26,509.33,28.10,88.09,0.3625,-1,-1,-1
275,70,1640.50,582.90,82.30,222.23,0.4295,-1,-1,-1
276,64,16.93,599.97,47.66,105.37,0.6279,-1,-1,-1
276,78,1100.66,506.87,35.40,96.76,0.3072,-1,-1,-1
276,70,1656.60,582.11,79.93,232.20,0.6511,-1,-1,-1
276,50,174.40,590.04,45.93,117.36,0.4254,-1,-1,-1
277,64,19.19,598.46,47.73,107.02,0.6056,-1,-1,-1
277,78,1103.38,503.74,38.08,98.91,0.3152,-1,-1,-1
277,70,1671.19,589.20,80.56,230.06,0.5055,-1,-1,-1
277,50,177.08,589.76,44.72,117.74,0.3450,-1,-1,-1
277,76,1058.67,504.44,33.20,92.74,0.3837,-1,-1,-1
278,64,20.88,598.67,48.03,108.86,0.5956,-1,-1,-1
278,78,1109.36,505.81,40.96,96.76,0.3398,-1,-1,-1
278,70,1683.56,594.80,83.95,229.44,0.4514,-1,-1,-1
278,50,177.12,591.04,46.30,118.75,0.3741,-1,-1,-1
278,81,1176.58,515.75,31.20,95.92,0.3973,-1,-1,-1
278,76,1070.74,505.16,28.36,93.88,0.3923,-1,-1,-1
279,64,23.39,598.23,48.43,109.81,0.6058,-1,-1,-1
279,78,1116.67,517.26,36.33,84.96,0.3125,-1,-1,-1
279,70,1696.36,595.71,87.86,234.55,0.5978,-1,-1,-1
279,50,178.95,591.28,46.51,118.91,0.4374,-1,-1,-1
279,76,1072.68,508.54,30.44,91.32,0.4359,-1,-1,-1
280,64,24.65,600.29,48.77,111.47,0.6286,-1,-1,-1
280,50,180.79,598.39,45.23,114.15,0.4650,-1,-1,-1
281,64,25.56,601.70,50.42,112.57,0.6286,-1,-1,-1
281,50,184.47,599.48,45.12,115.04,0.4178,-1,-1,-1
281,78,1124.37,507.51,39.37,96.12,0.3443,-1,-1,-1
281,70,1723.47,606.79,103.64,235.43,0.5484,-1,-1,-1
282,64,28.39,604.15,49.67,111.20,0.6182,-1,-1,-1
282,50,187.31,598.87,47.31,116.63,0.4728,-1,-1,-1
282,70,1734.18,610.21,114.62,236.66,0.6271,-1,-1,-1
283,64,30.47,608.88,48.71,109.05,0.6025,-1,-1,-1
283,50,188.89,600.00,50.63,117.77,0.4684,-1,-1,-1
283,70,1770.82,609.65,100.98,240.95,0.6215,-1,-1,-1
284,64,32.88,610.24,48.29,109.67,0.6394,-1,-1,-1
284,50,192.08,601.41,49.23,117.92,0.3813,-1,-1,-1
284,70,1796.32,609.92,101.01,244.49,0.7479,-1,-1,-1
284,87,1755.56,549.91,57.29,183.16,0.6228,-1,-1,-1
284,88,1293.42,535.08,41.64,121.69,0.3889,-1,-1,-1
285,64,35.43,611.84,47.33,110.09,0.6388,-1,-1,-1
285,50,194.81,601.40,50.88,119.59,0.4395,-1,-1,-1
285,70,1822.25,612.02,95.02,246.29,0.8108,-1,-1,-1
285,87,1768.00,550.03,59.88,183.32,0.6448,-1,-1,-1
285,88,1301.14,536.78,47.49,118.55,0.4237,-1,-1,-1
285,81,1254.83,536.26,44.17,122.56,0.3722,-1,-1,-1
286,64,36.67,612.98,47.80,111.45,0.6464,-1,-1,-1
286,50,197.46,601.59,51.87,121.23,0.4208,-1,-1,-1
286,70,1843.22,611.20,81.90,250.89,0.7455,-1,-1,-1
286,87,1779.75,546.98,62.08,188.65,0.7142,-1,-1,-1
286,88,1312.46,535.95,44.53,118.07,0.3429,-1,-1,-1
287,64,37.22,613.76,49.12,112.40,0.6323,-1,-1,-1
287,50,199.34,605.31,51.77,120.57,0.4334,-1,-1,-1
287,70,1865.11,614.79,61.71,251.81,0.7013,-1,-1,-1
287,87,1796.29,547.92,62.02,191.37,0.7020,-1,-1,-1
288,64,38.37,614.59,50.85,112.36,0.6126,-1,-1,-1
288,50,200.94,605.25,47.84,122.13,0.4925,-1,-1,-1
288,70,1888.27,640.13,37.32,227.19,0.5868,-1,-1,-1
288,87,1807.36,547.10,68.17,194.74,0.6716,-1,-1,-1
289,64,38.55,615.15,51.21,113.84,0.5697,-1,-1,-1
289,50,201.60,607.27,42.87,120.87,0.3893,-1,-1,-1
289,87,1821.70,545.21,67.18,198.05,0.7279,-1,-1,-1
290,64,40.25,613.14,52.38,116.04,0.6098,-1,-1,-1
290,50,203.33,605.88,45.84,122.92,0.4323,-1,-1,-1
290,87,1835.88,543.57,71.91,199.91,0.7608,-1,-1,-1
291,64,42.46,614.21,54.22,118.40,0.6152,-1,-1,-1
291,87,1851.78,539.82,65.02,204.24,0.7573,-1,-1,-1
292,64,43.18,613.41,54.47,121.50,0.6634,-1,-1,-1
292,87,1865.13,540.31,60.66,206.09,0.7129,-1,-1,-1
292,89,1212.57,519.96,46.84,80.40,0.3507,-1,-1,-1
292,50,209.10,608.85,53.73,124.49,0.3703,-1,-1,-1
293,64,44.85,615.16,54.00,123.17,0.6508,-1,-1,-1
293,87,1880.60,540.72,47.48,208.70,0.6244,-1,-1,-1
293,50,213.61,611.40,51.76,124.51,0.4317,-1,-1,-1
294,64,45.91,618.59,54.22,121.62,0.6003,-1,-1,-1
294,50,215.45,611.88,50.68,124.84,0.4650,-1,-1,-1
295,64,46.16,620.33,55.88,120.19,0.6144,-1,-1,-1
295,50,214.45,613.90,45.60,123.83,0.4390,-1,-1,-1
296,64,48.58,620.47,57.07,119.15,0.5635,-1,-1,-1
296,50,215.36,613.57,46.43,124.65,0.4413,-1,-1,-1
297,64,49.82,620.74,57.62,119.89,0.6090,-1,-1,-1
297,50,221.49,614.18,45.35,124.35,0.3719,-1,-1,-1
297,91,1382.89,555.49,40.10,109.14,0.4537,-1,-1,-1
298,64,50.90,620.50,57.37,119.92,0.6082,-1,-1,-1
298,50,225.20,611.72,46.55,126.40,0.4184,-1,-1,-1
298,91,1389.77,546.91,41.91,118.72,0.4214,-1,-1,-1
298,92,1351.86,534.52,43.17,137.57,0.4125,-1,-1,-1
299,64,51.27,621.95,57.17,119.20,0.6155,-1,-1,-1
299,50,227.65,614.42,45.88,124.53,0.4652,-1,-1,-1
299,91,1397.18,560.05,42.21,110.77,0.3227,-1,-1,-1
299,92,1354.86,533.66,49.95,146.93,0.3324,-1,-1,-1
300,64,50.84,620.43,57.83,122.36,0.5867,-1,-1,-1
300,50,229.24,614.55,48.09,125.48,0.4987,-1,-1,-1
300,91,1400.41,554.73,49.30,120.50,0.3037,-1,-1,-1
