2,1,3.15,660.83,40.41,213.20,0.6570,-1,-1,-1
2,2,1372.13,513.57,33.62,101.17,0.6425,-1,-1,-1
2,3,1615.35,549.30,60.71,124.44,0.6602,-1,-1,-1
2,4,1531.88,558.66,48.53,115.57,0.5625,-1,-1,-1
2,5,108.84,699.62,50.36,95.53,0.5526,-1,-1,-1
2,6,500.50,535.65,38.91,94.84,0.3221,-1,-1,-1
2,8,1448.81,491.36,31.24,91.14,0.3898,-1,-1,-1
3,1,6.28,692.64,33.98,211.47,0.6504,-1,-1,-1
3,2,1373.79,507.60,37.63,106.21,0.5891,-1,-1,-1
3,3,1619.93,548.49,63.17,120.34,0.6539,-1,-1,-1
3,4,1537.92,552.11,48.99,118.09,0.6498,-1,-1,-1
3,5,106.12,724.36,43.99,97.32,0.5264,-1,-1,-1
3,6,500.44,550.54,36.88,92.67,0.3648,-1,-1,-1
3,8,1451.04,486.31,32.28,92.51,0.3185,-1,-1,-1
3,10,171.58,584.35,48.59,157.22,0.4275,-1,-1,-1
4,1,7.77,701.75,25.26,165.90,0.3936,-1,-1,-1
4,2,1379.96,505.77,36.11,109.00,0.7124,-1,-1,-1
4,3,1629.91,547.57,62.56,126.03,0.7595,-1,-1,-1
4,4,1549.32,552.56,43.10,120.94,0.6529,-1,-1,-1
4,5,92.83,722.48,43.63,100.93,0.5896,-1,-1,-1
4,6,499.15,547.21,36.62,93.58,0.4333,-1,-1,-1
4,8,1457.89,485.44,27.88,90.29,0.4457,-1,-1,-1
5,2,1384.74,515.80,34.02,110.31,0.7115,-1,-1,-1
5,3,1636.12,564.64,62.45,122.97,0.6361,-1,-1,-1
5,4,1549.96,561.29,51.39,121.97,0.3998,-1,-1,-1
5,5,77.22,715.44,44.92,103.47,0.5019,-1,-1,-1
5,6,495.88,539.93,33.90,96.46,0.4487,-1,-1,-1
5,8,1459.83,497.01,27.77,86.51,0.5460,-1,-1,-1
5,12,1499.91,514.70,23.91,76.35,0.3295,-1,-1,-1
6,2,1391.82,527.26,30.58,107.40,0.6359,-1,-1,-1
6,3,1642.81,573.68,65.93,124.42,0.7573,-1,-1,-1
6,5,67.02,731.48,41.82,105.16,0.4842,-1,-1,-1
6,6,498.40,552.18,37.78,98.73,0.4641,-1,-1,-1
6,8,1463.85,505.75,26.46,88.04,0.5390,-1,-1,-1
6,10,142.84,580.88,55.22,164.38,0.4572,-1,-1,-1
6,12,1506.83,533.24,24.53,69.57,0.3128,-1,-1,-1
7,2,1392.11,517.83,32.42,111.45,0.5820,-1,-1,-1
7,3,1651.07,570.62,64.76,129.03,0.7406,-1,-1,-1
7,4,1563.19,567.13,54.82,126.55,0.5744,-1,-1,-1
7,5,52.39,733.52,42.06,108.57,0.3332,-1,-1,-1
7,6,494.03,540.31,36.56,103.42,0.3786,-1,-1,-1
7,8,1466.03,498.87,26.92,89.92,0.4664,-1,-1,-1
7,10,132.58,581.97,58.77,163.70,0.3909,-1,-1,-1
8,2,1394.43,532.28,34.23,107.75,0.6718,-1,-1,-1
8,3,1658.18,576.15,66.37,130.16,0.6627,-1,-1,-1
8,4,1570.27,580.65,51.23,123.31,0.5488,-1,-1,-1
8,5,34.73,741.22,44.90,108.57,0.4952,-1,-1,-1
8,6,492.92,548.50,35.97,102.16,0.3599,-1,-1,-1
8,8,1467.01,509.15,31.93,87.89,0.5230,-1,-1,-1
8,12,1511.02,515.26,27.72,90.37,0.4032,-1,-1,-1
8,15,533.68,540.84,34.16,110.92,0.3144,-1,-1,-1
9,2,1396.94,533.35,35.32,106.68,0.6747,-1,-1,-1
9,3,1663.70,583.28,66.16,132.46,0.6920,-1,-1,-1
9,4,1576.96,588.37,50.56,123.66,0.5052,-1,-1,-1
9,5,16.34,736.74,47.92,116.09,0.6126,-1,-1,-1
9,6,490.49,550.36,36.51,98.37,0.3189,-1,-1,-1
9,8,1468.99,512.34,32.17,88.15,0.4327,-1,-1,-1
9,12,1513.93,521.26,29.83,87.66,0.3444,-1,-1,-1
9,16,219.63,613.93,41.67,136.03,0.4330,-1,-1,-1
9,17,677.86,525.01,28.19,79.86,0.3204,-1,-1,-1
10,2,1398.14,541.63,36.54,106.67,0.6591,-1,-1,-1
10,3,1669.42,602.42,64.83,127.02,0.7865,-1,-1,-1
10,4,1582.40,603.77,50.04,122.42,0.6845,-1,-1,-1
10,5,-0.37,728.21,48.99,115.63,0.6397,-1,-1,-1
10,6,489.45,543.43,35.98,99.29,0.4576,-1,-1,-1
10,8,1472.31,523.36,29.93,87.52,0.3215,-1,-1,-1
10,15,528.94,552.19,29.01,91.71,0.3903,-1,-1,-1
10,16,209.92,612.85,42.41,132.47,0.5095,-1,-1,-1
11,2,1401.00,530.80,36.44,106.99,0.6749,-1,-1,-1
11,3,1679.86,576.68,64.69,135.58,0.7657,-1,-1,-1
11,4,1589.34,586.43,51.08,126.76,0.6553,-1,-1,-1
11,5,-1.31,749.44,37.89,119.67,0.4077,-1,-1,-1
11,8,1471.98,511.31,32.86,86.86,0.3871,-1,-1,-1
11,10,85.27,589.36,59.32,170.76,0.3530,-1,-1,-1
11,16,201.59,612.53,44.38,143.26,0.4303,-1,-1,-1
12,2,1403.13,532.13,37.55,110.71,0.6856,-1,-1,-1
12,3,1687.78,589.81,64.54,132.42,0.7709,-1,-1,-1
12,4,1596.76,591.88,53.47,128.71,0.7065,-1,-1,-1
12,8,1474.91,514.24,37.52,89.76,0.3874,-1,-1,-1
12,10,76.86,591.21,57.27,167.59,0.3983,-1,-1,-1
12,16,192.06,606.99,47.26,151.27,0.5128,-1,-1,-1
13,2,1408.12,529.87,35.25,104.78,0.7171,-1,-1,-1
13,3,1693.48,590.63,64.70,131.50,0.7226,-1,-1,-1
13,4,1599.21,594.65,57.17,126.55,0.6664,-1,-1,-1
13,8,1475.44,511.55,40.45,91.10,0.4241,-1,-1,-1
13,16,174.10,579.20,55.04,167.16,0.5474,-1,-1,-1
14,2,1408.25,529.13,35.87,102.44,0.6684,-1,-1,-1
14,3,1702.68,582.31,61.79,133.42,0.6837,-1,-1,-1
14,4,1611.90,585.13,54.48,129.63,0.6282,-1,-1,-1
14,6,480.34,550.78,33.00,96.46,0.3018,-1,-1,-1
14,10,54.55,584.62,56.01,175.62,0.3519,-1,-1,-1
14,15,518.26,545.69,33.98,101.20,0.3135,-1,-1,-1
14,16,168.48,599.04,51.22,165.57,0.3145,-1,-1,-1
15,2,1412.38,532.18,35.62,106.07,0.5294,-1,-1,-1
15,3,1711.44,584.72,61.87,138.49,0.7500,-1,-1,-1
15,4,1620.29,592.37,52.14,129.59,0.7189,-1,-1,-1
15,6,479.90,548.49,33.99,96.22,0.3125,-1,-1,-1
15,15,518.92,538.06,34.44,105.37,0.3996,-1,-1,-1
16,2,1416.93,533.10,34.30,104.86,0.5458,-1,-1,-1
16,3,1716.46,592.14,60.62,135.74,0.7422,-1,-1,-1
16,4,1626.74,593.78,55.97,130.48,0.6976,-1,-1,-1
16,6,478.33,541.38,34.09,101.44,0.3862,-1,-1,-1
16,10,33.56,583.69,54.58,175.66,0.4577,-1,-1,-1
16,15,516.16,536.70,36.15,106.17,0.4636,-1,-1,-1
16,16,143.85,602.07,51.56,162.24,0.3296,-1,-1,-1
17,2,1418.40,533.25,37.44,108.30,0.6035,-1,-1,-1
17,3,1723.85,589.60,62.16,139.10,0.7096,-1,-1,-1
17,4,1635.56,588.38,53.75,134.63,0.6952,-1,-1,-1
17,6,476.25,543.81,35.89,102.58,0.5147,-1,-1,-1
17,10,21.34,588.28,53.01,180.92,0.3848,-1,-1,-1
17,15,513.91,539.95,38.36,106.94,0.4907,-1,-1,-1
17,16,133.32,602.98,47.51,169.85,0.4308,-1,-1,-1
18,2,1420.40,533.34,37.18,109.00,0.6993,-1,-1,-1
18,3,1733.59,594.22,61.08,137.47,0.7042,-1,-1,-1
18,4,1644.64,591.18,54.26,135.04,0.6255,-1,-1,-1
18,6,474.74,541.17,38.34,104.84,0.5551,-1,-1,-1
18,10,9.18,589.79,54.11,185.52,0.3945,-1,-1,-1
18,15,513.77,540.80,37.89,106.33,0.5021,-1,-1,-1
19,2,1422.75,534.30,38.07,107.82,0.7342,-1,-1,-1
19,3,1742.28,594.94,63.28,139.09,0.7481,-1,-1,-1
19,4,1651.65,592.22,54.86,135.33,0.4434,-1,-1,-1
19,6,473.42,540.18,37.77,106.19,0.5131,-1,-1,-1
19,10,0.49,587.55,49.22,186.11,0.3763,-1,-1,-1
19,15,511.55,540.01,39.56,107.76,0.5126,-1,-1,-1
20,2,1424.36,534.59,38.60,106.14,0.7477,-1,-1,-1
20,3,1750.85,596.78,62.55,139.79,0.7429,-1,-1,-1
20,4,1659.98,593.90,51.66,135.06,0.6052,-1,-1,-1
20,6,471.31,544.85,37.39,106.79,0.4014,-1,-1,-1
20,10,-2.66,595.84,37.97,184.77,0.4794,-1,-1,-1
20,15,507.86,536.61,40.85,114.62,0.4847,-1,-1,-1
21,2,1426.12,532.48,40.18,112.05,0.6908,-1,-1,-1
21,3,1758.65,597.24,62.89,140.49,0.7462,-1,-1,-1
21,4,1667.09,596.93,55.23,137.39,0.6871,-1,-1,-1
21,6,468.22,549.75,34.99,101.39,0.4583,-1,-1,-1
21,10,-4.98,615.76,26.01,168.19,0.3771,-1,-1,-1
21,15,506.94,539.37,39.48,113.63,0.5237,-1,-1,-1
22,2,1429.89,538.04,40.23,102.91,0.6691,-1,-1,-1
22,3,1772.57,601.95,59.71,137.98,0.7483,-1,-1,-1
22,4,1675.06,597.95,54.14,140.92,0.6264,-1,-1,-1
22,6,465.53,550.97,36.51,103.53,0.5558,-1,-1,-1
22,15,504.65,544.28,37.05,111.57,0.5124,-1,-1,-1
23,2,1430.92,538.78,40.03,109.52,0.6631,-1,-1,-1
23,3,1779.04,599.86,63.28,145.85,0.7717,-1,-1,-1
23,4,1680.76,600.51,56.49,143.10,0.7254,-1,-1,-1
23,6,465.86,549.18,33.90,105.99,0.4278,-1,-1,-1
23,15,498.99,548.19,42.36,108.58,0.5497,-1,-1,-1
24,2,1436.63,529.90,37.87,115.99,0.6539,-1,-1,-1
24,3,1789.15,593.11,65.28,151.97,0.7111,-1,-1,-1
24,4,1686.74,601.45,59.00,142.99,0.7311,-1,-1,-1
24,6,460.55,549.51,42.18,108.57,0.4739,-1,-1,-1
24,15,496.36,552.69,37.96,106.07,0.4579,-1,-1,-1
24,20,665.63,532.21,25.65,77.08,0.3691,-1,-1,-1
25,2,1437.89,535.30,40.98,121.18,0.6621,-1,-1,-1
25,3,1797.35,604.23,67.92,147.63,0.7095,-1,-1,-1
25,4,1696.15,607.48,55.68,148.48,0.7278,-1,-1,-1
25,6,458.21,546.64,44.14,114.30,0.4381,-1,-1,-1
25,15,497.04,552.46,38.65,108.90,0.4673,-1,-1,-1
26,2,1439.75,538.50,44.39,118.83,0.7230,-1,-1,-1
26,3,1807.22,607.92,69.33,146.52,0.5900,-1,-1,-1
26,4,1704.13,611.74,59.42,149.73,0.7248,-1,-1,-1
26,6,456.90,549.82,41.70,113.16,0.5107,-1,-1,-1
26,15,495.22,549.06,40.53,114.24,0.5505,-1,-1,-1
26,20,664.20,534.71,27.24,79.48,0.4047,-1,-1,-1
26,21,1530.53,519.08,27.59,86.05,0.4781,-1,-1,-1
27,2,1443.96,542.20,41.00,113.50,0.7473,-1,-1,-1
27,3,1813.82,612.01,74.92,150.77,0.6523,-1,-1,-1
27,4,1710.95,615.87,59.91,148.84,0.6736,-1,-1,-1
27,6,452.75,557.54,43.18,109.94,0.3937,-1,-1,-1
27,15,493.56,562.32,40.11,104.68,0.6101,-1,-1,-1
27,21,1530.62,520.70,32.72,86.21,0.6918,-1,-1,-1
28,2,1446.97,546.00,45.81,110.49,0.7280,-1,-1,-1
28,3,1822.67,610.78,74.73,157.32,0.7715,-1,-1,-1
28,4,1718.27,616.99,60.08,152.20,0.6737,-1,-1,-1
28,6,450.09,558.68,41.55,109.22,0.3524,-1,-1,-1
28,15,491.13,565.22,39.50,102.79,0.5865,-1,-1,-1
28,21,1534.01,525.81,34.01,83.63,0.5366,-1,-1,-1
29,2,1452.25,550.95,39.25,109.90,0.7081,-1,-1,-1
29,3,1829.69,620.37,75.58,159.81,0.6925,-1,-1,-1
29,4,1725.86,623.06,60.43,160.34,0.7233,-1,-1,-1
29,6,448.51,563.64,41.17,104.76,0.4895,-1,-1,-1
29,15,490.98,569.01,38.13,99.04,0.5287,-1,-1,-1
29,21,1536.15,525.95,33.57,90.60,0.5617,-1,-1,-1
30,2,1454.27,550.25,42.04,111.77,0.6417,-1,-1,-1
30,3,1835.69,620.88,79.79,151.08,0.6343,-1,-1,-1
30,4,1739.19,624.36,58.99,159.57,0.7528,-1,-1,-1
30,6,443.72,566.12,43.14,111.11,0.6151,-1,-1,-1
30,15,488.94,575.18,38.50,102.05,0.5004,-1,-1,-1
30,21,1539.05,525.21,34.10,91.85,0.5648,-1,-1,-1
31,2,1457.18,551.79,41.75,120.93,0.6285,-1,-1,-1
31,3,1852.54,627.56,66.95,149.80,0.6390,-1,-1,-1
31,4,1750.09,628.22,58.33,154.64,0.5785,-1,-1,-1
31,6,443.17,579.54,39.76,109.87,0.5757,-1,-1,-1
31,15,488.78,579.19,37.34,110.00,0.4165,-1,-1,-1
31,21,1543.24,525.53,32.77,96.97,0.4866,-1,-1,-1
32,2,1461.62,557.26,39.38,119.59,0.6370,-1,-1,-1
32,3,1859.10,635.92,60.18,161.02,0.6872,-1,-1,-1
32,4,1757.75,632.16,60.86,155.06,0.6769,-1,-1,-1
32,6,441.21,572.90,41.51,107.66,0.5729,-1,-1,-1
32,8,1546.54,530.32,33.38,90.83,0.5976,-1,-1,-1
32,15,486.71,573.56,39.17,108.64,0.5267,-1,-1,-1
33,2,1464.71,541.97,42.63,125.65,0.7429,-1,-1,-1
33,3,1870.51,621.69,48.77,169.74,0.6662,-1,-1,-1
33,4,1767.75,620.22,60.28,152.52,0.6461,-1,-1,-1
33,6,439.64,564.03,39.24,108.90,0.5151,-1,-1,-1
33,8,1549.85,518.49,33.27,90.15,0.6533,-1,-1,-1
33,15,484.01,568.95,37.20,107.85,0.4873,-1,-1,-1
33,20,651.89,544.52,33.72,80.06,0.3181,-1,-1,-1
34,2,1469.07,545.13,41.45,124.67,0.7610,-1,-1,-1
34,3,1880.77,633.78,38.91,146.92,0.5550,-1,-1,-1
34,4,1774.61,620.65,65.10,157.14,0.7453,-1,-1,-1
34,6,436.61,573.29,39.64,104.57,0.4813,-1,-1,-1
34,8,1553.67,518.67,32.11,93.00,0.5972,-1,-1,-1
34,15,480.25,566.81,38.94,113.46,0.5207,-1,-1,-1
35,2,1470.66,539.33,45.88,125.91,0.7299,-1,-1,-1
35,4,1784.77,622.19,66.96,158.22,0.6379,-1,-1,-1
35,6,435.09,565.90,40.04,103.30,0.4298,-1,-1,-1
35,8,1560.72,516.10,30.90,92.57,0.5334,-1,-1,-1
35,15,477.82,559.93,39.15,111.66,0.3760,-1,-1,-1
36,2,1477.34,536.48,43.04,129.42,0.7514,-1,-1,-1
36,4,1793.53,618.19,70.04,167.81,0.7064,-1,-1,-1
36,6,432.03,561.42,41.48,105.04,0.3527,-1,-1,-1
36,15,475.09,551.08,38.71,117.59,0.3022,-1,-1,-1
36,21,1565.09,515.69,30.79,91.37,0.3399,-1,-1,-1
37,2,1481.02,538.17,41.62,126.49,0.7195,-1,-1,-1
37,4,1800.22,622.28,76.21,169.51,0.7729,-1,-1,-1
37,6,429.35,552.96,38.11,110.09,0.3535,-1,-1,-1
37,15,469.41,539.34,42.77,125.63,0.4701,-1,-1,-1
37,21,1570.65,514.62,32.70,92.02,0.4271,-1,-1,-1
38,2,1485.16,533.07,40.61,130.04,0.7105,-1,-1,-1
38,4,1809.43,616.92,77.78,177.99,0.7811,-1,-1,-1
38,6,426.35,550.18,39.22,115.23,0.4980,-1,-1,-1
38,15,466.42,540.56,44.54,124.97,0.5374,-1,-1,-1
38,21,1575.51,503.34,30.69,96.88,0.4790,-1,-1,-1
39,2,1488.01,538.73,43.11,127.45,0.7030,-1,-1,-1
39,4,1822.40,629.83,75.80,173.85,0.7505,-1,-1,-1
39,6,423.04,541.89,39.51,115.40,0.4522,-1,-1,-1
39,15,465.28,529.31,43.52,127.76,0.4775,-1,-1,-1
39,21,1581.06,507.56,33.91,97.05,0.5142,-1,-1,-1
40,2,1492.22,536.52,41.37,126.51,0.7111,-1,-1,-1
40,4,1834.78,626.76,74.42,177.88,0.7794,-1,-1,-1
40,6,420.59,541.27,38.79,120.37,0.3850,-1,-1,-1
40,15,465.45,538.84,43.25,123.21,0.4696,-1,-1,-1
40,21,1582.88,500.84,35.79,102.73,0.3280,-1,-1,-1
41,2,1495.24,547.30,44.28,119.47,0.6972,-1,-1,-1
41,4,1845.63,633.21,73.71,179.90,0.7577,-1,-1,-1
41,6,419.62,535.19,40.26,124.46,0.4087,-1,-1,-1
41,15,463.15,538.00,45.03,121.43,0.4696,-1,-1,-1
41,21,1589.69,502.46,39.14,105.88,0.4960,-1,-1,-1
42,2,1501.30,548.09,43.04,120.37,0.6868,-1,-1,-1
42,4,1857.92,638.29,61.51,180.05,0.6916,-1,-1,-1
42,6,418.68,536.51,43.84,127.40,0.5487,-1,-1,-1
42,15,461.81,545.27,46.88,117.51,0.4622,-1,-1,-1
42,20,646.67,521.65,33.17,91.07,0.3100,-1,-1,-1
42,21,1594.59,507.76,34.64,101.29,0.5748,-1,-1,-1
43,2,1506.20,549.07,42.39,122.67,0.6678,-1,-1,-1
43,4,1870.77,644.22,48.69,170.57,0.6621,-1,-1,-1
43,6,415.24,536.06,45.63,130.55,0.5425,-1,-1,-1
43,15,457.41,531.83,46.53,131.94,0.4131,-1,-1,-1
43,21,1596.78,511.49,33.94,98.13,0.5064,-1,-1,-1
43,23,502.48,529.03,33.93,89.46,0.3720,-1,-1,-1
44,2,1511.82,552.81,42.63,120.58,0.6220,-1,-1,-1
44,4,1882.01,651.20,37.40,166.61,0.6409,-1,-1,-1
44,6,416.46,535.17,43.99,133.04,0.3814,-1,-1,-1
44,15,451.58,531.75,49.41,136.98,0.4002,-1,-1,-1
44,21,1600.01,510.58,38.36,100.97,0.5301,-1,-1,-1
45,2,1515.55,556.15,44.22,129.76,0.7575,-1,-1,-1
45,4,1892.59,673.85,26.95,159.92,0.4757,-1,-1,-1
45,6,416.15,534.54,42.16,132.05,0.3758,-1,-1,-1
45,15,451.09,531.68,48.40,135.82,0.3258,-1,-1,-1
45,21,1603.82,514.21,40.63,101.90,0.5885,-1,-1,-1
46,2,1520.15,554.12,42.49,135.04,0.7570,-1,-1,-1
46,6,406.32,539.84,48.97,127.91,0.3123,-1,-1,-1
46,15,449.05,534.06,46.98,136.97,0.3441,-1,-1,-1
46,21,1608.80,515.66,39.67,100.76,0.5480,-1,-1,-1
47,2,1525.11,559.23,43.65,131.47,0.7205,-1,-1,-1
47,15,449.37,538.33,44.23,132.81,0.3277,-1,-1,-1
47,20,640.88,530.94,31.31,87.59,0.3538,-1,-1,-1
47,21,1619.25,527.74,34.35,93.22,0.5303,-1,-1,-1
47,23,492.06,515.30,37.01,104.41,0.3365,-1,-1,-1
48,2,1528.81,560.04,45.10,133.48,0.7090,-1,-1,-1
48,6,403.20,536.32,47.39,134.89,0.3399,-1,-1,-1
48,15,448.49,544.25,45.24,131.69,0.3629,-1,-1,-1
48,21,1622.02,528.25,31.84,91.79,0.6493,-1,-1,-1
48,23,490.16,529.07,36.09,95.60,0.3159,-1,-1,-1
49,2,1533.66,558.62,44.87,136.43,0.7107,-1,-1,-1
49,6,396.93,555.44,44.83,121.12,0.4164,-1,-1,-1
49,15,445.99,550.79,44.19,126.53,0.5423,-1,-1,-1
49,21,1625.93,533.08,31.46,90.83,0.7157,-1,-1,-1
50,2,1538.21,557.20,46.01,137.63,0.6966,-1,-1,-1
50,6,396.87,554.76,43.93,118.42,0.3637,-1,-1,-1
50,15,444.39,559.65,43.47,117.77,0.5618,-1,-1,-1
50,21,1632.07,530.38,27.88,90.28,0.4166,-1,-1,-1
50,26,569.47,533.07,31.06,93.54,0.3224,-1,-1,-1
51,2,1542.41,561.48,46.51,137.54,0.6992,-1,-1,-1
51,6,396.87,550.46,44.08,120.67,0.4895,-1,-1,-1
51,15,441.90,567.12,43.38,109.78,0.5522,-1,-1,-1
51,21,1637.48,533.78,29.84,89.72,0.6433,-1,-1,-1
52,2,1546.64,557.84,50.49,148.50,0.7092,-1,-1,-1
52,6,395.31,551.63,45.74,123.44,0.5372,-1,-1,-1
52,15,441.93,568.87,40.74,109.27,0.5690,-1,-1,-1
52,20,635.95,538.10,31.96,88.40,0.4136,-1,-1,-1
52,21,1640.09,532.25,30.34,91.14,0.5623,-1,-1,-1
52,28,335.76,561.58,36.73,112.69,0.5025,-1,-1,-1
53,2,1550.70,556.23,51.69,152.41,0.6876,-1,-1,-1
53,6,392.21,550.64,45.76,127.24,0.5311,-1,-1,-1
53,15,439.12,565.72,44.28,114.19,0.5363,-1,-1,-1
53,20,636.45,536.45,30.57,90.38,0.4406,-1,-1,-1
53,21,1644.19,533.44,30.35,89.62,0.5337,-1,-1,-1
53,28,329.47,557.80,40.88,118.91,0.4316,-1,-1,-1
54,2,1553.15,557.04,52.67,153.69,0.7243,-1,-1,-1
54,6,387.66,548.37,45.38,129.55,0.5157,-1,-1,-1
54,15,436.05,567.31,44.62,113.31,0.5620,-1,-1,-1
54,20,635.67,534.79,31.47,90.79,0.3953,-1,-1,-1
54,21,1648.71,534.31,30.43,89.44,0.5927,-1,-1,-1
54,26,553.46,533.36,34.75,95.41,0.3110,-1,-1,-1
54,28,327.69,561.94,41.71,112.33,0.5001,-1,-1,-1
55,2,1558.14,553.23,52.39,158.43,0.7489,-1,-1,-1
55,6,384.07,543.27,45.88,134.64,0.5710,-1,-1,-1
55,15,434.79,562.43,44.20,118.34,0.4615,-1,-1,-1
55,20,635.91,535.66,30.22,90.61,0.3400,-1,-1,-1
55,21,1653.68,532.94,32.59,92.08,0.6041,-1,-1,-1
55,28,325.77,558.90,43.05,113.87,0.4942,-1,-1,-1
56,2,1563.14,553.58,51.70,156.40,0.7373,-1,-1,-1
56,6,382.69,550.98,43.90,127.79,0.5221,-1,-1,-1
56,15,430.80,562.84,43.11,118.89,0.3546,-1,-1,-1
56,20,632.57,536.16,26.44,92.37,0.3524,-1,-1,-1
56,21,1656.88,524.41,36.44,101.59,0.7227,-1,-1,-1
56,26,551.93,533.16,30.41,97.53,0.3291,-1,-1,-1
56,28,320.51,557.47,45.86,116.09,0.5542,-1,-1,-1
57,2,1567.66,551.97,53.33,156.90,0.7168,-1,-1,-1
57,6,380.04,551.11,43.73,127.56,0.5247,-1,-1,-1
57,15,425.80,560.86,43.97,119.74,0.4543,-1,-1,-1
57,20,630.76,536.32,27.89,92.64,0.3481,-1,-1,-1
57,21,1658.35,519.95,37.20,104.56,0.7179,-1,-1,-1
57,26,550.03,532.29,31.34,98.62,0.3742,-1,-1,-1
57,28,314.69,556.67,45.69,118.17,0.4610,-1,-1,-1
58,2,1571.55,557.63,53.09,151.40,0.6330,-1,-1,-1
58,6,377.19,546.94,43.10,130.18,0.5754,-1,-1,-1
58,15,421.15,558.75,45.03,120.70,0.4634,-1,-1,-1
58,20,631.18,536.20,27.51,91.12,0.3272,-1,-1,-1
58,21,1661.08,513.53,36.99,108.43,0.6824,-1,-1,-1
58,26,545.67,532.70,32.27,96.70,0.3047,-1,-1,-1
58,28,309.33,554.04,47.58,116.97,0.4667,-1,-1,-1
59,2,1578.66,563.91,50.15,146.58,0.6308,-1,-1,-1
59,6,373.97,543.45,41.49,131.96,0.5620,-1,-1,-1
59,15,418.04,560.58,46.09,117.85,0.4145,-1,-1,-1
59,20,626.82,535.61,29.05,90.40,0.3698,-1,-1,-1
59,21,1663.90,509.73,41.36,112.01,0.6578,-1,-1,-1
59,28,306.58,551.03,47.04,120.82,0.4357,-1,-1,-1
60,2,1581.66,559.67,51.33,151.45,0.6268,-1,-1,-1
60,6,369.16,547.13,41.20,128.72,0.5510,-1,-1,-1
60,15,416.46,563.84,48.02,114.84,0.3870,-1,-1,-1
60,21,1664.93,510.81,42.23,110.68,0.7210,-1,-1,-1
60,28,303.23,555.13,47.75,116.88,0.3951,-1,-1,-1
61,2,1585.51,547.80,52.45,158.38,0.6205,-1,-1,-1
61,6,365.41,549.60,45.13,127.99,0.4771,-1,-1,-1
61,15,415.47,561.04,47.40,118.03,0.4222,-1,-1,-1
61,21,1665.74,509.45,45.02,106.97,0.7169,-1,-1,-1
61,28,299.66,558.98,49.59,114.48,0.4345,-1,-1,-1
62,2,1589.83,556.01,54.43,155.52,0.7001,-1,-1,-1
62,6,360.94,541.86,47.11,130.96,0.4603,-1,-1,-1
62,15,413.44,551.03,42.17,125.49,0.3490,-1,-1,-1
62,20,622.95,530.83,27.09,94.01,0.3752,-1,-1,-1
62,21,1671.23,519.74,44.59,103.19,0.5488,-1,-1,-1
62,28,296.57,551.36,48.97,115.26,0.4384,-1,-1,-1
63,2,1597.08,544.09,53.09,155.29,0.6411,-1,-1,-1
63,6,360.55,563.83,43.86,128.36,0.4003,-1,-1,-1
63,15,412.33,571.32,45.54,120.10,0.3700,-1,-1,-1
63,21,1681.03,514.27,37.53,94.13,0.5719,-1,-1,-1
63,28,295.01,572.09,46.36,115.80,0.4958,-1,-1,-1
64,2,1599.79,564.43,57.21,151.97,0.6265,-1,-1,-1
64,6,357.41,539.25,45.25,134.89,0.4848,-1,-1,-1
64,15,403.46,546.67,45.48,128.42,0.3328,-1,-1,-1
64,20,621.73,530.59,25.80,95.53,0.3509,-1,-1,-1
64,21,1688.80,530.69,33.65,93.99,0.6374,-1,-1,-1
64,28,291.86,550.03,45.51,117.88,0.4852,-1,-1,-1
65,2,1602.62,562.08,56.42,149.88,0.7297,-1,-1,-1
65,6,349.13,552.10,47.52,131.65,0.4789,-1,-1,-1
65,15,400.92,561.09,45.76,122.48,0.3862,-1,-1,-1
65,21,1690.54,528.98,33.21,89.15,0.6811,-1,-1,-1
65,26,527.98,532.71,32.03,99.51,0.3402,-1,-1,-1
65,28,287.71,561.41,43.27,116.73,0.5095,-1,-1,-1
66,2,1610.94,561.53,55.35,149.58,0.7218,-1,-1,-1
66,6,348.31,557.74,46.98,134.99,0.6009,-1,-1,-1
66,15,397.59,566.72,48.66,123.55,0.5012,-1,-1,-1
66,20,618.96,542.41,25.86,92.45,0.3274,-1,-1,-1
66,21,1698.34,520.01,33.38,92.36,0.6913,-1,-1,-1
66,28,288.27,566.86,40.75,114.59,0.5079,-1,-1,-1
66,30,468.30,559.40,30.35,73.29,0.4145,-1,-1,-1
67,2,1613.76,568.15,56.43,154.86,0.7347,-1,-1,-1
67,6,342.70,544.13,49.86,136.01,0.5524,-1,-1,-1
67,15,394.13,558.63,46.56,120.72,0.5553,-1,-1,-1
67,21,1698.57,536.66,35.20,90.99,0.6537,-1,-1,-1
67,28,281.61,546.99,41.85,121.87,0.3359,-1,-1,-1
67,30,459.14,552.14,31.22,70.60,0.3430,-1,-1,-1
68,2,1617.34,564.55,56.66,152.28,0.7318,-1,-1,-1
68,6,340.97,556.57,46.77,130.71,0.5780,-1,-1,-1
68,15,388.39,562.73,50.27,123.38,0.5489,-1,-1,-1
68,21,1701.98,528.34,33.21,89.96,0.5779,-1,-1,-1
68,28,277.72,562.09,41.35,119.05,0.4448,-1,-1,-1
68,30,455.03,558.69,30.51,72.91,0.4476,-1,-1,-1
69,2,1621.65,571.35,58.86,157.27,0.7563,-1,-1,-1
69,6,333.77,543.82,51.24,137.75,0.4394,-1,-1,-1
69,15,386.49,556.78,46.29,123.19,0.4938,-1,-1,-1
69,21,1704.28,538.59,35.04,91.43,0.6500,-1,-1,-1
69,28,272.57,550.54,40.15,126.11,0.4400,-1,-1,-1
69,30,451.19,553.76,27.94,73.66,0.4046,-1,-1,-1
70,2,1625.65,566.09,59.38,156.93,0.7757,-1,-1,-1
70,6,330.48,545.09,50.10,139.48,0.5193,-1,-1,-1
70,15,380.45,555.82,47.89,128.27,0.5873,-1,-1,-1
70,21,1705.18,534.89,35.04,93.02,0.5962,-1,-1,-1
70,28,266.83,549.34,43.60,130.20,0.3747,-1,-1,-1
70,30,443.46,555.32,30.56,74.74,0.4612,-1,-1,-1
71,2,1630.25,571.97,58.59,159.41,0.7564,-1,-1,-1
71,6,329.25,546.85,47.60,135.47,0.5147,-1,-1,-1
71,15,374.83,553.02,48.69,129.00,0.5607,-1,-1,-1
71,20,598.60,539.71,28.51,96.86,0.3385,-1,-1,-1
71,21,1706.53,536.85,35.06,93.78,0.6897,-1,-1,-1
71,26,504.81,531.81,37.29,108.15,0.4427,-1,-1,-1
71,30,436.50,552.80,33.66,75.78,0.3959,-1,-1,-1
72,2,1633.26,558.86,60.28,173.82,0.7885,-1,-1,-1
72,6,325.53,552.05,49.17,133.67,0.6164,-1,-1,-1
72,15,370.93,554.88,47.31,130.56,0.6105,-1,-1,-1
72,21,1706.65,536.21,36.38,91.42,0.6906,-1,-1,-1
72,26,503.41,535.01,36.14,107.19,0.3700,-1,-1,-1
72,30,428.72,555.74,35.01,75.57,0.4245,-1,-1,-1
73,2,1638.25,563.96,60.54,172.31,0.6738,-1,-1,-1
73,6,316.87,543.49,51.64,138.13,0.4709,-1,-1,-1
73,15,366.66,548.49,47.77,133.32,0.5836,-1,-1,-1
73,21,1708.57,538.97,39.12,94.62,0.5833,-1,-1,-1
73,26,500.43,534.78,35.14,106.04,0.3436,-1,-1,-1
73,28,252.29,552.95,39.98,128.02,0.3369,-1,-1,-1
73,30,424.93,551.86,30.70,74.52,0.4058,-1,-1,-1
74,2,1641.27,571.08,65.04,167.08,0.7210,-1,-1,-1
74,6,314.60,543.16,48.94,140.69,0.3724,-1,-1,-1
74,15,363.09,548.36,49.01,134.81,0.4973,-1,-1,-1
74,20,583.24,538.24,27.68,100.45,0.3059,-1,-1,-1
74,21,1710.96,535.97,37.27,93.50,0.5858,-1,-1,-1
74,28,247.47,542.64,45.89,139.09,0.3169,-1,-1,-1
74,30,417.39,553.31,34.96,74.30,0.4468,-1,-1,-1
75,2,1643.49,578.39,64.97,163.09,0.7429,-1,-1,-1
75,6,305.45,548.54,49.78,135.17,0.4164,-1,-1,-1
75,15,355.57,556.43,47.26,128.27,0.6082,-1,-1,-1
75,20,580.29,536.73,28.59,103.58,0.3460,-1,-1,-1
75,21,1712.13,539.28,37.79,93.60,0.5706,-1,-1,-1
75,30,412.65,554.62,32.64,75.98,0.3757,-1,-1,-1
76,2,1647.81,579.03,64.00,163.43,0.7341,-1,-1,-1
76,6,293.54,543.34,57.69,140.97,0.4755,-1,-1,-1
76,15,350.82,551.96,48.56,130.88,0.4953,-1,-1,-1
76,20,575.63,535.89,31.19,103.35,0.3407,-1,-1,-1
76,21,1712.52,539.22,38.63,91.20,0.5478,-1,-1,-1
76,30,399.68,552.67,36.88,74.29,0.3273,-1,-1,-1
77,2,1649.08,581.09,67.97,162.91,0.7195,-1,-1,-1
77,6,292.04,545.15,53.16,139.03,0.4480,-1,-1,-1
77,15,343.49,549.40,48.48,132.84,0.6133,-1,-1,-1
77,20,573.83,533.61,30.03,104.78,0.3860,-1,-1,-1
77,21,1713.65,540.88,38.26,90.88,0.5368,-1,-1,-1
77,26,476.05,534.76,42.50,111.01,0.3060,-1,-1,-1
77,30,396.54,553.85,33.08,77.43,0.3709,-1,-1,-1
78,2,1652.77,581.78,68.15,164.49,0.7336,-1,-1,-1
78,6,280.99,540.76,56.24,144.64,0.4271,-1,-1,-1
78,15,340.39,552.67,47.72,132.85,0.5297,-1,-1,-1
78,20,571.09,535.71,27.55,101.08,0.3059,-1,-1,-1
78,21,1713.35,540.80,38.40,91.23,0.5829,-1,-1,-1
78,28,222.68,543.63,43.37,139.19,0.3029,-1,-1,-1
78,30,390.38,552.81,34.94,77.68,0.3429,-1,-1,-1
79,2,1653.08,585.22,73.05,161.95,0.7503,-1,-1,-1
79,6,270.28,537.84,62.09,145.97,0.5009,-1,-1,-1
79,15,333.42,548.39,50.22,136.28,0.5562,-1,-1,-1
79,20,546.94,535.89,41.85,108.64,0.3190,-1,-1,-1
79,21,1712.80,539.96,39.05,90.54,0.5743,-1,-1,-1
79,26,463.50,529.78,39.20,114.51,0.3435,-1,-1,-1
79,30,382.70,552.30,33.42,76.99,0.3437,-1,-1,-1
80,2,1653.31,581.48,75.19,167.64,0.7249,-1,-1,-1
80,6,262.87,536.94,64.54,148.54,0.5575,-1,-1,-1
80,15,327.16,553.22,49.94,134.16,0.6084,-1,-1,-1
80,20,550.18,534.70,38.06,111.66,0.3065,-1,-1,-1
80,21,1712.12,536.06,39.59,92.02,0.6115,-1,-1,-1
80,26,455.38,529.71,44.61,118.67,0.4903,-1,-1,-1
80,30,373.24,553.99,35.76,76.70,0.3363,-1,-1,-1
81,2,1657.57,581.76,72.26,167.03,0.7504,-1,-1,-1
81,6,266.69,549.06,51.45,135.67,0.3501,-1,-1,-1
81,15,318.26,553.44,51.48,133.53,0.5708,-1,-1,-1
81,20,547.38,539.92,38.07,106.00,0.3280,-1,-1,-1
81,21,1711.48,536.07,39.23,91.51,0.5704,-1,-1,-1
81,26,451.44,531.28,45.68,120.16,0.3342,-1,-1,-1
81,30,368.19,554.14,33.59,74.67,0.4967,-1,-1,-1
81,33,147.76,556.77,45.77,131.72,0.3818,-1,-1,-1
82,2,1660.20,582.82,71.75,171.12,0.7395,-1,-1,-1
82,6,262.61,536.34,49.10,146.21,0.3820,-1,-1,-1
82,15,311.75,555.37,49.28,131.75,0.4983,-1,-1,-1
82,21,1712.15,537.19,36.05,91.15,0.6128,-1,-1,-1
82,30,359.69,555.13,34.47,76.43,0.3522,-1,-1,-1
82,33,138.97,556.21,49.85,135.45,0.4349,-1,-1,-1
83,2,1666.83,581.76,66.21,172.43,0.7061,-1,-1,-1
83,6,256.52,542.30,47.07,145.51,0.4586,-1,-1,-1
83,15,304.26,558.85,51.95,130.57,0.6694,-1,-1,-1
83,21,1712.09,536.65,35.49,91.08,0.5894,-1,-1,-1
83,26,439.88,537.78,42.19,114.77,0.3829,-1,-1,-1
83,30,356.12,558.47,31.48,74.02,0.3571,-1,-1,-1
83,33,129.78,558.98,51.84,132.90,0.5458,-1,-1,-1
84,2,1664.11,579.23,74.02,178.42,0.7242,-1,-1,-1
84,6,243.85,552.71,54.21,138.58,0.5413,-1,-1,-1
84,15,295.78,562.96,55.62,127.70,0.5318,-1,-1,-1
84,21,1712.89,535.48,34.04,92.67,0.5715,-1,-1,-1
84,26,432.89,536.66,41.89,113.94,0.3586,-1,-1,-1
84,30,346.55,557.55,31.78,74.34,0.4252,-1,-1,-1
84,33,121.84,561.52,52.17,134.48,0.5341,-1,-1,-1
84,34,462.00,545.82,44.14,110.55,0.3908,-1,-1,-1
85,2,1667.95,580.68,72.29,180.36,0.7671,-1,-1,-1
85,6,244.13,557.73,46.73,135.54,0.4785,-1,-1,-1
85,15,291.40,561.99,49.68,129.21,0.5021,-1,-1,-1
85,21,1711.55,536.20,34.75,92.78,0.4764,-1,-1,-1
85,33,112.30,564.97,54.00,132.99,0.5264,-1,-1,-1
85,35,398.63,558.03,28.49,89.40,0.3140,-1,-1,-1
86,2,1672.07,580.55,69.94,179.16,0.7646,-1,-1,-1
86,6,230.30,556.82,51.10,136.78,0.4305,-1,-1,-1
86,15,284.67,561.04,48.81,132.14,0.5830,-1,-1,-1
86,21,1706.11,533.27,39.18,78.90,0.3145,-1,-1,-1
86,26,422.65,534.08,37.91,122.33,0.3419,-1,-1,-1
86,33,103.74,562.14,55.11,141.54,0.4138,-1,-1,-1
86,34,451.03,538.55,42.30,120.16,0.3605,-1,-1,-1
86,35,390.45,553.65,33.66,94.20,0.4463,-1,-1,-1
87,2,1671.89,584.61,72.55,179.70,0.7968,-1,-1,-1
87,6,225.38,555.63,50.31,139.71,0.4919,-1,-1,-1
87,15,280.22,563.87,52.27,132.59,0.5734,-1,-1,-1
87,26,414.78,537.82,40.62,120.84,0.3092,-1,-1,-1
87,33,96.12,561.00,60.13,136.50,0.5342,-1,-1,-1
87,34,441.78,547.00,42.63,117.03,0.3910,-1,-1,-1
87,35,383.17,554.26,35.86,97.87,0.5402,-1,-1,-1
88,2,1675.16,581.70,71.33,185.19,0.7977,-1,-1,-1
88,6,220.22,561.86,50.40,138.90,0.5733,-1,-1,-1
88,15,270.25,569.62,51.77,131.84,0.5029,-1,-1,-1
88,20,512.67,539.99,37.63,121.31,0.3389,-1,-1,-1
88,33,91.80,567.07,51.46,130.05,0.5030,-1,-1,-1
88,34,432.90,548.22,48.07,119.51,0.4156,-1,-1,-1
88,35,377.80,555.85,34.65,98.21,0.3989,-1,-1,-1
89,2,1679.09,584.17,69.49,189.86,0.8037,-1,-1,-1
89,6,215.65,557.65,47.63,143.12,0.3128,-1,-1,-1
89,15,265.52,566.46,51.47,132.17,0.4706,-1,-1,-1
89,33,84.07,562.13,53.50,136.02,0.4656,-1,-1,-1
89,34,431.25,546.00,41.95,122.80,0.5836,-1,-1,-1
89,35,368.17,554.23,31.13,98.73,0.4574,-1,-1,-1
90,2,1682.48,585.70,69.91,193.15,0.7568,-1,-1,-1
90,6,204.77,555.67,52.49,148.16,0.3254,-1,-1,-1
90,15,260.06,571.16,53.85,134.56,0.5301,-1,-1,-1
90,26,392.68,539.39,41.75,131.70,0.3598,-1,-1,-1
90,33,74.85,565.35,58.57,138.84,0.4846,-1,-1,-1
90,34,420.26,547.45,46.49,125.76,0.3054,-1,-1,-1
90,35,359.55,569.06,36.04,90.92,0.4281,-1,-1,-1
91,2,1684.89,598.92,73.63,185.95,0.7887,-1,-1,-1
91,6,200.13,560.14,50.95,146.09,0.3825,-1,-1,-1
91,15,249.38,553.75,66.96,152.47,0.4393,-1,-1,-1
91,26,384.58,546.37,43.68,124.16,0.3130,-1,-1,-1
91,33,68.25,567.01,55.32,141.91,0.4517,-1,-1,-1
91,34,413.88,551.14,46.41,124.60,0.5728,-1,-1,-1
91,35,354.55,570.81,33.50,89.32,0.3764,-1,-1,-1
92,2,1688.02,602.30,73.66,185.25,0.7964,-1,-1,-1
92,6,189.92,561.66,54.69,150.43,0.3345,-1,-1,-1
92,15,247.33,555.09,61.32,156.40,0.5456,-1,-1,-1
92,26,380.77,558.89,36.64,118.86,0.3352,-1,-1,-1
92,33,56.83,571.45,66.87,142.43,0.3359,-1,-1,-1
92,34,408.15,554.10,43.10,125.65,0.5375,-1,-1,-1
93,2,1688.75,606.25,74.01,186.40,0.8092,-1,-1,-1
93,6,185.52,552.14,52.89,163.18,0.5642,-1,-1,-1
93,15,242.13,571.25,52.92,142.51,0.5533,-1,-1,-1
93,26,370.74,554.46,35.63,126.43,0.3042,-1,-1,-1
93,34,401.15,556.73,44.09,126.99,0.5216,-1,-1,-1
93,35,339.12,580.19,33.04,88.58,0.4045,-1,-1,-1
94,2,1689.95,607.66,73.74,187.37,0.8040,-1,-1,-1
94,6,181.64,563.80,51.95,154.29,0.5233,-1,-1,-1
94,15,235.60,576.31,55.17,140.71,0.5421,-1,-1,-1
94,21,1697.26,541.07,38.83,82.44,0.3709,-1,-1,-1
94,26,365.30,552.25,39.24,129.86,0.4128,-1,-1,-1
94,34,391.94,555.83,45.61,129.20,0.6202,-1,-1,-1
94,35,333.34,581.55,31.53,92.55,0.4827,-1,-1,-1
95,2,1691.91,611.02,75.26,189.60,0.7915,-1,-1,-1
95,6,173.45,564.11,54.85,154.66,0.6019,-1,-1,-1
95,15,226.12,579.96,57.90,139.18,0.5212,-1,-1,-1
95,21,1694.37,543.10,40.77,92.29,0.4892,-1,-1,-1
95,34,387.72,558.96,45.06,128.37,0.5344,-1,-1,-1
96,2,1696.30,611.02,74.62,190.88,0.7886,-1,-1,-1
96,6,164.84,576.62,55.15,148.44,0.4634,-1,-1,-1
96,15,222.03,583.06,51.93,141.80,0.5758,-1,-1,-1
96,21,1693.65,542.09,43.93,95.47,0.5265,-1,-1,-1
96,26,353.30,558.24,34.21,130.22,0.3449,-1,-1,-1
96,34,380.24,567.56,44.32,124.24,0.4838,-1,-1,-1
96,35,316.53,583.85,32.35,89.21,0.4530,-1,-1,-1
97,2,1700.49,612.74,76.80,192.99,0.7860,-1,-1,-1
97,6,158.68,579.42,52.69,140.36,0.5563,-1,-1,-1
97,15,211.45,578.29,56.75,144.67,0.6522,-1,-1,-1
97,21,1692.99,545.28,42.62,94.20,0.5334,-1,-1,-1
97,26,342.93,551.31,39.62,134.74,0.4801,-1,-1,-1
97,34,371.65,556.70,47.37,133.16,0.5171,-1,-1,-1
97,35,308.02,576.77,34.26,99.06,0.5859,-1,-1,-1
98,2,1705.09,612.50,76.63,196.44,0.7919,-1,-1,-1
98,6,151.30,582.92,53.20,143.64,0.5599,-1,-1,-1
98,15,203.42,581.62,55.11,145.94,0.6216,-1,-1,-1
98,20,453.04,564.93,35.24,118.07,0.3323,-1,-1,-1
98,21,1690.98,546.31,40.53,95.15,0.5095,-1,-1,-1
98,26,335.91,561.45,40.18,130.90,0.3058,-1,-1,-1
98,34,366.13,581.76,46.39,111.26,0.6109,-1,-1,-1
98,37,422.31,575.39,38.16,117.27,0.3184,-1,-1,-1
99,2,1706.66,614.42,78.85,197.64,0.7603,-1,-1,-1
99,6,142.29,581.25,54.57,143.01,0.4824,-1,-1,-1
99,15,197.29,578.11,53.63,148.15,0.6654,-1,-1,-1
99,21,1688.52,546.56,41.93,101.87,0.5021,-1,-1,-1
99,26,329.60,556.58,36.43,132.73,0.4519,-1,-1,-1
99,34,358.75,568.18,45.93,123.79,0.5577,-1,-1,-1
99,35,289.83,588.65,34.85,89.05,0.4879,-1,-1,-1
99,37,414.01,573.46,41.12,119.49,0.3764,-1,-1,-1
100,2,1709.30,612.73,80.81,200.24,0.7946,-1,-1,-1
100,6,130.52,583.77,57.07,140.42,0.5672,-1,-1,-1
100,15,188.60,587.46,55.23,141.93,0.6085,-1,-1,-1
100,20,441.74,562.40,32.87,106.33,0.4478,-1,-1,-1
100,21,1685.34,548.67,42.52,101.39,0.6411,-1,-1,-1
100,26,319.39,561.07,39.61,131.91,0.4082,-1,-1,-1
100,34,347.51,576.01,52.19,118.81,0.5459,-1,-1,-1
100,35,281.21,587.14,35.35,96.30,0.5926,-1,-1,-1
101,2,1711.13,615.97,81.12,202.61,0.7865,-1,-1,-1
101,6,123.91,578.48,58.23,144.73,0.6033,-1,-1,-1
101,15,179.55,582.21,58.54,145.18,0.5850,-1,-1,-1
101,20,434.20,561.36,34.42,107.32,0.3740,-1,-1,-1
101,21,1685.25,550.69,38.76,103.05,0.7197,-1,-1,-1
101,26,308.81,576.25,38.49,116.68,0.3813,-1,-1,-1
101,34,340.38,570.93,49.25,122.06,0.5708,-1,-1,-1
101,35,272.77,588.28,33.88,92.15,0.4470,-1,-1,-1
101,37,396.41,571.03,42.30,127.76,0.4529,-1,-1,-1
101,38,1555.11,523.55,23.26,80.34,0.3248,-1,-1,-1
102,2,1712.78,620.46,82.63,199.54,0.8136,-1,-1,-1
102,6,114.75,581.40,57.63,146.41,0.6262,-1,-1,-1
102,15,171.79,583.21,57.37,145.16,0.5693,-1,-1,-1
102,20,432.23,561.68,30.54,110.06,0.3856,-1,-1,-1
102,21,1684.53,550.46,36.93,103.07,0.7410,-1,-1,-1
102,26,302.08,579.98,35.60,113.40,0.3031,-1,-1,-1
102,34,332.18,575.54,49.10,120.44,0.6190,-1,-1,-1
102,35,261.90,593.37,36.43,88.52,0.5423,-1,-1,-1
102,37,389.19,573.58,43.56,126.52,0.3721,-1,-1,-1
102,38,1548.38,521.71,25.39,81.41,0.3885,-1,-1,-1
103,2,1713.68,618.77,86.32,205.93,0.8262,-1,-1,-1
103,6,105.60,578.00,56.97,150.23,0.5525,-1,-1,-1
103,15,163.82,588.28,57.59,142.59,0.5183,-1,-1,-1
103,20,422.67,561.38,31.68,108.12,0.3369,-1,-1,-1
103,21,1683.68,550.37,36.31,102.12,0.7189,-1,-1,-1
103,34,325.97,574.06,52.62,120.87,0.4853,-1,-1,-1
103,35,255.98,589.60,35.77,98.12,0.4423,-1,-1,-1
103,37,385.25,570.33,39.47,128.60,0.3381,-1,-1,-1
103,38,1545.77,518.73,25.15,79.08,0.4540,-1,-1,-1
104,2,1715.08,624.83,87.01,207.24,0.8178,-1,-1,-1
104,6,95.23,576.35,58.61,150.00,0.5657,-1,-1,-1
104,15,154.65,590.19,51.01,138.02,0.4258,-1,-1,-1
104,20,415.21,557.60,34.33,107.22,0.4466,-1,-1,-1
104,21,1682.66,551.75,35.31,102.30,0.7075,-1,-1,-1
104,28,35.38,577.97,52.54,140.50,0.3048,-1,-1,-1
104,34,315.20,577.79,50.96,116.90,0.3580,-1,-1,-1
104,35,247.74,588.53,36.81,93.36,0.3085,-1,-1,-1
104,37,373.37,575.14,41.42,124.92,0.4726,-1,-1,-1
104,38,1545.47,521.57,22.71,76.63,0.3727,-1,-1,-1
105,2,1717.78,624.19,86.70,210.20,0.8057,-1,-1,-1
105,6,87.46,579.57,57.46,149.22,0.6009,-1,-1,-1
105,15,145.45,585.91,59.25,143.65,0.5509,-1,-1,-1
105,20,408.45,560.10,34.20,115.25,0.4024,-1,-1,-1
105,21,1681.64,549.59,34.62,103.52,0.6655,-1,-1,-1
105,28,24.81,580.70,54.16,143.82,0.4171,-1,-1,-1
105,34,305.13,564.83,52.85,132.00,0.5166,-1,-1,-1
105,35,237.46,591.75,37.71,91.99,0.4489,-1,-1,-1
105,37,367.86,569.41,40.72,132.33,0.3747,-1,-1,-1
106,2,1723.82,625.55,84.89,212.40,0.7799,-1,-1,-1
106,6,77.88,574.13,55.40,153.98,0.5599,-1,-1,-1
106,15,139.10,574.74,59.55,154.24,0.5310,-1,-1,-1
106,21,1678.37,549.15,34.18,105.80,0.6087,-1,-1,-1
106,34,299.15,566.60,51.99,130.69,0.5016,-1,-1,-1
106,35,227.66,589.63,36.01,95.83,0.3598,-1,-1,-1
106,37,360.84,566.82,39.81,135.61,0.5134,-1,-1,-1
107,2,1726.71,622.57,84.04,217.22,0.7890,-1,-1,-1
107,6,67.74,572.16,58.85,156.28,0.5917,-1,-1,-1
107,15,130.27,585.12,56.13,146.66,0.4010,-1,-1,-1
107,20,393.28,561.14,34.89,106.14,0.5080,-1,-1,-1
107,21,1677.51,547.51,32.31,105.65,0.5536,-1,-1,-1
107,28,9.01,575.92,51.02,144.97,0.3999,-1,-1,-1
107,34,287.47,557.88,53.15,139.31,0.4681,-1,-1,-1
107,35,218.54,591.63,39.26,97.92,0.5192,-1,-1,-1
107,37,351.42,561.89,42.73,141.44,0.5354,-1,-1,-1
107,39,1533.21,520.85,28.20,77.16,0.4412,-1,-1,-1
108,2,1728.64,628.56,84.89,217.77,0.8030,-1,-1,-1
108,6,53.64,567.71,65.31,161.34,0.5359,-1,-1,-1
108,15,121.07,574.86,54.34,154.25,0.4990,-1,-1,-1
108,20,389.55,559.91,34.45,105.18,0.4565,-1,-1,-1
108,21,1676.85,549.15,30.99,106.46,0.4694,-1,-1,-1
108,28,0.25,574.95,52.89,149.92,0.4789,-1,-1,-1
108,34,278.24,558.25,54.65,141.83,0.5478,-1,-1,-1
108,35,210.02,586.17,36.82,101.39,0.5889,-1,-1,-1
108,37,341.89,562.87,45.66,141.58,0.5371,-1,-1,-1
108,38,1532.72,524.37,25.18,74.72,0.3922,-1,-1,-1
109,2,1730.84,628.21,86.13,222.17,0.8076,-1,-1,-1
109,6,44.60,568.68,63.50,160.13,0.4893,-1,-1,-1
109,15,113.01,573.22,58.68,157.53,0.4129,-1,-1,-1
109,20,381.34,558.15,35.07,112.01,0.4563,-1,-1,-1
109,21,1675.41,549.68,30.49,106.46,0.5373,-1,-1,-1
109,28,-1.20,574.30,42.06,155.24,0.3691,-1,-1,-1
109,34,266.70,570.13,56.28,135.69,0.4146,-1,-1,-1
109,35,200.65,588.08,37.19,105.64,0.5079,-1,-1,-1
109,37,337.26,555.46,40.93,149.97,0.5920,-1,-1,-1
109,38,1527.22,522.36,26.71,74.51,0.3971,-1,-1,-1
110,2,1732.24,628.83,86.43,225.53,0.8127,-1,-1,-1
110,6,30.59,567.34,70.21,162.48,0.5921,-1,-1,-1
110,15,103.26,571.93,55.70,158.81,0.5837,-1,-1,-1
110,20,373.78,556.84,35.23,108.71,0.4486,-1,-1,-1
110,21,1674.64,551.09,28.77,107.21,0.3544,-1,-1,-1
110,28,-2.94,571.53,33.19,154.70,0.3812,-1,-1,-1
110,34,252.90,553.03,59.86,149.41,0.5140,-1,-1,-1
110,35,190.10,587.03,39.41,105.45,0.5302,-1,-1,-1
110,37,325.79,565.02,45.26,140.73,0.6133,-1,-1,-1
111,2,1733.11,629.47,88.04,227.65,0.8115,-1,-1,-1
111,6,19.90,562.26,72.50,168.22,0.6223,-1,-1,-1
111,15,93.27,566.89,59.66,166.40,0.5886,-1,-1,-1
111,20,366.01,559.32,36.44,109.03,0.4498,-1,-1,-1
111,34,247.57,560.76,57.66,144.49,0.4755,-1,-1,-1
111,35,180.57,590.21,37.40,107.34,0.4031,-1,-1,-1
111,37,318.13,575.17,41.89,132.30,0.5317,-1,-1,-1
112,2,1734.42,632.73,90.21,227.39,0.8080,-1,-1,-1
112,6,7.90,567.48,78.63,165.47,0.5341,-1,-1,-1
112,15,84.10,574.35,60.09,160.18,0.5701,-1,-1,-1
112,20,357.13,559.66,36.88,112.25,0.5559,-1,-1,-1
112,34,239.10,570.77,55.33,135.80,0.5937,-1,-1,-1
112,35,170.75,592.84,36.14,102.23,0.4825,-1,-1,-1
112,37,307.36,570.45,40.78,138.88,0.5582,-1,-1,-1
113,2,1735.05,634.81,90.64,229.75,0.8039,-1,-1,-1
113,6,1.96,558.38,71.34,175.00,0.5961,-1,-1,-1
113,15,75.44,578.58,56.18,159.28,0.5790,-1,-1,-1
113,20,349.33,562.87,36.39,111.68,0.4348,-1,-1,-1
113,34,231.81,578.57,53.12,131.96,0.6197,-1,-1,-1
113,35,161.56,596.01,37.65,103.01,0.5199,-1,-1,-1
113,37,298.64,572.50,38.44,139.77,0.6007,-1,-1,-1
114,2,1737.70,635.33,89.48,230.40,0.7984,-1,-1,-1
114,6,2.80,576.25,56.94,160.97,0.5476,-1,-1,-1
114,15,62.52,564.02,60.19,172.02,0.6499,-1,-1,-1
114,20,341.29,565.36,36.66,108.79,0.5104,-1,-1,-1
114,34,217.67,582.83,55.43,127.37,0.5789,-1,-1,-1
114,35,151.80,597.91,33.55,102.50,0.6192,-1,-1,-1
114,37,290.69,571.65,42.40,141.27,0.4919,-1,-1,-1
115,2,1739.23,636.24,91.29,231.19,0.7915,-1,-1,-1
115,6,0.28,574.73,50.98,161.04,0.4662,-1,-1,-1
115,15,52.34,565.33,60.10,174.04,0.6516,-1,-1,-1
115,20,333.29,563.94,38.13,112.39,0.6417,-1,-1,-1
115,34,198.95,567.34,63.75,141.64,0.5423,-1,-1,-1
115,35,141.41,596.30,37.30,105.84,0.6164,-1,-1,-1
115,37,279.15,581.65,37.38,134.15,0.5716,-1,-1,-1
116,2,1741.12,636.09,91.36,235.51,0.7989,-1,-1,-1
116,6,-2.79,584.75,50.22,156.00,0.6271,-1,-1,-1
116,15,44.13,573.99,57.35,168.51,0.6052,-1,-1,-1
116,20,323.25,567.62,39.58,110.56,0.6120,-1,-1,-1
116,34,198.22,576.57,56.34,141.04,0.5416,-1,-1,-1
116,35,130.35,599.04,34.74,103.20,0.5737,-1,-1,-1
116,37,271.34,579.36,37.29,137.59,0.4738,-1,-1,-1
117,2,1740.83,639.20,94.47,238.91,0.8085,-1,-1,-1
117,6,-2.30,584.49,40.94,156.98,0.6280,-1,-1,-1
117,15,32.14,575.11,59.87,169.65,0.5951,-1,-1,-1
117,20,313.97,566.63,41.00,113.10,0.5427,-1,-1,-1
117,34,186.62,568.32,57.95,147.18,0.4908,-1,-1,-1
117,35,118.47,599.75,37.95,100.66,0.5760,-1,-1,-1
117,37,258.51,559.91,39.43,157.85,0.6098,-1,-1,-1
118,2,1742.84,637.00,96.21,245.75,0.8036,-1,-1,-1
118,6,-2.41,590.25,30.66,154.25,0.4959,-1,-1,-1
118,15,21.74,578.72,60.56,168.86,0.5140,-1,-1,-1
118,20,309.73,559.01,37.02,120.89,0.6467,-1,-1,-1
118,34,180.93,585.01,52.55,136.86,0.5471,-1,-1,-1
118,35,110.03,600.81,37.58,105.64,0.5085,-1,-1,-1
118,37,249.02,573.82,38.38,150.74,0.6612,-1,-1,-1
119,2,1745.92,640.55,100.39,245.77,0.8215,-1,-1,-1
119,15,11.03,570.50,61.72,179.89,0.5951,-1,-1,-1
119,20,299.13,563.82,40.14,118.42,0.5508,-1,-1,-1
119,34,169.62,578.72,53.45,145.08,0.4578,-1,-1,-1
119,35,100.43,601.38,33.77,105.75,0.4756,-1,-1,-1
119,37,239.59,562.83,40.87,161.69,0.6096,-1,-1,-1
119,42,1742.45,566.76,47.63,98.03,0.3530,-1,-1,-1
120,2,1748.45,645.58,104.68,244.12,0.8126,-1,-1,-1
120,15,5.76,561.96,55.52,191.35,0.5784,-1,-1,-1
120,20,290.78,560.84,39.69,124.45,0.5785,-1,-1,-1
120,34,158.34,583.68,53.22,143.40,0.6007,-1,-1,-1
120,35,89.88,601.42,33.32,112.26,0.4243,-1,-1,-1
120,37,225.51,574.26,43.56,155.53,0.6484,-1,-1,-1
120,42,1743.17,557.37,42.51,109.45,0.4102,-1,-1,-1
121,2,1752.42,645.43,103.89,248.59,0.8092,-1,-1,-1
121,15,-1.03,551.72,54.47,200.31,0.5797,-1,-1,-1
121,20,287.05,564.17,36.28,118.45,0.6308,-1,-1,-1
121,34,145.36,587.50,57.59,139.11,0.5885,-1,-1,-1
121,35,77.78,602.15,36.85,112.77,0.5915,-1,-1,-1
121,37,217.36,570.36,43.42,161.17,0.5591,-1,-1,-1
121,42,1741.20,555.07,43.99,114.37,0.4363,-1,-1,-1
122,2,1756.24,646.67,99.71,252.35,0.8083,-1,-1,-1
122,15,-2.88,556.27,45.69,199.88,0.6185,-1,-1,-1
122,20,274.72,564.52,41.18,120.24,0.6008,-1,-1,-1
122,34,140.33,595.20,51.97,140.43,0.5101,-1,-1,-1
122,35,67.29,605.52,36.28,110.38,0.4069,-1,-1,-1
122,37,204.27,574.82,48.65,158.48,0.6580,-1,-1,-1
122,42,1739.41,554.19,43.01,117.12,0.3941,-1,-1,-1
123,2,1761.33,650.63,96.49,254.72,0.8086,-1,-1,-1
123,15,-4.96,574.04,39.65,182.43,0.5678,-1,-1,-1
123,20,265.62,557.56,42.68,131.73,0.6607,-1,-1,-1
123,34,127.87,600.30,57.74,138.88,0.4503,-1,-1,-1
123,35,54.27,609.02,38.10,115.52,0.3156,-1,-1,-1
123,37,193.49,583.93,50.50,152.39,0.5960,-1,-1,-1
123,42,1739.80,555.75,42.44,119.14,0.4080,-1,-1,-1
124,2,1765.16,648.27,97.74,260.63,0.8160,-1,-1,-1
124,15,-4.89,595.48,27.98,164.77,0.4856,-1,-1,-1
124,20,261.56,570.69,38.10,120.78,0.5866,-1,-1,-1
124,34,100.69,584.03,52.50,149.22,0.4444,-1,-1,-1
124,35,42.70,608.68,37.61,116.83,0.3101,-1,-1,-1
124,37,185.07,590.16,47.46,147.62,0.6279,-1,-1,-1
124,42,1739.24,555.22,43.36,116.17,0.4155,-1,-1,-1
125,2,1769.90,647.51,103.59,262.11,0.8160,-1,-1,-1
125,20,250.78,571.22,40.15,120.13,0.5345,-1,-1,-1
125,34,87.07,579.40,50.77,149.21,0.3180,-1,-1,-1
125,35,31.59,611.54,35.61,113.39,0.4599,-1,-1,-1
125,37,173.42,590.87,51.96,148.46,0.6423,-1,-1,-1
125,42,1736.46,554.83,42.84,118.12,0.3317,-1,-1,-1
125,46,566.40,525.80,29.18,68.75,0.4155,-1,-1,-1
126,2,1773.46,650.78,104.20,262.14,0.8114,-1,-1,-1
126,20,243.24,566.23,39.56,127.62,0.5828,-1,-1,-1
126,34,88.67,617.72,56.96,119.57,0.3173,-1,-1,-1
126,35,19.88,614.93,39.08,112.74,0.4120,-1,-1,-1
126,37,160.43,597.15,54.64,145.72,0.5843,-1,-1,-1
127,2,1778.01,650.75,104.95,266.40,0.8200,-1,-1,-1
127,20,236.42,570.24,38.62,126.01,0.5794,-1,-1,-1
127,34,82.16,624.41,58.24,116.77,0.4737,-1,-1,-1
127,35,5.50,622.40,39.30,105.14,0.3591,-1,-1,-1
127,37,153.80,601.80,50.50,144.43,0.5949,-1,-1,-1
127,42,1727.23,555.34,43.52,108.44,0.3420,-1,-1,-1
127,46,553.90,526.18,30.64,68.90,0.3477,-1,-1,-1
128,2,1780.82,653.85,107.01,266.97,0.8193,-1,-1,-1
128,20,224.49,560.07,40.96,135.61,0.6125,-1,-1,-1
128,34,71.41,622.86,59.11,119.21,0.4675,-1,-1,-1
128,35,-0.62,621.19,28.81,109.46,0.3408,-1,-1,-1
128,37,141.23,602.96,54.88,144.29,0.5498,-1,-1,-1
128,42,1727.40,557.70,41.32,107.09,0.4015,-1,-1,-1
128,46,546.48,528.12,32.80,68.66,0.4191,-1,-1,-1
129,2,1786.18,656.35,112.46,269.15,0.8236,-1,-1,-1
129,20,218.61,567.62,39.52,132.97,0.5914,-1,-1,-1
129,34,64.80,622.17,53.62,123.71,0.3575,-1,-1,-1
129,35,-4.58,623.42,20.44,109.34,0.3118,-1,-1,-1
129,37,131.05,598.83,50.32,152.56,0.5154,-1,-1,-1
129,42,1727.23,556.62,38.48,109.26,0.3780,-1,-1,-1
129,46,544.82,528.42,28.38,68.23,0.3434,-1,-1,-1
130,2,1787.37,657.94,116.64,271.96,0.8219,-1,-1,-1
130,20,209.62,565.24,41.20,135.64,0.5546,-1,-1,-1
130,34,49.39,621.67,56.84,127.85,0.3906,-1,-1,-1
130,37,115.87,603.69,61.01,151.59,0.3295,-1,-1,-1
130,42,1724.73,557.23,35.47,115.48,0.3986,-1,-1,-1
130,50,29.33,586.79,51.93,158.94,0.4398,-1,-1,-1
131,2,1791.30,659.13,118.81,277.85,0.8319,-1,-1,-1
131,20,200.01,574.83,41.70,127.58,0.4724,-1,-1,-1
131,37,106.05,597.65,46.58,157.99,0.4307,-1,-1,-1
131,42,1715.76,557.73,43.87,119.75,0.4683,-1,-1,-1
131,46,533.41,526.19,29.25,71.66,0.4063,-1,-1,-1
131,50,15.42,587.71,54.92,151.77,0.4849,-1,-1,-1
132,2,1796.72,661.30,120.41,285.73,0.8652,-1,-1,-1
132,20,191.72,568.44,41.25,134.53,0.6432,-1,-1,-1
132,37,94.81,598.49,45.61,161.52,0.4306,-1,-1,-1
132,42,1714.19,554.95,44.69,120.61,0.4538,-1,-1,-1
132,50,3.82,584.49,51.49,160.66,0.5510,-1,-1,-1
133,2,1803.53,663.00,115.03,290.65,0.8824,-1,-1,-1
133,20,181.48,565.04,44.93,136.73,0.5320,-1,-1,-1
133,34,14.67,628.03,58.81,134.69,0.3583,-1,-1,-1
133,37,79.49,592.97,49.74,169.77,0.5457,-1,-1,-1
133,42,1712.52,557.33,46.12,120.47,0.4478,-1,-1,-1
133,46,524.07,527.70,31.33,71.43,0.4532,-1,-1,-1
133,50,-1.16,588.79,42.97,163.18,0.3456,-1,-1,-1
134,2,1807.90,665.49,111.19,295.80,0.8508,-1,-1,-1
134,20,173.64,566.81,40.93,138.73,0.5591,-1,-1,-1
134,34,2.76,627.73,54.97,138.74,0.4838,-1,-1,-1
134,37,46.26,574.36,73.21,193.72,0.4959,-1,-1,-1
134,42,1710.50,555.81,46.95,120.35,0.4811,-1,-1,-1
134,46,521.68,529.42,25.59,72.06,0.4260,-1,-1,-1
135,2,1811.34,666.10,107.77,302.77,0.8147,-1,-1,-1
135,20,166.35,571.14,40.10,137.79,0.5435,-1,-1,-1
135,34,-1.47,616.39,46.45,150.23,0.5673,-1,-1,-1
135,37,29.91,571.60,77.41,201.32,0.5413,-1,-1,-1
135,42,1705.08,554.62,51.58,120.03,0.5032,-1,-1,-1
135,46,514.85,528.06,29.38,73.79,0.5474,-1,-1,-1
136,2,1818.04,671.00,100.96,305.17,0.8375,-1,-1,-1
136,20,157.26,567.05,41.11,140.86,0.3930,-1,-1,-1
136,34,-3.10,622.24,35.94,146.49,0.6005,-1,-1,-1
136,37,21.73,574.28,74.53,200.70,0.5249,-1,-1,-1
136,42,1700.29,556.49,51.29,114.86,0.4715,-1,-1,-1
136,46,508.65,527.03,28.09,73.81,0.5365,-1,-1,-1
137,2,1824.25,680.33,95.16,306.37,0.7742,-1,-1,-1
137,20,148.50,574.92,40.24,136.80,0.4034,-1,-1,-1
137,34,-4.94,639.11,27.16,135.12,0.4698,-1,-1,-1
137,37,18.18,573.69,66.41,204.22,0.6259,-1,-1,-1
137,42,1699.59,555.40,50.87,114.40,0.5034,-1,-1,-1
137,46,503.10,527.46,29.71,75.69,0.5479,-1,-1,-1
138,2,1830.81,679.00,88.59,310.59,0.7835,-1,-1,-1
138,20,140.05,572.45,41.01,139.77,0.4940,-1,-1,-1
138,37,11.35,572.66,60.66,204.88,0.6375,-1,-1,-1
138,42,1698.02,556.17,50.78,113.28,0.4897,-1,-1,-1
138,46,499.58,531.10,30.54,72.49,0.5814,-1,-1,-1
138,55,1570.21,556.68,45.24,107.07,0.5702,-1,-1,-1
139,2,1832.76,679.06,86.62,315.76,0.7701,-1,-1,-1
139,37,3.72,578.45,56.11,200.03,0.6160,-1,-1,-1
139,42,1697.60,556.92,48.97,110.24,0.5073,-1,-1,-1
139,46,495.79,527.80,26.48,72.53,0.4401,-1,-1,-1
139,55,1568.68,553.63,38.07,109.51,0.5947,-1,-1,-1
140,2,1840.30,682.56,79.15,309.73,0.7505,-1,-1,-1
140,20,122.27,561.18,41.95,154.21,0.3746,-1,-1,-1
140,37,-0.72,575.86,47.77,212.03,0.6252,-1,-1,-1
140,42,1698.63,552.15,46.65,115.86,0.5277,-1,-1,-1
140,46,489.88,526.87,28.97,73.61,0.4968,-1,-1,-1
140,55,1566.43,550.01,37.13,111.75,0.6625,-1,-1,-1
141,2,1847.42,678.16,71.99,310.47,0.6799,-1,-1,-1
141,37,-2.98,580.90,37.57,206.74,0.5907,-1,-1,-1
141,42,1699.86,551.62,44.02,116.41,0.4524,-1,-1,-1
141,46,484.97,527.98,27.32,73.90,0.5268,-1,-1,-1
141,55,1562.86,550.31,39.09,111.19,0.7275,-1,-1,-1
142,2,1854.18,698.34,65.40,294.44,0.6423,-1,-1,-1
142,42,1702.07,556.82,40.41,114.49,0.4370,-1,-1,-1
142,46,480.52,527.21,28.72,75.48,0.4995,-1,-1,-1
142,55,1559.71,552.51,41.23,107.16,0.6806,-1,-1,-1
142,56,399.85,530.97,26.37,64.36,0.3643,-1,-1,-1
143,2,1860.26,705.98,59.15,294.98,0.5927,-1,-1,-1
143,42,1698.92,562.63,41.21,109.11,0.3686,-1,-1,-1
143,46,476.37,527.24,32.14,73.47,0.5369,-1,-1,-1
143,55,1556.62,554.12,40.57,109.17,0.5899,-1,-1,-1
144,2,1865.84,713.82,54.28,255.05,0.4746,-1,-1,-1
144,42,1695.84,567.44,42.75,107.07,0.4585,-1,-1,-1
144,46,474.26,527.49,27.04,75.16,0.5946,-1,-1,-1
144,55,1554.29,556.55,37.27,109.25,0.7093,-1,-1,-1
145,42,1694.27,570.29,42.95,107.02,0.6018,-1,-1,-1
145,46,467.66,526.91,28.75,73.91,0.5255,-1,-1,-1
145,55,1548.63,557.40,37.42,107.61,0.6957,-1,-1,-1
146,42,1693.04,573.90,43.06,100.98,0.6214,-1,-1,-1
146,46,463.14,525.86,27.72,74.73,0.5848,-1,-1,-1
146,55,1544.76,555.56,39.16,110.98,0.6497,-1,-1,-1
146,59,379.59,529.58,26.26,64.24,0.4055,-1,-1,-1
147,42,1691.35,573.87,40.98,103.58,0.5343,-1,-1,-1
147,46,456.71,526.78,29.85,75.93,0.5244,-1,-1,-1
147,55,1540.31,557.23,39.68,109.37,0.6766,-1,-1,-1
147,59,372.25,531.29,28.24,65.30,0.3213,-1,-1,-1
148,42,1682.76,569.72,47.58,106.25,0.4709,-1,-1,-1
148,46,452.57,529.55,30.41,73.70,0.5903,-1,-1,-1
148,55,1530.05,554.42,47.28,113.71,0.6901,-1,-1,-1
148,59,362.36,528.95,28.91,66.94,0.3125,-1,-1,-1
149,42,1680.83,570.14,43.14,105.73,0.6105,-1,-1,-1
149,46,448.48,529.09,28.53,74.99,0.5575,-1,-1,-1
149,55,1517.36,554.30,56.97,113.89,0.6863,-1,-1,-1
149,59,358.53,529.43,30.73,68.05,0.3715,-1,-1,-1
150,42,1679.55,565.60,42.35,107.81,0.6682,-1,-1,-1
150,46,442.48,528.55,30.04,76.89,0.5841,-1,-1,-1
150,55,1510.88,559.98,60.94,107.79,0.7187,-1,-1,-1
150,59,356.61,530.65,27.47,68.13,0.4075,-1,-1,-1
151,42,1675.88,567.13,43.05,107.90,0.5866,-1,-1,-1
151,46,435.14,526.78,30.57,78.41,0.5415,-1,-1,-1
151,55,1511.14,560.14,56.97,108.68,0.7009,-1,-1,-1
151,59,349.56,533.47,28.57,68.17,0.3415,-1,-1,-1
152,42,1672.69,566.81,43.24,105.40,0.5131,-1,-1,-1
152,46,428.62,530.22,31.22,76.61,0.5592,-1,-1,-1
152,55,1509.16,557.64,53.95,111.02,0.6990,-1,-1,-1
153,42,1674.61,565.50,37.32,95.29,0.4089,-1,-1,-1
153,46,424.91,530.91,27.83,74.77,0.5252,-1,-1,-1
153,55,1502.66,557.01,57.33,110.01,0.6614,-1,-1,-1
153,59,336.61,536.36,30.02,66.03,0.3114,-1,-1,-1
154,46,416.88,532.51,30.48,77.13,0.5157,-1,-1,-1
154,55,1498.57,552.12,50.87,114.37,0.6689,-1,-1,-1
155,46,410.93,529.53,29.36,80.08,0.5748,-1,-1,-1
155,55,1492.06,552.23,48.71,113.04,0.6495,-1,-1,-1
156,46,402.96,533.41,31.26,78.59,0.5339,-1,-1,-1
156,55,1488.69,550.30,44.64,116.14,0.6682,-1,-1,-1
157,46,397.90,535.25,30.02,77.32,0.5838,-1,-1,-1
157,55,1480.98,551.64,44.68,113.05,0.6720,-1,-1,-1
157,59,307.60,538.43,26.56,68.87,0.3183,-1,-1,-1
157,62,1301.94,521.27,30.00,72.30,0.3436,-1,-1,-1
157,63,1440.19,533.53,22.89,88.61,0.5085,-1,-1,-1
158,46,393.42,536.05,28.39,78.87,0.5319,-1,-1,-1
158,55,1473.70,547.58,45.47,116.76,0.7304,-1,-1,-1
158,59,304.35,540.76,26.61,69.33,0.3131,-1,-1,-1
158,62,1296.91,520.81,31.03,73.95,0.3213,-1,-1,-1
158,63,1436.76,533.64,22.17,88.69,0.4271,-1,-1,-1
159,46,387.62,537.44,28.21,78.08,0.5667,-1,-1,-1
159,55,1470.30,546.32,43.60,118.54,0.7112,-1,-1,-1
160,46,379.65,538.53,31.24,79.71,0.5007,-1,-1,-1
160,55,1466.38,545.73,42.69,119.22,0.6753,-1,-1,-1
161,46,376.45,538.41,29.96,79.21,0.4978,-1,-1,-1
161,55,1461.35,547.36,43.77,117.31,0.6508,-1,-1,-1
162,46,371.08,539.95,31.92,78.00,0.5280,-1,-1,-1
162,55,1457.28,550.06,44.75,111.50,0.6770,-1,-1,-1
163,46,364.72,540.64,31.44,79.93,0.4652,-1,-1,-1
163,55,1450.78,550.27,47.62,113.18,0.6457,-1,-1,-1
164,46,360.62,540.43,32.57,80.08,0.5371,-1,-1,-1
164,55,1446.74,548.42,47.48,114.46,0.6249,-1,-1,-1
165,46,354.52,541.52,31.91,80.59,0.5057,-1,-1,-1
165,55,1438.16,547.73,51.88,116.09,0.6663,-1,-1,-1
166,46,350.90,543.61,28.90,79.07,0.5511,-1,-1,-1
166,55,1433.85,548.59,50.23,115.45,0.6798,-1,-1,-1
167,46,344.51,543.47,31.40,78.49,0.6244,-1,-1,-1
167,55,1432.83,543.77,45.02,117.78,0.6658,-1,-1,-1
168,46,338.28,543.32,33.96,79.52,0.5757,-1,-1,-1
168,55,1428.68,542.63,43.32,117.10,0.6641,-1,-1,-1
169,46,334.33,543.76,34.51,78.92,0.5617,-1,-1,-1
169,55,1425.30,544.39,41.74,117.42,0.6759,-1,-1,-1
170,46,330.59,543.04,31.05,78.86,0.5520,-1,-1,-1
170,55,1421.00,539.58,41.47,121.20,0.6740,-1,-1,-1
171,46,325.12,543.74,31.99,77.54,0.5632,-1,-1,-1
171,55,1414.55,539.15,44.94,124.17,0.5670,-1,-1,-1
172,46,320.48,541.26,31.26,78.16,0.5779,-1,-1,-1
172,55,1410.57,533.91,43.02,126.53,0.6204,-1,-1,-1
173,46,314.63,541.09,33.35,81.74,0.5737,-1,-1,-1
173,55,1405.49,531.75,44.13,129.08,0.5631,-1,-1,-1
174,46,310.85,543.37,34.91,78.89,0.6001,-1,-1,-1
174,55,1402.40,531.36,46.16,131.58,0.6384,-1,-1,-1
175,46,306.44,541.38,35.15,79.70,0.4848,-1,-1,-1
175,55,1391.49,532.87,55.79,131.21,0.6645,-1,-1,-1
176,46,301.50,541.66,33.77,80.87,0.5860,-1,-1,-1
176,55,1386.99,536.30,56.76,128.23,0.6767,-1,-1,-1
177,46,296.95,542.14,35.22,77.61,0.6517,-1,-1,-1
177,55,1385.02,534.56,56.24,130.21,0.7054,-1,-1,-1
178,46,293.44,541.85,33.68,81.66,0.6082,-1,-1,-1
178,55,1387.13,535.07,52.02,130.28,0.6719,-1,-1,-1
179,46,289.38,540.22,34.86,83.73,0.6119,-1,-1,-1
179,55,1387.47,536.71,48.76,128.62,0.6810,-1,-1,-1
180,46,284.10,543.93,36.45,81.54,0.5634,-1,-1,-1
180,55,1384.77,535.12,48.09,130.38,0.7040,-1,-1,-1
180,66,1608.04,543.40,38.49,128.50,0.4055,-1,-1,-1
181,46,281.08,542.80,35.35,83.51,0.5570,-1,-1,-1
181,55,1384.52,536.85,41.74,126.71,0.7124,-1,-1,-1
181,66,1598.80,544.90,51.90,128.11,0.3670,-1,-1,-1
182,46,274.77,543.58,35.11,83.41,0.5938,-1,-1,-1
182,55,1379.75,537.71,43.31,127.48,0.7275,-1,-1,-1
182,66,1604.76,546.00,45.19,127.36,0.4360,-1,-1,-1
183,46,272.60,544.24,33.19,85.16,0.6421,-1,-1,-1
183,55,1375.49,536.64,44.17,128.67,0.7399,-1,-1,-1
183,66,1608.72,550.15,41.84,124.14,0.4207,-1,-1,-1
184,46,266.84,546.80,34.66,84.05,0.6225,-1,-1,-1
184,55,1373.40,535.98,42.85,129.72,0.7634,-1,-1,-1
184,66,1609.71,544.43,40.67,129.16,0.4364,-1,-1,-1
185,46,262.45,547.78,35.18,83.12,0.5510,-1,-1,-1
185,55,1370.80,534.08,44.34,132.02,0.7475,-1,-1,-1
185,66,1608.29,542.96,41.51,131.86,0.4627,-1,-1,-1
186,46,259.40,546.99,35.46,84.84,0.5228,-1,-1,-1
186,55,1369.85,534.28,42.14,132.60,0.7192,-1,-1,-1
186,66,1606.28,545.14,44.53,128.40,0.3661,-1,-1,-1
187,46,254.88,548.40,34.61,85.90,0.5690,-1,-1,-1
187,55,1367.19,533.73,42.65,133.21,0.7051,-1,-1,-1
187,66,1596.21,542.70,53.72,132.05,0.3333,-1,-1,-1
188,46,249.94,549.91,34.90,86.34,0.5666,-1,-1,-1
188,55,1364.74,534.38,44.30,134.46,0.6752,-1,-1,-1
188,66,1594.14,547.55,58.23,130.33,0.4374,-1,-1,-1
189,46,246.92,550.02,34.36,89.90,0.5181,-1,-1,-1
189,55,1358.11,532.19,50.22,138.19,0.6417,-1,-1,-1
189,66,1595.46,544.85,58.36,132.96,0.4622,-1,-1,-1
190,46,241.62,549.35,37.05,90.72,0.5532,-1,-1,-1
190,55,1356.17,534.33,51.21,135.18,0.6758,-1,-1,-1
190,66,1594.91,540.23,60.30,136.47,0.5133,-1,-1,-1
191,46,238.17,553.87,36.73,87.52,0.5020,-1,-1,-1
191,55,1353.78,535.00,52.30,134.64,0.6663,-1,-1,-1
191,66,1596.40,539.22,62.68,137.25,0.5088,-1,-1,-1
192,46,234.10,552.70,38.51,87.70,0.5345,-1,-1,-1
192,55,1351.88,542.24,51.36,127.20,0.6262,-1,-1,-1
192,66,1606.28,540.41,50.71,134.24,0.4879,-1,-1,-1
193,46,228.11,556.40,38.52,85.99,0.6065,-1,-1,-1
193,55,1350.07,540.83,51.53,129.96,0.6603,-1,-1,-1
193,66,1603.56,538.96,56.11,135.82,0.5483,-1,-1,-1
194,46,226.37,559.81,34.75,85.00,0.5888,-1,-1,-1
194,55,1348.46,542.02,48.95,128.12,0.6725,-1,-1,-1
194,66,1607.25,550.47,55.46,125.61,0.5190,-1,-1,-1
195,46,222.35,559.76,34.24,84.23,0.5122,-1,-1,-1
195,55,1346.27,541.15,48.66,130.11,0.6875,-1,-1,-1
195,66,1603.44,547.87,60.00,127.59,0.5450,-1,-1,-1
196,46,219.02,561.16,35.07,86.69,0.4654,-1,-1,-1
196,55,1346.49,542.13,46.10,131.34,0.6782,-1,-1,-1
196,66,1608.32,548.25,56.68,127.18,0.5421,-1,-1,-1
197,46,213.72,561.71,36.04,86.46,0.4672,-1,-1,-1
197,55,1346.09,540.96,44.60,132.19,0.6293,-1,-1,-1
197,66,1612.43,549.23,52.12,125.33,0.4579,-1,-1,-1
198,46,211.98,562.35,33.88,85.63,0.5394,-1,-1,-1
198,55,1345.60,542.66,43.09,127.86,0.4941,-1,-1,-1
198,66,1619.49,552.05,46.57,122.27,0.5008,-1,-1,-1
199,46,206.79,562.46,35.14,86.85,0.5186,-1,-1,-1
199,55,1344.29,543.52,43.85,126.07,0.6218,-1,-1,-1
199,66,1621.83,553.93,44.38,120.65,0.5727,-1,-1,-1
200,46,202.45,563.71,37.89,88.88,0.4726,-1,-1,-1
200,55,1342.59,545.52,45.23,126.57,0.6267,-1,-1,-1
200,66,1620.68,555.79,45.83,119.78,0.5277,-1,-1,-1
201,46,200.67,563.65,34.18,89.35,0.4735,-1,-1,-1
201,55,1341.59,548.92,45.07,123.25,0.6503,-1,-1,-1
201,66,1618.53,553.29,51.43,122.67,0.6185,-1,-1,-1
202,46,193.74,563.02,37.68,92.36,0.6059,-1,-1,-1
202,55,1339.34,548.45,45.88,124.76,0.6763,-1,-1,-1
202,66,1621.13,553.17,51.40,123.76,0.6072,-1,-1,-1
203,46,189.18,563.76,41.24,92.36,0.5574,-1,-1,-1
203,55,1336.89,552.09,48.41,119.68,0.7051,-1,-1,-1
203,66,1625.04,553.70,49.02,124.78,0.5664,-1,-1,-1
204,46,187.65,565.74,39.35,91.51,0.5613,-1,-1,-1
204,55,1336.50,550.83,47.94,121.68,0.7168,-1,-1,-1
204,66,1632.08,552.33,46.37,123.19,0.6135,-1,-1,-1
204,70,122.82,489.24,50.77,124.16,0.3934,-1,-1,-1
205,46,182.29,566.91,37.66,90.78,0.5739,-1,-1,-1
205,55,1335.66,546.06,47.38,126.37,0.7263,-1,-1,-1
205,66,1631.39,555.03,47.41,120.05,0.6115,-1,-1,-1
206,46,177.62,567.78,39.98,90.38,0.5752,-1,-1,-1
206,55,1335.75,547.52,47.08,125.67,0.7371,-1,-1,-1
206,66,1626.05,555.18,54.86,122.78,0.5101,-1,-1,-1
206,70,112.27,488.87,59.36,160.16,0.3010,-1,-1,-1
207,46,172.89,570.63,39.08,92.41,0.5725,-1,-1,-1
207,55,1334.32,549.12,46.92,126.96,0.7599,-1,-1,-1
207,66,1626.41,557.22,57.13,122.80,0.4882,-1,-1,-1
208,46,168.69,570.35,38.75,92.38,0.5600,-1,-1,-1
208,55,1332.76,546.79,49.43,129.88,0.7474,-1,-1,-1
208,66,1647.90,556.59,39.72,122.11,0.4171,-1,-1,-1
209,46,165.61,568.98,39.09,93.08,0.5244,-1,-1,-1
209,55,1331.33,543.98,49.60,133.53,0.7468,-1,-1,-1
209,66,1647.30,558.65,42.53,123.48,0.6142,-1,-1,-1
210,46,163.10,570.69,37.12,93.35,0.4564,-1,-1,-1
210,55,1330.51,541.96,48.73,135.15,0.7449,-1,-1,-1
210,66,1647.15,560.10,46.39,123.70,0.5731,-1,-1,-1
211,46,158.64,570.52,42.29,95.27,0.5727,-1,-1,-1
211,55,1330.14,545.40,47.17,133.15,0.7634,-1,-1,-1
211,66,1654.79,567.43,43.15,118.67,0.5296,-1,-1,-1
212,46,156.05,570.37,40.57,95.39,0.6044,-1,-1,-1
212,55,1328.20,547.00,49.26,131.42,0.7383,-1,-1,-1
212,66,1658.49,558.10,46.85,128.16,0.5281,-1,-1,-1
213,46,153.72,571.82,40.62,95.03,0.5522,-1,-1,-1
213,55,1329.17,548.95,49.22,131.16,0.7345,-1,-1,-1
213,66,1646.91,561.16,63.48,129.36,0.4816,-1,-1,-1
214,46,151.08,574.20,40.93,94.15,0.5941,-1,-1,-1
214,55,1330.76,547.18,49.11,133.94,0.6757,-1,-1,-1
214,66,1653.55,559.61,61.11,128.33,0.5132,-1,-1,-1
214,74,15.24,576.81,24.99,87.59,0.3227,-1,-1,-1
215,46,149.62,571.46,39.61,95.00,0.5917,-1,-1,-1
215,55,1330.45,548.26,49.69,135.25,0.6778,-1,-1,-1
215,66,1672.59,558.91,46.21,129.87,0.5428,-1,-1,-1
216,46,147.58,574.01,36.36,92.54,0.4253,-1,-1,-1
216,55,1332.84,551.30,48.07,134.84,0.6689,-1,-1,-1
216,66,1677.28,563.96,44.89,125.02,0.6051,-1,-1,-1
217,46,143.15,573.05,36.09,95.17,0.4762,-1,-1,-1
217,55,1333.19,550.72,48.68,135.54,0.7014,-1,-1,-1
217,66,1681.63,561.19,45.05,124.22,0.4835,-1,-1,-1
217,74,2.66,576.36,21.12,86.18,0.3518,-1,-1,-1
218,46,140.02,573.37,37.96,94.21,0.4896,-1,-1,-1
218,55,1335.97,549.07,47.11,135.34,0.7457,-1,-1,-1
218,66,1673.46,562.21,66.31,127.76,0.4890,-1,-1,-1
218,74,-0.05,578.23,19.96,84.01,0.4196,-1,-1,-1
219,46,140.34,572.73,38.79,94.96,0.4862,-1,-1,-1
219,55,1337.52,550.32,46.97,136.40,0.7612,-1,-1,-1
219,66,1694.92,561.15,47.57,126.00,0.5400,-1,-1,-1
219,74,-0.78,579.36,17.94,84.43,0.3336,-1,-1,-1
219,76,23.75,581.38,34.88,84.63,0.4327,-1,-1,-1
220,46,138.39,575.84,38.35,95.17,0.4596,-1,-1,-1
220,55,1339.50,548.68,48.40,139.07,0.7627,-1,-1,-1
220,66,1696.75,564.21,50.51,124.36,0.5392,-1,-1,-1
220,76,16.49,579.49,39.07,91.67,0.5612,-1,-1,-1
221,46,133.45,573.96,39.72,97.03,0.4649,-1,-1,-1
221,55,1342.89,547.63,47.49,142.03,0.7531,-1,-1,-1
221,66,1705.74,566.68,44.50,122.59,0.5218,-1,-1,-1
221,76,12.20,580.14,40.85,87.63,0.5348,-1,-1,-1
222,46,130.37,573.55,40.12,98.91,0.4811,-1,-1,-1
222,55,1346.63,545.32,44.55,139.34,0.7572,-1,-1,-1
222,66,1697.63,559.65,66.35,128.13,0.5033,-1,-1,-1
222,76,11.56,580.03,39.18,89.23,0.5541,-1,-1,-1
223,46,129.24,574.05,39.30,98.12,0.5022,-1,-1,-1
223,55,1347.12,546.79,47.11,139.61,0.7557,-1,-1,-1
223,66,1720.03,563.38,46.37,125.94,0.5337,-1,-1,-1
223,76,10.50,579.41,37.20,89.54,0.4608,-1,-1,-1
224,46,128.96,577.92,41.15,96.66,0.4719,-1,-1,-1
224,55,1348.88,543.67,47.55,141.48,0.7570,-1,-1,-1
224,66,1722.15,560.82,48.92,125.98,0.4782,-1,-1,-1
225,46,127.70,577.73,40.28,97.12,0.4994,-1,-1,-1
225,55,1350.87,545.78,48.60,138.01,0.7485,-1,-1,-1
225,66,1729.49,554.07,55.63,130.08,0.5429,-1,-1,-1
226,46,126.05,586.30,42.99,93.59,0.4238,-1,-1,-1
226,55,1352.53,547.43,47.95,136.81,0.7008,-1,-1,-1
226,66,1730.53,557.61,60.69,126.14,0.5111,-1,-1,-1
226,76,1.84,598.71,34.41,81.62,0.3552,-1,-1,-1
226,77,969.81,524.66,32.05,72.72,0.3451,-1,-1,-1
227,46,121.57,585.00,40.02,95.60,0.3098,-1,-1,-1
227,55,1354.37,547.25,49.30,139.84,0.7483,-1,-1,-1
227,66,1746.35,558.86,48.75,126.13,0.5236,-1,-1,-1
227,76,0.66,595.10,31.73,83.86,0.3347,-1,-1,-1
228,46,118.60,586.50,37.52,96.13,0.3373,-1,-1,-1
228,55,1356.66,549.14,48.12,142.36,0.7463,-1,-1,-1
228,66,1751.71,553.44,54.03,129.34,0.5434,-1,-1,-1
228,76,-0.58,590.11,31.03,90.15,0.3095,-1,-1,-1
229,46,117.18,586.18,36.40,96.49,0.4067,-1,-1,-1
229,55,1358.41,547.89,48.36,140.96,0.7454,-1,-1,-1
229,66,1751.64,558.39,61.27,127.93,0.5028,-1,-1,-1
230,46,117.26,586.81,33.71,97.32,0.3009,-1,-1,-1
230,55,1362.50,549.81,48.34,140.28,0.7491,-1,-1,-1
230,66,1766.17,555.39,53.05,127.15,0.5397,-1,-1,-1
231,46,116.09,588.13,35.82,97.29,0.3338,-1,-1,-1
231,55,1363.19,552.55,49.99,137.69,0.7345,-1,-1,-1
231,66,1775.79,553.34,56.08,131.09,0.5590,-1,-1,-1
232,55,1366.76,552.99,48.02,138.35,0.7349,-1,-1,-1
232,66,1776.46,553.86,64.75,131.63,0.5180,-1,-1,-1
233,55,1368.24,551.10,48.87,141.78,0.7661,-1,-1,-1
233,66,1791.82,558.08,57.20,128.09,0.5370,-1,-1,-1
234,46,108.61,590.25,40.09,97.00,0.3436,-1,-1,-1
234,55,1370.61,553.43,48.49,137.80,0.7041,-1,-1,-1
234,66,1791.57,560.42,66.35,128.74,0.4532,-1,-1,-1
234,80,33.59,494.97,51.07,143.23,0.3347,-1,-1,-1
235,55,1374.95,554.07,48.83,136.20,0.6636,-1,-1,-1
235,66,1810.27,559.38,56.01,128.88,0.4599,-1,-1,-1
236,55,1377.68,552.40,52.43,136.69,0.7028,-1,-1,-1
236,66,1825.65,550.99,55.42,125.16,0.5267,-1,-1,-1
236,80,29.07,488.00,51.24,149.32,0.3498,-1,-1,-1
237,46,105.36,582.08,39.04,103.75,0.3074,-1,-1,-1
237,55,1379.84,551.38,54.93,137.40,0.6999,-1,-1,-1
237,66,1835.53,547.76,57.54,126.40,0.5034,-1,-1,-1
238,46,105.07,582.32,41.92,104.43,0.3777,-1,-1,-1
238,55,1384.43,553.23,49.97,136.58,0.7134,-1,-1,-1
238,66,1846.11,546.61,57.17,137.15,0.5070,-1,-1,-1
239,46,104.72,578.25,45.31,105.43,0.3826,-1,-1,-1
239,55,1386.17,553.53,51.00,137.37,0.6842,-1,-1,-1
239,66,1847.58,545.01,65.10,141.35,0.4651,-1,-1,-1
240,46,104.11,577.77,44.87,105.88,0.3988,-1,-1,-1
240,55,1390.74,549.25,49.65,143.07,0.7217,-1,-1,-1
240,66,1864.78,542.19,55.09,133.27,0.4512,-1,-1,-1
241,46,103.79,576.10,42.55,107.87,0.4285,-1,-1,-1
241,55,1396.42,547.17,48.03,146.02,0.7552,-1,-1,-1
241,66,1870.14,547.63,49.17,136.77,0.4767,-1,-1,-1
242,46,104.34,578.50,43.71,106.53,0.4135,-1,-1,-1
242,55,1401.07,548.10,48.72,146.25,0.6746,-1,-1,-1
243,46,104.48,576.32,46.22,108.49,0.4093,-1,-1,-1
243,55,1405.15,551.18,47.80,142.14,0.6901,-1,-1,-1
244,46,104.29,576.51,43.52,108.10,0.3628,-1,-1,-1
244,55,1410.44,555.51,48.22,138.16,0.7140,-1,-1,-1
245,46,105.49,577.72,43.20,109.26,0.3807,-1,-1,-1
245,55,1417.34,556.07,45.99,138.82,0.7655,-1,-1,-1
246,46,105.51,577.19,40.78,109.89,0.3632,-1,-1,-1
246,55,1422.90,554.07,46.69,141.56,0.7619,-1,-1,-1
247,46,104.73,580.22,41.55,109.82,0.4197,-1,-1,-1
247,55,1427.48,555.96,47.07,141.24,0.7415,-1,-1,-1
247,83,1318.23,581.59,45.82,135.02,0.4750,-1,-1,-1
248,46,105.26,581.91,40.19,108.62,0.3854,-1,-1,-1
248,55,1434.34,556.47,47.35,141.83,0.7561,-1,-1,-1
248,80,25.48,486.34,46.94,154.35,0.3225,-1,-1,-1
248,83,1328.26,583.03,47.85,132.05,0.3796,-1,-1,-1
249,46,105.39,584.65,43.21,109.12,0.4063,-1,-1,-1
249,55,1440.39,553.67,46.44,146.33,0.7948,-1,-1,-1
249,83,1334.20,581.64,48.91,132.72,0.3824,-1,-1,-1
250,46,105.86,586.08,44.01,108.12,0.4542,-1,-1,-1
250,55,1446.94,547.23,47.95,150.38,0.7218,-1,-1,-1
250,83,1339.56,580.88,47.49,131.08,0.3014,-1,-1,-1
251,46,107.21,587.24,42.10,108.29,0.3931,-1,-1,-1
251,55,1455.70,543.37,42.71,158.49,0.7527,-1,-1,-1
252,46,111.15,588.22,36.48,104.53,0.3095,-1,-1,-1
252,55,1460.87,548.95,45.48,150.24,0.7404,-1,-1,-1
253,46,116.46,591.44,38.88,105.23,0.4483,-1,-1,-1
253,55,1468.63,539.80,45.07,157.96,0.7455,-1,-1,-1
254,46,119.20,591.31,38.70,105.92,0.4651,-1,-1,-1
254,55,1472.73,538.71,46.82,158.53,0.7033,-1,-1,-1
255,46,119.59,593.82,41.27,108.13,0.3868,-1,-1,-1
255,55,1481.11,534.89,44.54,156.08,0.7114,-1,-1,-1
255,80,28.93,510.07,51.57,142.38,0.3140,-1,-1,-1
256,46,123.84,593.37,40.92,111.49,0.4109,-1,-1,-1
256,55,1489.01,539.54,47.04,155.53,0.7257,-1,-1,-1
257,46,128.21,595.30,47.43,109.92,0.3283,-1,-1,-1
257,55,1498.07,538.40,44.56,152.68,0.7083,-1,-1,-1
258,46,131.80,596.36,44.99,109.61,0.3460,-1,-1,-1
258,55,1506.02,546.70,46.31,149.79,0.6423,-1,-1,-1
258,80,35.95,504.89,53.08,153.98,0.3020,-1,-1,-1
258,85,6.13,609.67,23.16,95.65,0.4494,-1,-1,-1
259,46,132.23,594.59,42.71,111.25,0.3772,-1,-1,-1
259,55,1511.89,552.34,51.49,143.93,0.5939,-1,-1,-1
259,80,38.49,507.54,53.16,148.44,0.4241,-1,-1,-1
259,85,6.95,610.31,26.36,94.96,0.4729,-1,-1,-1
260,46,132.33,599.82,42.21,109.09,0.3197,-1,-1,-1
260,55,1509.50,551.34,66.33,147.37,0.6694,-1,-1,-1
260,85,7.05,611.95,29.92,94.28,0.4129,-1,-1,-1
261,46,135.89,601.55,42.14,107.61,0.3941,-1,-1,-1
261,55,1520.17,554.58,66.02,144.95,0.5765,-1,-1,-1
261,85,5.51,611.94,31.26,96.55,0.5006,-1,-1,-1
262,46,141.00,600.89,35.68,107.91,0.4578,-1,-1,-1
262,55,1518.68,564.49,79.56,134.05,0.4398,-1,-1,-1
262,85,5.73,610.41,28.84,97.24,0.4984,-1,-1,-1
262,86,978.76,510.30,26.35,85.45,0.3380,-1,-1,-1
263,46,142.00,602.11,39.77,106.61,0.3133,-1,-1,-1
263,85,4.42,612.51,33.05,94.95,0.4663,-1,-1,-1
263,86,981.26,517.73,29.39,80.79,0.3426,-1,-1,-1
264,80,52.35,515.06,47.97,142.56,0.3370,-1,-1,-1
264,85,3.91,611.97,33.26,96.55,0.5156,-1,-1,-1
264,86,984.47,520.00,27.14,77.59,0.3074,-1,-1,-1
265,46,147.58,599.70,45.55,109.68,0.3717,-1,-1,-1
265,85,4.32,614.82,33.74,93.01,0.4631,-1,-1,-1
265,86,989.83,513.21,29.70,83.99,0.4172,-1,-1,-1
266,55,1575.84,575.22,63.12,135.96,0.4049,-1,-1,-1
266,85,3.39,613.50,38.58,94.01,0.4623,-1,-1,-1
266,86,996.51,512.72,29.14,84.87,0.4399,-1,-1,-1
267,46,151.50,599.49,44.20,112.01,0.4010,-1,-1,-1
267,85,2.86,613.14,42.23,94.84,0.4943,-1,-1,-1
267,86,1003.02,517.68,26.88,80.35,0.3558,-1,-1,-1
268,85,5.42,612.17,41.79,99.17,0.4669,-1,-1,-1
268,86,1007.89,517.16,28.76,82.05,0.3297,-1,-1,-1
268,89,1049.04,511.19,37.47,99.17,0.4425,-1,-1,-1
269,46,154.41,598.65,43.74,113.38,0.3899,-1,-1,-1
269,85,6.39,610.21,44.77,100.20,0.4942,-1,-1,-1
269,86,1023.95,512.01,24.82,89.62,0.3662,-1,-1,-1
269,89,1057.88,506.51,41.70,99.83,0.4786,-1,-1,-1
270,46,157.48,594.51,42.62,114.09,0.3389,-1,-1,-1
270,85,8.62,608.87,46.47,98.85,0.4642,-1,-1,-1
270,86,1022.58,509.02,27.53,88.25,0.3831,-1,-1,-1
270,89,1064.34,504.60,37.90,96.11,0.4245,-1,-1,-1
271,46,162.34,595.05,42.07,111.91,0.4304,-1,-1,-1
271,85,13.61,609.82,42.02,96.31,0.5401,-1,-1,-1
271,86,1025.16,510.71,28.31,86.63,0.3106,-1,-1,-1
271,89,1068.74,506.36,37.22,96.71,0.4254,-1,-1,-1
271,91,1585.18,592.27,53.95,187.61,0.4663,-1,-1,-1
272,85,14.36,604.56,43.01,99.99,0.5138,-1,-1,-1
272,86,1031.83,515.60,27.43,80.10,0.3015,-1,-1,-1
272,89,1074.26,509.55,36.08,97.47,0.3737,-1,-1,-1
273,46,168.25,591.25,47.57,115.55,0.3818,-1,-1,-1
273,85,15.82,606.25,44.62,100.45,0.5929,-1,-1,-1
273,89,1079.11,507.78,43.89,99.63,0.3637,-1,-1,-1
274,85,17.31,600.40,43.11,102.72,0.4455,-1,-1,-1
274,86,1055.79,506.60,22.28,89.85,0.3397,-1,-1,-1
274,89,1088.95,506.25,40.50,94.91,0.4813,-1,-1,-1
274,91,1625.18,591.24,69.57,212.41,0.3254,-1,-1,-1
274,92,1063.75,506.18,23.12,91.20,0.3772,-1,-1,-1
275,85,17.18,597.26,47.51,107.37,0.6144,-1,-1,-1
275,86,1048.98,510.79,29.74,87.21,0.3625,-1,-1,-1
275,89,1094.53,507.55,35.17,96.13,0.3927,-1,-1,-1
275,91,1638.99,581.48,84.74,224.46,0.4295,-1,-1,-1
276,46,175.13,590.13,45.39,116.92,0.4254,-1,-1,-1
276,85,18.97,600.63,47.57,104.56,0.6279,-1,-1,-1
276,89,1100.21,506.57,34.45,96.79,0.3072,-1,-1,-1
276,91,1655.99,581.10,75.72,234.72,0.6511,-1,-1,-1
277,46,177.68,590.39,44.14,117.39,0.3450,-1,-1,-1
277,85,21.48,598.77,47.03,107.06,0.6056,-1,-1,-1
277,86,1056.94,503.94,34.19,92.63,0.3837,-1,-1,-1
277,89,1101.66,503.09,38.92,99.21,0.3152,-1,-1,-1
277,91,1669.21,591.86,79.87,228.71,0.5055,-1,-1,-1
278,46,176.55,591.03,46.79,118.65,0.3741,-1,-1,-1
278,85,22.44,598.06,47.46,109.17,0.5956,-1,-1,-1
278,86,1061.82,505.87,31.10,91.68,0.3818,-1,-1,-1
278,89,1109.91,506.45,42.47,96.48,0.3398,-1,-1,-1
278,91,1682.07,597.08,84.25,228.33,0.4514,-1,-1,-1
278,93,1175.07,515.68,29.56,96.59,0.3973,-1,-1,-1
279,46,179.08,591.61,46.60,118.60,0.4374,-1,-1,-1
279,85,25.12,598.55,48.19,109.71,0.6058,-1,-1,-1
279,86,1070.83,510.10,31.45,89.91,0.4359,-1,-1,-1
279,89,1116.59,520.37,35.26,83.31,0.3125,-1,-1,-1
279,91,1694.64,595.01,88.25,234.93,0.5978,-1,-1,-1
280,46,181.48,600.01,44.85,112.62,0.4650,-1,-1,-1
280,85,26.56,600.19,48.30,111.63,0.6286,-1,-1,-1
280,91,1704.58,553.92,75.95,186.82,0.4081,-1,-1,-1
280,95,1152.00,525.32,22.51,77.58,0.3167,-1,-1,-1
281,46,185.43,599.56,44.76,114.87,0.4178,-1,-1,-1
281,85,26.49,602.02,50.71,112.57,0.6286,-1,-1,-1
281,89,1124.35,505.84,39.20,96.89,0.3443,-1,-1,-1
281,91,1723.49,610.82,104.68,228.85,0.5484,-1,-1,-1
281,93,1195.58,517.89,32.42,93.47,0.3336,-1,-1,-1
282,46,187.15,598.21,48.17,117.02,0.4728,-1,-1,-1
282,85,29.04,605.04,48.94,110.40,0.6182,-1,-1,-1
282,91,1732.24,610.91,119.50,236.31,0.6271,-1,-1,-1
282,93,1198.10,517.59,32.56,93.77,0.3289,-1,-1,-1
282,97,1235.17,547.40,41.66,115.57,0.3403,-1,-1,-1
282,98,1742.12,552.82,44.22,93.83,0.3115,-1,-1,-1
283,46,188.74,599.71,52.05,118.03,0.4684,-1,-1,-1
283,55,1748.85,549.87,53.01,178.43,0.4922,-1,-1,-1
283,85,31.53,610.22,47.93,107.96,0.6025,-1,-1,-1
283,91,1784.01,607.96,90.96,242.35,0.6215,-1,-1,-1
284,46,192.34,601.42,48.18,117.94,0.3813,-1,-1,-1
284,55,1753.10,550.12,58.00,183.54,0.6228,-1,-1,-1
284,85,33.46,610.26,47.70,109.65,0.6394,-1,-1,-1
284,91,1800.39,608.91,100.20,245.50,0.7479,-1,-1,-1
284,99,1293.63,534.27,42.89,122.12,0.3889,-1,-1,-1
285,46,194.70,601.07,51.25,119.91,0.4395,-1,-1,-1
285,55,1766.52,550.21,60.50,183.15,0.6448,-1,-1,-1
285,85,35.82,612.01,46.58,110.11,0.6388,-1,-1,-1
285,91,1826.31,612.47,91.09,246.37,0.8108,-1,-1,-1
285,99,1299.40,537.00,49.50,117.87,0.4237,-1,-1,-1
286,46,196.96,601.28,51.93,121.57,0.4208,-1,-1,-1
286,55,1778.84,546.43,62.15,189.62,0.7142,-1,-1,-1
286,85,36.20,612.86,47.80,111.84,0.6464,-1,-1,-1
286,91,1844.25,610.31,75.18,252.40,0.7455,-1,-1,-1
286,99,1312.75,535.67,42.22,117.95,0.3429,-1,-1,-1
287,46,199.41,606.51,51.52,120.23,0.4334,-1,-1,-1
287,55,1796.73,548.47,61.31,191.32,0.7020,-1,-1,-1
287,85,37.42,613.48,49.55,112.49,0.6323,-1,-1,-1
287,91,1865.38,615.54,53.96,251.53,0.7013,-1,-1,-1
288,46,200.81,605.15,45.38,122.29,0.4925,-1,-1,-1
288,55,1804.82,547.86,69.87,194.68,0.6716,-1,-1,-1
288,85,38.63,614.63,51.43,112.04,0.6126,-1,-1,-1
288,91,1887.67,650.28,32.08,219.01,0.5868,-1,-1,-1
289,46,201.99,607.07,40.84,120.40,0.3893,-1,-1,-1
289,55,1820.55,543.87,65.46,197.90,0.7279,-1,-1,-1
289,85,40.03,614.62,50.94,113.90,0.5697,-1,-1,-1
290,46,203.83,605.44,46.94,122.97,0.4323,-1,-1,-1
290,55,1833.71,543.84,73.09,199.06,0.7608,-1,-1,-1
290,85,41.94,612.25,52.45,116.35,0.6098,-1,-1,-1
291,55,1849.53,537.63,60.12,204.41,0.7573,-1,-1,-1
291,85,44.43,613.59,54.61,118.66,0.6152,-1,-1,-1
292,46,210.79,608.48,55.46,123.90,0.3703,-1,-1,-1
292,55,1861.19,541.39,58.18,205.05,0.7129,-1,-1,-1
292,85,45.34,612.25,53.83,121.91,0.6634,-1,-1,-1
292,102,1362.03,536.48,34.68,119.26,0.3813,-1,-1,-1
292,103,1208.60,519.22,48.11,80.45,0.3507,-1,-1,-1
293,46,216.88,611.81,49.73,123.61,0.4317,-1,-1,-1
293,55,1877.44,540.50,42.07,207.90,0.6244,-1,-1,-1
293,85,47.86,615.45,53.23,122.86,0.6508,-1,-1,-1
294,46,216.86,611.48,49.34,124.04,0.4650,-1,-1,-1
294,85,47.92,619.53,54.05,120.18,0.6003,-1,-1,-1
295,46,214.35,614.24,42.89,122.78,0.4390,-1,-1,-1
295,85,47.15,620.74,56.51,118.81,0.6144,-1,-1,-1
296,46,214.53,613.75,46.67,124.69,0.4413,-1,-1,-1
296,85,47.63,620.77,57.62,118.72,0.5635,-1,-1,-1
296,104,1378.64,549.54,39.35,115.37,0.4555,-1,-1,-1
297,46,222.47,614.97,44.97,124.39,0.3719,-1,-1,-1
297,85,48.39,621.56,57.69,120.20,0.6090,-1,-1,-1
297,104,1381.39,556.37,40.36,108.01,0.4537,-1,-1,-1
297,105,1347.03,540.66,39.01,130.10,0.3569,-1,-1,-1
298,46,224.62,611.70,47.07,127.00,0.4184,-1,-1,-1
298,85,48.57,621.39,57.19,120.13,0.6082,-1,-1,-1
298,104,1389.23,545.36,41.77,119.14,0.4214,-1,-1,-1
298,105,1350.89,533.27,43.82,138.25,0.4125,-1,-1,-1
299,46,226.54,615.60,45.83,124.22,0.4652,-1,-1,-1
299,85,48.92,622.69,57.03,119.11,0.6155,-1,-1,-1
299,104,1396.30,563.59,43.01,109.50,0.3227,-1,-1,-1
299,105,1352.94,533.30,51.57,148.41,0.3324,-1,-1,-1
300,46,228.47,614.83,49.09,125.72,0.4987,-1,-1,-1
300,85,48.69,620.09,57.83,123.44,0.5867,-1,-1,-1
300,104,1399.24,553.57,50.21,120.49,0.3037,-1,-1,-1
300,105,1350.11,527.93,49.80,111.26,0.3096,-1,-1,-1
300,106,1271.26,526.31,27.23,85.15,0.3020,-1,-1,-1
